7.862557107639118 0.20920046084315733 1.599778131425688 -26.683110104652272
7.801478254145474 0.21143333850132284 1.5983706041360843 -26.679284609838156
7.740375678581026 0.21129186318290666 1.596986334631489 -26.677832345854448
7.679278929811385 0.2089679955127346 1.5958025252484704 -26.678547475398666
7.618209348444824 0.20672483774171596 1.5950363014312954 -26.679158519885384
7.557173238658899 0.20452521055903325 1.5947471533822595 -26.679701018826847
7.4961713456643535 0.20250343473318452 1.5949592425399444 -26.680041504776383
7.435199605960289 0.19998373914325113 1.595690112062858 -26.68085899833727
7.374248143412065 0.196642677680634 1.5969729694587178 -26.68248376359969
7.313300404314021 0.1940592718293337 1.5988318228574174 -26.683347018056857
7.252333237306235 0.19322848994445524 1.6012073860432485 -26.68246558752076
7.191322488680587 0.19326367244685302 1.604025739724496 -26.6807362275732
7.130251616648599 0.19226541178872597 1.6072649452131482 -26.68006144324844
7.069109519637196 0.19006521797763654 1.6108474753041548 -26.680604325051327
7.007888263751135 0.18666822791045784 1.6147047464359414 -26.682347481879262
6.946577344151888 0.18147765963473123 1.6188239585412143 -26.685874021032618
6.88516197588847 0.17516968229225915 1.623161622051116 -26.69049276619885
6.823623196062069 0.16834666133741663 1.6276819881289797 -26.695587164994365
6.761938619911286 0.16143701036123928 1.6323485840883285 -26.700715802213047
6.700084738946535 0.15465237337162593 1.6371313065111226 -26.705654473240777
6.6380392316025345 0.1479094699139239 1.6420152006695938 -26.710473124971273
6.575781986543131 0.14153563828714022 1.6469714447702208 -26.7148309000056
6.51329631576908 0.1358137611255039 1.6519729054698364 -26.718432831650134
6.450569697616991 0.13190899394789724 1.6569143132631718 -26.72010814723326
6.387596763093841 0.1303977029934735 1.6616914362181399 -26.719280410207723
6.324378337209138 0.1284420248191128 1.6663898111285613 -26.718774577668142
6.260900071301884 0.12623911061288753 1.6709580983816499 -26.71840826171985
6.197143319184276 0.12361517033166744 1.6753896674071762 -26.71838255139283
6.133082314481022 0.12020598952082691 1.679647530054971 -26.71909856652286
6.06868904912571 0.1142478803000882 1.6837985102803579 -26.72235027708635
6.003955364886077 0.10499392663679669 1.6879391478113264 -26.728905133569285
5.938888127907091 0.09441381834811204 1.692055179775229 -26.736825858607226
5.873508931493163 0.08499396089998339 1.6960825501181265 -26.74365526976125
5.807850301362491 0.07793298795049526 1.6999789909178984 -26.748203448630584
5.741948310146213 0.07392445324829955 1.703692440295676 -26.74977268991629
5.6758370032592165 0.07370171520446914 1.707128982271952 -26.747622251813297
5.609547361940402 0.07396672217820258 1.7103723120861933 -26.745008158932492
5.5430988006015784 0.07386060760257578 1.7134172056974144 -26.742768183052746
5.476506738811682 0.07397404690631403 1.7162291995275931 -26.740301496463474
5.409783021797185 0.07460549062475302 1.7188064764339022 -26.73730090028163
5.34293323455757 0.07525425622598196 1.721160557432533 -26.734259062880845
5.2759612134076965 0.0754892485809106 1.7232738251051927 -26.731599154556577
5.208869613132867 0.07510669741870718 1.7251088926121898 -26.72951896399851
5.141660049850506 0.0739942373649318 1.726634626944181 -26.728125888193887
5.074332005374202 0.0724229870033117 1.7278324842360193 -26.72714827227422
5.006882337069696 0.07049829882404242 1.7287126917506068 -26.726482586972764
4.939306567674212 0.06834965697340022 1.7292921513457384 -26.726003546015576
4.871599351186163 0.06604410576390025 1.729587860372326 -26.72564978755723
4.803755183758025 0.06360898267713043 1.7296103398445606 -26.725400396300294
4.735768817688212 0.061083820260067936 1.7293627543579215 -26.725222859133275
4.667635491794873 0.05868835503103132 1.728842936729229 -26.724906009223652
4.599351252109458 0.05650074598355545 1.7280641814536901 -26.7243794364539
4.530913297334203 0.054487355430160894 1.727059930700539 -26.72368268536851
4.4623196733635035 0.05260969273519336 1.7258780902778668 -26.722858746596074
4.393568589671251 0.05084860355807536 1.724572637538315 -26.72193064877633
4.324657997091946 0.049354455557182396 1.7231967032948778 -26.720753063398192
4.255585544203994 0.04828815063370031 1.7217990689455298 -26.719170731192172
4.186348807610835 0.047618291217774195 1.7204284939014387 -26.717220177106796
4.116946148533889 0.04717122604141761 1.7191294048823091 -26.715078738517818
4.047376516480008 0.046556734795825956 1.7179421193329867 -26.713138183163736
3.9776384226761334 0.04571484839779368 1.7168959582775665 -26.711463322846328
3.907729052002569 0.045084687092110304 1.7160015122772232 -26.709626692608303
3.837645381814097 0.045007016860759384 1.715259781678723 -26.707301503542226
3.7673872905846815 0.04567845174880558 1.714656467416661 -26.704302840793098
3.6969591877639743 0.04649896424579208 1.7141693647353191 -26.701232553733497
3.6263701090066314 0.046459892416899365 1.7137675931627878 -26.69909104987287
3.555632219181438 0.0440000848173156 1.713398269228544 -26.69942136239002
3.4847568964020947 0.041030562227602006 1.7129539910698908 -26.70031125781466
3.413756098651762 0.037468059085713455 1.7123440794238278 -26.701835418904253
3.3426365549199377 0.032481613910964706 1.7114823940523816 -26.704821738069896
3.2714035858623123 0.026911548531370493 1.7102781181944549 -26.70843490308556
3.200063791628527 0.021815634411302045 1.7086584974123136 -26.711622714698258
3.128625588421062 0.017548964061641765 1.706590834097673 -26.714032393406526
3.057099343290478 0.014116822387620914 1.7040722868674893 -26.715656448143108
2.9854965247626484 0.011235292783762358 1.7011198245157686 -26.716772737509274
2.9138290260926456 0.008764448654360827 1.6977720941357193 -26.717512479195307
2.8421086736828807 0.006668878037535326 1.6940781854238123 -26.717900569783723
2.7703475005203653 0.004423359554293459 1.690077490602573 -26.718448457968066
2.698557352010925 0.001557021713268119 1.6858068793948127 -26.71960971923552
2.6267491759100485 -0.001269852708412534 1.681323320014707 -26.720705194093185
2.554931703155791 -0.0032553949959638357 1.676676699917799 -26.720918046778834
2.483111673534493 -0.004927613688576639 1.6718594831334515 -26.720765344762896
2.4112951491229238 -0.005778354612913535 1.6668985518700605 -26.71972529769696
2.339486416729574 -0.004601718286989626 1.6618344844177293 -26.716581319313207
2.267686709608818 -0.0039277079293725484 1.6565856384627806 -26.71386140777154
2.1958949085262236 -0.00559263642093287 1.6510991440394351 -26.71339445718428
2.1241080717555345 -0.007501673049087829 1.645473886430853 -26.71307364407719
2.0523206376906864 -0.009587361939517678 1.6397561712147142 -26.712831647817886
1.9805258146835392 -0.011698021416261913 1.6339948535938387 -26.712519694025623
1.9087161420577645 -0.013727715067135918 1.6282295919099454 -26.712037118740618
1.8368852201620833 -0.015601598822258925 1.622482293906293 -26.711312079142644
1.7650286051716118 -0.017479373726158747 1.6167474218593711 -26.71050221749038
1.693143844369946 -0.019554281350409767 1.6110076568819094 -26.709791910531848
1.621229849236766 -0.02208977441261952 1.6052392507247817 -26.709429925440183
1.5492861196594887 -0.02516717563949183 1.5994424090026207 -26.709478721841585
1.4773116933826798 -0.028472824799585877 1.5936461371173583 -26.709605833661207
1.4053058757057775 -0.03163604002087025 1.587887952476192 -26.709421977113493
1.3332695476287804 -0.03420892806067778 1.5821986498409282 -26.708456310511608
1.2612073514603879 -0.03640253524597112 1.5765553476983656 -26.706885277422494
1.1891271779757537 -0.03867148160602999 1.570903821141023 -26.705113327756777
1.1170398608967598 -0.041455325331440376 1.5651997274229177 -26.70350957720055
1.0449588222403225 -0.04508782744498405 1.5594150123802641 -26.70231385047176
