7.888318290162424 0.008403017534282145 1.9048989307280404 -20.73289771400816
7.778600022528385 0.007928895603763192 1.9072575381722148 -20.732736054743086
7.6687429863065875 0.0027614171206120997 1.9105773708078893 -20.73736590900488
7.558794392162095 -0.0061015600877844245 1.9151276446512635 -20.745776471225525
7.448802548865495 -0.005381764391013101 1.9206673573016244 -20.744640698652482
7.33881836128606 -0.002812271268345731 1.9272118886187142 -20.741622403764133
7.228866325184653 -0.0016955403208108225 1.9345360032967491 -20.739955529243737
7.118957573011832 6.592336679297532e-05 1.9422096497681134 -20.73746245650127
7.009090258796448 0.0023432768931759764 1.9499311770844345 -20.734181480692307
6.899266941198142 -0.0008796393556574063 1.957756935607142 -20.735994309264235
6.789488611010976 -0.00884402018460728 1.9653275480505394 -20.742038207815106
6.679728966857085 -0.019274157409358957 1.9721493978105598 -20.749992355592354
6.56994623897608 -0.03143216357554426 1.9778270622803205 -20.75908057890812
6.4600915961664835 -0.045115041501368094 1.9820038192616125 -20.76906687072048
6.350117022869592 -0.060839046015364016 1.9843407423817687 -20.78042563746999
6.2399730857763975 -0.07807960373298374 1.9845334112037023 -20.792630808281586
6.129615103060112 -0.0973124086244554 1.9823076565970859 -20.806134084995
6.019000861623575 -0.118850917589549 1.9774148595890164 -20.821240704564723
5.908089574702152 -0.14240992962675775 1.969714935827677 -20.837697217678
5.796838049817865 -0.16458507584393195 1.9596004866326917 -20.852310175989793
5.685208511629427 -0.18051772605608382 1.9480767797768646 -20.860543993626706
5.573173859951661 -0.19055127789275028 1.935820304636182 -20.862781522387692
5.4607275004307 -0.19873146496950808 1.922903807894743 -20.862853518823655
5.347884430791654 -0.2092079357752576 1.9092898387793236 -20.864637382134354
5.234654051960038 -0.21633756661813855 1.8964198932136156 -20.86286730940342
5.121061648233402 -0.22804531148090706 1.8835405406187054 -20.864950221101445
5.007120425619443 -0.23868238795823246 1.872054887862326 -20.86569137243088
4.892820515901836 -0.2475057106246281 1.862318150166437 -20.86451267317372
4.778154566682427 -0.25349927997168575 1.854590589762223 -20.860627983074203
4.663116392455331 -0.25463674146344534 1.8490347851030045 -20.85229156225875
4.5477299231279416 -0.24890227706681825 1.8456152471622902 -20.837665243224464
4.431996629796881 -0.23743301850530596 1.8438453252352183 -20.81780361308664
4.315896660068345 -0.22775310343599434 1.842935925050218 -20.79977726970057
4.19939513486808 -0.22180498016658867 1.8425720953782443 -20.785467321239558
4.082464069264062 -0.2230910033606837 1.842453154571602 -20.778253159155938
3.965082955109553 -0.23220766505937696 1.8424334063946521 -20.778797593030085
3.8472522480476736 -0.24870366413046216 1.842446239327858 -20.786771047737957
3.72899088038293 -0.2712915331626553 1.8424555222102519 -20.80101569407657
3.6103340407751676 -0.28912101942391466 1.8425891492646926 -20.81115159878508
3.49134816243368 -0.3009839648187053 1.8427123653151447 -20.81591209396405
3.372100634387555 -0.30753982333117924 1.8426340715444438 -20.815800290266857
3.2526424146173003 -0.3130763100785095 1.8420721685279293 -20.81485448293681
3.1329928333664365 -0.3181841750142696 1.8408048944284179 -20.81361319098926
3.013163579784005 -0.32296492683891137 1.8387120302887052 -20.812158397370425
2.8931642292186015 -0.3276918776372254 1.8357371688606867 -20.81074360996695
2.773003304195518 -0.33257780770428086 1.8318669009065447 -20.80956620700656
2.652689030671545 -0.3376658881267382 1.8271343848536816 -20.808656167018512
2.532229704723342 -0.3426749569104695 1.8216382970554028 -20.807719966107683
2.4116341104306587 -0.3464310491214962 1.8155956312159383 -20.80557469830873
2.2909132865547437 -0.3489152892586405 1.8091588867297015 -20.802162740725585
2.170080450631288 -0.34904376796069914 1.8026158161944572 -20.796357213006353
2.0491526991446 -0.347369147592783 1.7961368053479705 -20.7886286944573
1.9281507562472027 -0.34953107834439395 1.7894196244755116 -20.784478911636377
1.807098291157063 -0.35337048131164395 1.7830942780051402 -20.781625882133284
1.6860221596226315 -0.35758755972544426 1.7777250411588452 -20.778608080171054
1.5649515023326157 -0.362999885280886 1.7736652873193712 -20.7760425897403
1.4439140978673886 -0.3693173383288199 1.7713256536420372 -20.773415019668477
1.3229326090031794 -0.37711180163219665 1.771021243032027 -20.771055692705403
1.2020340062177146 -0.38694410929446066 1.7731145580000005 -20.769202868463346
1.0812542407227799 -0.3994128262060175 1.777994317444936 -20.76799931769971
