7.844670064703085 3.0302648684076376 1.446572260101365 -61.602904671009426
7.7876726671963326 3.0295080334154036 1.4419526134151688 -61.602550879268094
7.730695114198136 3.027357050135483 1.4379914617459664 -61.60357178544984
7.67373125936583 3.025322401446819 1.4348763204585104 -61.6044546218711
7.616772328508346 3.0236750186758834 1.4326579613408477 -61.604933153057004
7.5598105743711 3.02240452902118 1.4313113336596541 -61.60502480134918
7.502842199352922 3.02134550743504 1.4307576891577194 -61.60490196846819
7.445867564859024 3.0215831332571357 1.4308726713888609 -61.603484099735226
7.388889464471868 3.020783894260582 1.4315243792059236 -61.60311168731729
7.331913518884984 3.019232996523911 1.4325098197313435 -61.60350175272635
7.274944702396736 3.0174275456550665 1.4336331015406487 -61.60416405850043
7.217986343135644 3.0165887695026536 1.4347247459506005 -61.60389185269464
7.1610375877403145 3.017424067529189 1.4355882166394487 -61.601995212971715
7.104096403411647 3.0189404474141397 1.4360736111530865 -61.59948902642412
7.047165269106227 3.0193011084272197 1.4360439852381466 -61.59823332427317
6.990253084280938 3.0179833116521615 1.4353194205927817 -61.59876678648468
6.933370081766862 3.016061499673004 1.4337344478400023 -61.600021961149274
6.876526774250477 3.013922167220108 1.431165855985065 -61.60161864421618
6.819733150927325 3.011538576574923 1.4275283184342216 -61.603589383589366
6.76299708900573 3.0095592320359694 1.4228106864265773 -61.6052851468475
6.706326010303251 3.0078885185868756 1.417024291556296 -61.60680322033716
6.649729654846021 3.009081137814048 1.410378036006206 -61.60555583124606
6.593217084267413 3.011904533968942 1.4029496540482973 -61.60277864815809
6.5367998133983045 3.01511155204781 1.3948772589170673 -61.59972492376219
6.480494651106148 3.018565943750257 1.3864550180317905 -61.59652306613105
6.424317612259634 3.0231460373965033 1.3780930089357404 -61.59227540198747
6.368279975927179 3.026583909382569 1.369949620362938 -61.58928349720226
6.312394305325983 3.0268448570346904 1.362150467147802 -61.58961134683578
6.256672659072531 3.026019861691029 1.35519836952249 -61.59113040478196
6.201115721389241 3.026095127630991 1.3496034102464696 -61.59182398839723
6.145716755112846 3.0270301056844415 1.3456478747649994 -61.59173547422306
6.090466099684618 3.028337670493601 1.3434487129279027 -61.591362661664256
6.035355530598771 3.0296976908240763 1.3430270552340393 -61.59103018609877
5.980379096952698 3.0309904368179565 1.344347172075137 -61.59085476631323
5.925532652707928 3.032261899589656 1.3473091278932794 -61.59077974218508
5.8708133401081115 3.0336579805863737 1.3517449256122918 -61.590643306028994
5.816219192857225 3.0362064251162164 1.357357559143745 -61.58937909635224
5.761747224015739 3.0396719368763594 1.3638562844997455 -61.58720884694482
5.707397526870097 3.043689244043001 1.370929195263825 -61.58448298087725
5.653171671352021 3.0482159532222886 1.3781764029006651 -61.581213295446325
5.599073644953929 3.0484397230240647 1.3855957187553356 -61.58228342893247
5.545115607569383 3.0509503180421214 1.39224390385376 -61.58094489016842
5.491299191738207 3.0538435843683205 1.3979648392080362 -61.579153726295665
5.437619637105961 3.056824212240401 1.4024934800836408 -61.577239768091175
5.384066940272501 3.059794877423965 1.405618289159388 -61.57533125096666
5.330630736431449 3.0623373327300856 1.4071574184613518 -61.57387543947252
5.277301604169931 3.064061752542663 1.4069328232211757 -61.57328179198501
5.224071914017805 3.0640966012123814 1.4048196077149815 -61.574445060355615
5.170936213094641 3.05985610847024 1.400689966235007 -61.58000581795673
5.117893850786383 3.051781087643646 1.394511917991087 -61.58951225071432
5.064946432887741 3.0509703757827444 1.3870690541577277 -61.591638550638784
5.012087406587335 3.0533243297351413 1.3785416319229167 -61.59057266705159
4.959316433373374 3.057363483245384 1.3692828028057973 -61.587821421886716
4.906636747656473 3.067414179763914 1.3601900626029184 -61.57896879809614
4.8540493180261235 3.0693252769818935 1.3504576692304526 -61.57843684470262
4.801568588040776 3.0690140744518213 1.3411821196278708 -61.58015909155201
4.749190993524763 3.0691762730289103 1.3331011682434064 -61.58139486170712
4.696909663588409 3.0697669230621067 1.3265676405734943 -61.58221325766232
4.6447195514671655 3.0704297858786465 1.321736318951049 -61.583002864056624
4.592619112280309 3.0716109113802523 1.318671573925881 -61.583331299296816
4.540608951590347 3.0732915130359104 1.3173435222018821 -61.583238137536846
4.488691953624262 3.075952939153063 1.3176306065221228 -61.58224820311536
4.436872903080079 3.078456077675097 1.31933898864617 -61.581536521046736
4.385159567006198 3.0796394334530643 1.3222478697619624 -61.58229349624324
4.333561227898554 3.0805508061410483 1.3259798126412763 -61.58343580926917
4.282082705470858 3.0819144833291676 1.3301141409850195 -61.58420490592283
4.230725084568984 3.0826083566557303 1.3343813470181243 -61.5857499251221
4.179489490721803 3.084025205342591 1.3383776354372316 -61.58664334157508
4.1283749054125645 3.0828991210020305 1.3419503879990835 -61.59023945931496
4.077385280268902 3.0784554453412425 1.3447768404479696 -61.59733271899733
4.026525318656047 3.074909635867108 1.3464166979845469 -61.60357092017685
3.975794397395558 3.0739239777018246 1.3466908438950866 -61.607220041354324
3.925189296108443 3.076758592987185 1.3455822931925634 -61.60695042896004
3.8747042364040425 3.080643807376044 1.3431826218113285 -61.605583395840355
3.824334906174353 3.084669612910102 1.3396647868973866 -61.60402659521148
3.7740777250422872 3.0889760230041134 1.3353392000194049 -61.60211309508582
3.723930029693478 3.091015750315797 1.3304437742556845 -61.60243223681717
3.6738894753107014 3.091531209795416 1.3252343982312076 -61.60416865717218
3.6239472028387927 3.0931110629403613 1.3200655394798733 -61.60463886952191
3.5740895290517884 3.0954103257964327 1.315177933953373 -61.604182080261204
3.5243044185128394 3.0980068355347368 1.3108219044429426 -61.603209254498516
3.4745817301157254 3.1000160806161503 1.3071910430146207 -61.60259788341821
3.424911665484457 3.101003776492169 1.304433955729485 -61.60277038236195
3.3752835593537305 3.1009903297533907 1.3026346271235276 -61.603706315228834
3.3256864953831795 3.10048188652879 1.3017980203858774 -61.60491700401133
3.2761103416759147 3.1007883559733638 1.3018534167138365 -61.60512453115549
3.226547181799865 3.101385928535585 1.3027058127496753 -61.60490786896186
3.1769929000409025 3.1055530755111787 1.3041503223459852 -61.60103041666549
3.127446043548645 3.1088290430503447 1.3061056769171113 -61.59802081954188
3.0779072144027997 3.108572543663337 1.3084659021893277 -61.59856010684174
3.0283788032365004 3.1053972721973757 1.3110166940207957 -61.60206967085282
2.9788634691573113 3.103077215475212 1.313461359994091 -61.60483566523936
2.929364475024319 3.1020110777045535 1.3155803575685316 -61.60652663785873
2.8798866259991387 3.1006619334871446 1.317207608149467 -61.60873912807655
2.8304368737077703 3.0978495895635376 1.3181846639991193 -61.61269291123287
2.7810238768352686 3.0936417636951252 1.3183141141721766 -61.61833469210097
2.7316575975793627 3.089645632351647 1.3173843737925328 -61.62401409153006
2.682347165393176 3.0836197524996645 1.315183023986466 -61.63197710659964
2.633101524421609 3.0796717362515564 1.31163429541854 -61.63799386700593
2.583926845980502 3.0824538613725685 1.3069598913478033 -61.63727102259092
2.5348248360999523 3.085450574325213 1.301081994729888 -61.63642530190351
2.4857990699275647 3.093329799709347 1.294590312518248 -61.63064291003307
2.436847998880922 3.1143444319266287 1.288564593240719 -61.6114819445188
2.3879639741812206 3.119110386738058 1.2813577986989708 -61.60897710539003
2.3391569265767513 3.121994509775028 1.2744526265956764 -61.6083315157039
2.2904231445611956 3.1227340295290897 1.2682471018925563 -61.60978082207335
2.2417582456698155 3.1235179876436927 1.2632154564663736 -61.61107557100861
2.1931564341756213 3.1242926435698144 1.25954808015996 -61.61227086217464
2.144612301653921 3.1250776408354444 1.2573226041458536 -61.61335176587259
2.0961209822630638 3.1262855909634912 1.2565245475452849 -61.613908125608845
2.0476781010068206 3.1275926796394398 1.2570712016260823 -61.614280430431435
1.9992798813579762 3.1288323617418126 1.258840619043759 -61.61464475944933
1.9509226936988087 3.1299981515460513 1.2616718247297705 -61.615010133526894
1.9026027641336318 3.13233230290481 1.265325202987315 -61.61412292677412
1.8543159780617544 3.136581214960279 1.269533182881751 -61.61123944982351
1.8060581631037123 -3.1399028308201506 1.2740298238117123 -61.605832957643706
1.75782516262106 -3.1347779094270307 1.2787796055123977 -61.60197472480086
1.709612678498587 -3.1339335119591865 1.2836838553049408 -61.60237158805745
1.661416164951646 -3.1335764130847688 1.288308335609027 -61.60320176617996
1.6132319767140337 -3.1334060142212796 1.2924321758480477 -61.604194337918486
1.5650577021062382 -3.1332731679733317 1.2958813349748708 -61.60523177120379
1.5168920871435547 -3.1333167781551596 1.2985523075590206 -61.60648445462761
1.4687348705088763 -3.1339880452027824 1.3004186637230528 -61.60843071380038
1.4205866158235938 -3.1346526960195793 1.3014628934795993 -61.6104566735128
1.372448876251352 -3.1346578748867038 1.3017011429286918 -61.61192727757089
1.324323938216979 -3.1343553614773927 1.301187907945108 -61.61321220768122
1.2762142172478232 -3.133392801409898 1.3000272596705782 -61.613968634802845
1.228122172252221 -3.1321703552040114 1.2983605126081994 -61.614609100461884
1.180049760842343 -3.1307002217715 1.2963663968255728 -61.615153976092444
1.1319989511055477 -3.1266314780330524 1.2943246001477235 -61.613250296492076
1.0839723336514635 -3.1223303813040255 1.2923713081217538 -61.61129831305969
1.0359710659734933 -3.1200975404740965 1.2906464396243154 -61.61159929048717
