7.843029347155781 0.05436749570393268 2.142082687239888 -52.16785682159342
7.73658320166756 0.055254293731661484 2.128205241878144 -52.16695149305778
7.630053973539 0.0632253281438906 2.115255653099149 -52.15922134731145
7.523458096744313 0.06983576059233888 2.1031239499770584 -52.15306663705321
7.416817698395495 0.07245799411804864 2.092351287192382 -52.151126762670096
7.310161979572632 0.07301293967165536 2.083883800871933 -52.151511882095015
7.20352099773654 0.07088420058106301 2.078046915587723 -52.15485408506085
7.096922500537989 0.06647976398606653 2.0751002453192346 -52.16075143755907
6.9903775146119065 0.0629774844653918 2.075283140713944 -52.16600266409698
6.883887507337089 0.060380201493876476 2.078568776744311 -52.170594711385256
6.777449521968158 0.058933181292173856 2.0848847050427537 -52.17427556215554
6.6710545783999775 0.060359555432600735 2.0939113395418274 -52.17529473494854
6.564681630619725 0.062135654894681897 2.105404175793602 -52.17622993064833
6.458307686706104 0.06950610412546225 2.1182350775856027 -52.17175688545352
6.351922458937073 0.07546337965576125 2.1325562231463633 -52.169024835708264
6.245522188372497 0.08976783214555564 2.146420179089014 -52.157984152136564
6.139124472329314 0.10306195755566887 2.160398867291833 -52.14823839472156
6.032778535162035 0.11276817410257998 2.174210725264896 -52.14253318759705
5.926517725271373 0.11804554038432595 2.1872761552136275 -52.14186573406707
5.820370367209994 0.12524432402414598 2.198356640829458 -52.13973512563666
5.714361978073957 0.13247840931357696 2.2072536531115055 -52.13814095218446
5.608521666424744 0.13740033785127284 2.2136349860418645 -52.139579659659546
5.5028807473778025 0.13613896980456192 2.217078218245465 -52.14817687223041
5.39748172525737 0.13526112609305213 2.217122304765045 -52.15696316355151
5.29235079037084 0.13510952159496017 2.213702369475017 -52.16546989315231
5.1875092377844325 0.13972783552808327 2.207198061408259 -52.169196695477865
5.082956528586781 0.15194324624123112 2.1984520590184182 -52.16489650077242
4.9786753649180655 0.1661558774500445 2.187399474878144 -52.15840783276287
4.8746664926554475 0.18115284563328957 2.174424501681704 -52.150937133317264
4.77093007730032 0.1987394296925626 2.1604993978476243 -52.14050245989549
4.6674542714620655 0.21761418453963743 2.146061329267667 -52.12842448612601
4.564232949403083 0.2314523542193459 2.130452742453887 -52.12135934356548
4.461286027248886 0.23296749746555298 2.1128652655927143 -52.12691818735778
4.358667058420486 0.23746867604996488 2.0967846774018883 -52.1288898605296
4.256355770946757 0.23805735763540786 2.0815060792248485 -52.13449847372389
4.154348761066313 0.24027276304033368 2.068381756211955 -52.13790782587424
4.052618246180021 0.24325985728181784 2.057412214087937 -52.139986455560425
3.9511366503744467 0.24665518694522673 2.048451606429477 -52.14109179349872
3.849879840727995 0.24752240416216356 2.041063664530197 -52.144277192406605
3.7488285730108393 0.24712325655501577 2.035129346634293 -52.148255546015534
3.6479586811837628 0.24910150834775116 2.030540694177307 -52.1493225680056
3.5472390956391946 0.25596975520596016 2.027028008911042 -52.144959583984075
3.4466365668928467 0.2614621140279904 2.0239995231402936 -52.14156167315616
3.3461270178565545 0.2666328311157703 2.021220538594463 -52.13808167610502
3.2456850675856876 0.27045868261422723 2.018396313537375 -52.13558003214245
3.1452864068742286 0.27144349556394853 2.015221371216973 -52.13558333163115
3.0449083477541956 0.27243024060264515 2.011504504431936 -52.135273934670224
2.944531882082845 0.2734279356268087 2.0069798486778874 -52.134660019587294
2.844144198257745 0.2753108220184353 2.001622449996779 -52.13292144435361
2.743737897433426 0.2760345237920773 1.9953107511109556 -52.13215134679948
2.6433117457459723 0.27588717289437376 1.988087654252355 -52.13215838011845
2.542867635524487 0.2788182984426369 1.9803072842015221 -52.129121149910574
2.4424096032359115 0.2800605529899737 1.9716237436770183 -52.12782028228442
2.3419463366211293 0.2737424567198966 1.9615322964293738 -52.13413904229227
2.241494809376157 0.2652514801118997 1.9507786417540416 -52.14284328058129
2.141074957460725 0.25862309002258427 1.9400161088443018 -52.14994120853552
2.040709089676652 0.2529695723380694 1.9294563336944077 -52.1563215478463
1.940422773711212 0.24813786426285087 1.9193656175510314 -52.16217606053196
1.8402423907887095 0.24413019505682196 1.909904649223892 -52.16750847822703
1.7401941837485144 0.23897326409788763 1.9009355611884593 -52.17427212293978
1.6403066595512994 0.2370102776605352 1.892791009293008 -52.1779587024094
1.5405999582222991 0.23865260543948885 1.8854011469774152 -52.17798176625225
1.4410906167137016 0.24326327094255082 1.878637617722866 -52.17476845797562
1.3417928355518993 0.24467187470497348 1.8721290178006562 -52.1743987726001
1.2427292445342792 0.24929496692322223 1.8663427343119565 -52.17009958387444
1.1439052883735905 0.25215528378664526 1.860987400465418 -52.16663721199834
1.0453315371595437 0.2594024861936705 1.8560947103600016 -52.157412384518324
