8.064389727415517 -0.48481515747037746 2.2320224090095038 -34.04280291776659
8.013277217747193 -0.4750978354383079 2.237431300671509 -34.03551378695706
7.962201044464528 -0.46607715533823374 2.2427000622806106 -34.02914428643203
7.911177194024236 -0.46416532878515643 2.2479923972139932 -34.03019410742025
7.8602145830401 -0.46256074395672037 2.2527449442680405 -34.031340436888144
7.809304725100315 -0.46087913420199883 2.256721321129008 -34.03194753937802
7.7584371424036656 -0.45823901404337153 2.259734538064153 -34.03088483148037
7.707597703019246 -0.45651749925218377 2.2617078798061567 -34.02986688499728
7.656773815207399 -0.45605158617594566 2.262531607523071 -34.029046220346665
7.605949303089876 -0.45780595956649245 2.2621228865170937 -34.02923782758082
7.555105737983641 -0.46219560658973 2.260435806672203 -34.03072569608125
7.504225137326 -0.46865048667624337 2.2575302640728228 -34.03287029085504
7.453290839661155 -0.47698391839163784 2.2535219724217956 -34.03545211887974
7.4022870019416365 -0.48727889390495044 2.2485354987247024 -34.038515159830325
7.351197984105064 -0.49935421114779355 2.242706109197124 -34.04186238254356
7.300005620194834 -0.5135418637183513 2.2361305460610037 -34.04578148821588
7.248689903784346 -0.5297536244838559 2.228910723644468 -34.050179992815266
7.197229709622037 -0.5478328441797611 2.221111632625524 -34.0549364752427
7.145603537571504 -0.5676480554451696 2.212764324707562 -34.060003590041696
7.09379057945687 -0.5878174278437285 2.2039970642569635 -34.06429538057599
7.041774920438133 -0.6073756433023809 2.1949319992565446 -34.067184298731085
6.989546647308645 -0.6270961728147719 2.185567542304079 -34.06960460885611
6.9370987638169765 -0.6449402765190738 2.17619586224887 -34.07010486683957
6.884426925114158 -0.6611850627928485 2.1669192145950227 -34.069214566442376
6.831512752224105 -0.6769675734326092 2.1577038710360936 -34.06821474499555
6.778332734753065 -0.6936976860194968 2.1484638092766715 -34.06861523006292
6.7248618026065 -0.7142582321714358 2.138956787822454 -34.07317156527772
6.671087640584562 -0.7376937884444076 2.129274964130291 -34.08126455832602
6.617023175857211 -0.7587149474472479 2.11990737840397 -34.088305388880954
6.562699105866859 -0.7758862156974157 2.110978711873272 -34.09297582507523
6.508145734623323 -0.7889793448367249 2.1024859596917618 -34.09499287810334
6.453388674132144 -0.7988128578148691 2.0943218064799143 -34.09500514585836
6.398446597172312 -0.8071468469178308 2.08628963934339 -34.094541874186035
6.343332799897641 -0.8140766714704472 2.0783543752556595 -34.09360383344082
6.288060279115091 -0.8205558378112828 2.070427220659007 -34.09298636069108
6.232641014994659 -0.8254710458552482 2.0626101404796353 -34.09152184115397
6.177088196839395 -0.827121903421099 2.0550435133579272 -34.087451961123556
6.121419192426558 -0.8274831086608864 2.047554313011637 -34.08251262568659
6.065651904690647 -0.8289934928727031 2.0399371171622445 -34.07890235675939
6.009800801254844 -0.8309201220694462 2.0322119179678233 -34.075786348027165
5.953868950245451 -0.8329361831998033 2.0243772038829317 -34.07275074362009
5.897855348593324 -0.8358653887409306 2.0163762972521138 -34.07052407115799
5.841755938968724 -0.8394015676877655 2.008251706394992 -34.068773631050085
5.785564089140408 -0.8434022379127375 2.000015076564777 -34.06733686803481
5.729270464110734 -0.8478920444248175 1.991641639880389 -34.06622315852914
5.672863708259682 -0.8526192057542767 1.983114983540656 -34.06519241829758
5.616332170699223 -0.8574873277166577 1.974396007808403 -34.06416904994833
5.559665874428038 -0.8627385160865388 1.9654080762547168 -34.06341070728819
5.502856279614156 -0.8682606597590316 1.9561103513583376 -34.06284025475573
5.445894894933721 -0.8740204978874487 1.9464612201749631 -34.06246175736644
5.388773462462519 -0.8802664398894624 1.9363953813207806 -34.06255274041752
5.331483528025562 -0.8868030772323863 1.9259011561500872 -34.06297074355189
5.274016076015864 -0.8935561436471732 1.9149711163614949 -34.06369461211958
5.216362376745014 -0.8995168557511037 1.9037140994841943 -34.063808778625706
5.158516296140392 -0.9043557572167688 1.8921720227862235 -34.06304394822578
5.1004762098643655 -0.9081939462812717 1.8803859896172421 -34.06155183298775
5.042244814644852 -0.9113405467744862 1.8684320052978531 -34.05965264494112
4.98382742389833 -0.9137836605949047 1.8564471061010062 -34.05733819251357
4.925231056085014 -0.9164079958387837 1.8444433219067518 -34.055454601837305
4.8664625676927304 -0.919056638467355 1.8325745484937477 -34.05383361761309
4.8075285492290805 -0.9216848886149155 1.8209606942514895 -34.052413862665595
4.7484364979633815 -0.9243886976659552 1.8096762747148383 -34.0512698570949
4.68919421113988 -0.927220024533959 1.7987773699795322 -34.05043362195101
4.629809721229704 -0.9301592364423129 1.788307923689852 -34.049867323513396
4.570290637047354 -0.9330667147872471 1.7783048672510848 -34.049415737801006
4.51064423875912 -0.9358477478331992 1.7687797001452634 -34.04896835201673
4.450877644394307 -0.9384916206962383 1.7597193806836688 -34.04849788046242
4.390997798258726 -0.9410415137948525 1.7510948709516483 -34.048030889275
4.331011295276041 -0.943736239853424 1.7428521218001325 -34.04778833554646
4.270924100074823 -0.94651827986783 1.7349588268885292 -34.04769990467538
4.210741535788899 -0.9492014427383344 1.727386808485411 -34.047569552001555
4.15046833211097 -0.9516468974734716 1.7200995640071146 -34.04724948162433
4.090108359555306 -0.9541761294751477 1.7130174014660569 -34.04704901585885
4.0296636973936275 -0.956820370758476 1.7060791154749875 -34.04699283274496
3.96913489126874 -0.9591673356602748 1.6992548813929658 -34.0466679228932
3.9085221399975016 -0.9614787668234419 1.6924676021152185 -34.04633078165704
3.8478257602401396 -0.9638435970360536 1.6856637637828742 -34.046065094644824
3.7870459158657086 -0.9662352179271926 1.678816878331407 -34.045839841266115
3.7261824067890186 -0.9686241420798523 1.6719162577292355 -34.04562199361278
3.6652347872981927 -0.9709372851453869 1.6649691989535567 -34.045336057597794
3.604202541406741 -0.9732429047405151 1.6579857676637104 -34.045047945231374
3.5430853336181194 -0.9755232838628646 1.650990012821897 -34.0447379571321
3.4818828224422083 -0.9777503790223993 1.6440097257410031 -34.044376482606786
3.4205947330522464 -0.979902247510361 1.6370716707602389 -34.04394031619735
3.3592209411922402 -0.9820083555052272 1.6301956850872144 -34.04345768785505
3.297761492223703 -0.9840482200655547 1.6234008677697567 -34.042907392635186
3.236216513389297 -0.9860287454003291 1.6166988401842137 -34.04229615017452
3.1745864106174153 -0.9879296739709078 1.6101000002356665 -34.0416039665257
3.1128718689544117 -0.9897618242679322 1.6036154724693608 -34.040842155147
3.0510738152352745 -0.9915673007265022 1.5972639788343952 -34.040053936485215
2.989193416357145 -0.9933012258468374 1.591082774513362 -34.03919691991399
2.9272323346915257 -0.9947818287204976 1.5851251088433367 -34.03809295683707
2.865193182576323 -0.9965948698079324 1.5794067706807553 -34.037328013170516
2.803079714919394 -0.9989659776009695 1.5739894498493971 -34.037127130375254
2.740896321538178 -1.0028224347281725 1.56891635331309 -34.03841526968463
2.678648201060006 -1.006951613994308 1.5643562532424606 -34.039982688874055
2.616340923630603 -1.0105389189340361 1.5604415966582255 -34.04101976925629
2.5539812851817203 -1.0139355204896916 1.557244958097382 -34.041879780341716
2.4915778295793625 -1.0173016053809676 1.5548411558170891 -34.042721683454026
2.42914028498192 -1.0204043301159245 1.5532895072536488 -34.04330903588727
2.3666791245737295 -1.023377134793287 1.5526066559872576 -34.04376845303797
2.3042049540442355 -1.0262703717265305 1.5527829254570908 -34.0441413374764
2.241728102445279 -1.0293440155584739 1.5537825422197458 -34.04467665839895
2.179258068114654 -1.0326073307174162 1.555544992327273 -34.045371821526906
2.116803172483094 -1.035910360948338 1.5579721646451605 -34.046064212487494
2.0543703237509194 -1.0392626559942968 1.5609427216628564 -34.046750631501226
1.9919653792119163 -1.0429694645541896 1.5643311348755902 -34.04772202443266
1.9295928533898214 -1.0439783509463367 1.5679061175866156 -34.045906617711445
1.8672543390367358 -1.0436798872183202 1.571571150277624 -34.04268552719974
1.8049502365937833 -1.0441028834030444 1.575273100641349 -34.040084366236265
1.7426809303522957 -1.045041035691566 1.578892530562712 -34.037889363929914
1.680445547817071 -1.0471194358698075 1.5823346637571816 -34.03671941580969
1.6182426150948692 -1.0509932876793229 1.585500845982143 -34.037220415483574
1.5560701211446835 -1.0548965496086795 1.5882457319263141 -34.03760870380315
1.4939228804953424 -1.0586896842662077 1.5905053946733474 -34.03773750617917
1.4317963364197002 -1.0625851632534788 1.5922518710519715 -34.037801764769156
1.3696864511172553 -1.066400234620182 1.5934913610293555 -34.037592831289565
1.3075893536853396 -1.069691628107543 1.5942755886848956 -34.0366373821898
1.245502157803165 -1.071333108563164 1.5946914778036545 -34.03377056813718
1.1834235688317636 -1.0726772515666707 1.5948286198214658 -34.0302938082547
1.121354554852733 -1.0755416427415845 1.5947821515466922 -34.02795638449301
1.059297152653264 -1.0808809241111932 1.5946896156784 -34.027638441528254
0.9972546967297451 -1.0876926286033743 1.5947717655016067 -34.028255913996574
