7.837614453472869 2.5535781921940988 0.3599820577222229 -43.80780056114777
7.728255377901567 2.5440534703432456 0.35360824288080955 -43.805395272948154
7.618777125039387 2.534656639852653 0.34645120948832475 -43.802963269648764
7.509268577419978 2.522780533842524 0.3385670364330982 -43.80263317271126
7.39981465388181 2.5097064620112888 0.3303006190685247 -43.80270444869293
7.290438302462103 2.4962448853618335 0.3220594691696625 -43.802028133868184
7.1811397319462325 2.479419061347975 0.3141427870664962 -43.80277305986879
7.0719057940391865 2.4587938773439335 0.3069356864908684 -43.80469701349901
6.962709829239192 2.4363212697681456 0.30083680126536944 -43.805499436523554
6.853529500249703 2.411645705930602 0.2960819903909234 -43.80502213623302
6.744348549792613 2.3800717356570913 0.2928425433494266 -43.8068015593089
6.635157664442283 2.342281298211444 0.2913913221399105 -43.809844571590226
6.525940847192966 2.2979751702276756 0.2919928599309738 -43.814395877989945
6.416677673009948 2.244076753896002 0.29507986568720584 -43.822985318771366
6.30733360276088 2.182555828959305 0.3010450354949602 -43.83453669999739
6.197867076584734 2.1161247246156867 0.31021844530327547 -43.84786155705711
6.088234396849315 2.048075242530547 0.3227965714955311 -43.86163016940587
5.978391405521629 1.9801055889989434 0.3389918564560119 -43.87574765511533
5.8682932634980185 1.9146634955779025 0.3587890304881509 -43.8894697508856
5.757891624474601 1.8532888791352102 0.38211478583553243 -43.902504134980305
5.647137435547283 1.798279153789859 0.408583583839381 -43.91369010334302
5.53598640343891 1.750359285587249 0.4378906668591655 -43.9227596095029
5.424405251983574 1.7135734672199556 0.4687104488145385 -43.92639575061614
5.312387029224313 1.6847858443033932 0.5011779101978519 -43.92674358276018
5.199936466625837 1.6661957381222214 0.5338584803074896 -43.921293795684704
5.087088900644167 1.6506561409174096 0.5680976712375216 -43.915501296014206
4.973875857701782 1.6321238504124915 0.6053549209216054 -43.91415782746488
4.860297087426318 1.6151276919954443 0.6437076586040015 -43.91278613377248
4.746328506056203 1.5990380525495802 0.6830460536927968 -43.91173092707497
4.631935895488203 1.5818256398548105 0.7237866482033236 -43.91275437546244
4.517062910102066 1.5681876949898632 0.7637272238836607 -43.91150937290508
4.4016526353942265 1.5655264722348743 0.7994954257887349 -43.901029017961044
4.285689623075658 1.574994531285939 0.830263117781537 -43.87997224249704
4.169195095654578 1.5870713543401538 0.8592230221164925 -43.85714349759338
4.052182499536116 1.600942655584555 0.8864715484720312 -43.833249711185424
3.9346662822936147 1.6139380840625557 0.9127824826037872 -43.810802616313126
3.816658592917819 1.622037371927467 0.9392954621521671 -43.79367505191064
3.6981697204158284 1.6224720067699667 0.9666615880390035 -43.78462485552259
3.579215893229581 1.6128049372791156 0.9953604993358683 -43.78616354630201
3.4598200251486704 1.5890779306421887 1.0261868589943304 -43.80237657028184
3.340006203256682 1.567332509102383 1.0550012593196434 -43.817810177925104
3.219861081270151 1.5586443285162852 1.079346933612302 -43.82130946518956
3.09949928322444 1.5556677557128271 1.1010322122236211 -43.81973338985451
2.9789823518587384 1.5537123652041684 1.1211391631611887 -43.81762620792623
2.8583355003367257 1.555611423505731 1.1392233148300785 -43.81212004308095
2.7375930815244085 1.555016499000934 1.1563887191796622 -43.809576086055436
2.616780377119698 1.5520862785660023 1.1725667599718204 -43.809743510145935
2.495923134727566 1.5485545475918847 1.187530995160456 -43.810695400542095
2.375043668820955 1.5428401810881476 1.2015246101378343 -43.81392509972024
2.254156231138644 1.534423701650708 1.2146240619301922 -43.81985946276962
2.133272730362607 1.5247228308651943 1.2267108436031628 -43.82688334096835
2.012408280144118 1.516274188627927 1.2376309152002574 -43.832141771604995
1.8915781175325372 1.5122161422941733 1.2473228026835312 -43.83211658527267
1.7707939691282262 1.508906658069817 1.2561022826800763 -43.83041800575365
1.6500590685426206 1.5004946443992933 1.264203044937172 -43.83298275953982
1.5293739865217415 1.4911112117735303 1.2716314432534082 -43.8352225300672
1.4087521177545155 1.4870448512113903 1.2786275066840362 -43.830216364859226
1.2882427527841371 1.482142543327328 1.2855542631118797 -43.82394219671403
1.167935110765485 1.4730089190782583 1.2928499313534438 -43.819184806486156
1.0479420634982106 1.460430938629473 1.3010843774154324 -43.814129744794485
