7.921879404638279 2.1124631979435198 2.470858543650136 -50.092274667925025
7.851228496356211 2.108275270037626 2.466579446787533 -50.09362200945323
7.780589439562164 2.1041067082965816 2.4612162441238805 -50.09465851215955
7.710018032334808 2.0985752855977315 2.4549569055094187 -50.09691757232718
7.639548611810581 2.097004022575671 2.448569418525643 -50.095278804927084
7.569181103142867 2.0920494457110452 2.4419209481436144 -50.09716406015933
7.498915531341288 2.0865157154993605 2.435764381530535 -50.099901703287436
7.428729878942482 2.083575753432759 2.4307716526757104 -50.1004007978717
7.358592950417704 2.082242016529788 2.427203513132887 -50.099769110204846
7.288480927046373 2.081766711204157 2.4252799888953884 -50.09891401714769
7.2183707092261 2.080275039284508 2.425188958252455 -50.0999308121811
7.148240560921139 2.0788057998240688 2.427139634536334 -50.10189731779505
7.078068515775059 2.077527499707155 2.431228260435561 -50.104768533003515
7.007831693386484 2.075346554535 2.437603101935498 -50.10993398830617
6.937505756747972 2.0713695757748245 2.4464962323607424 -50.11871216083203
6.867062013950156 2.0679321137468167 2.4578925720306093 -50.128997476720166
6.796470067615461 2.0658749048532563 2.4718059471198206 -50.14030719026576
6.725698879707669 2.0667011293041275 2.4880634879852073 -50.15144655392065
6.65472091065542 2.071552364073786 2.5064069555864834 -50.16163869749877
6.583513452318429 2.08051246601845 2.5266803872052805 -50.17144868499745
6.512053495753393 2.0944181259441783 2.548510459910411 -50.180658626527034
6.440317771319646 2.1154954933436425 2.5710474311333265 -50.18709185098339
6.368286427763956 2.1433128049397485 2.593995014960855 -50.1920255154481
6.2959423684030105 2.181136133825048 2.61563110044124 -50.19024208728968
6.223289671106172 2.2249544138184394 2.6366486726520724 -50.188117230974285
6.150325425458886 2.2746876624417034 2.6564376360231114 -50.18564962559944
6.077029981640418 2.329930235967764 2.674377925098925 -50.18279945008996
6.003368468298782 2.3903120906138096 2.6897202799268602 -50.1782285379198
5.929287293750128 2.455777053407495 2.701728298102328 -50.16785640075282
5.854777503012306 2.5256349674415173 2.7103821814911107 -50.14849327572286
5.7798618964649835 2.595874765933799 2.7166236129826573 -50.12845918787026
5.704555156075563 2.6633459946934095 2.720587601748119 -50.11500574192872
5.628865990357917 2.7270777148638956 2.721847201068747 -50.10853040342801
5.552811272028724 2.785422326547644 2.7199908406637454 -50.110562296999866
5.476408305963389 2.8376065155635386 2.714828917964091 -50.119461522313095
5.399680948210996 2.882852732624195 2.706542750030485 -50.13354422604472
5.3226629371021215 2.9271261113448612 2.6970761046992 -50.13917759345577
5.24542706906949 2.970727110033393 2.6873251742843065 -50.137203559801186
5.1680343229781736 3.009667338704328 2.6770348196268277 -50.135616610102524
5.090503927571627 3.0441014291091015 2.666702942387742 -50.134709340104344
5.01284184673924 3.07510286894564 2.65685447187927 -50.13362314622724
4.935050307366722 3.1030848302659413 2.6477461913662954 -50.132587393288844
4.857130447208901 3.1285382458194544 2.6395602562120533 -50.13161701083158
4.779084790812553 -3.1313213918843745 2.632401571657755 -50.13080833751689
4.70091705105973 -3.1097310014390174 2.626318811536777 -50.130234064857234
4.622631442869186 -3.0893634669401613 2.6213263367751005 -50.129762153074736
4.544232751017255 -3.070081575930228 2.6173566262617984 -50.12968345951882
4.465725842116744 -3.050979530302086 2.6143628752760137 -50.12931350674295
4.387115620626864 -3.03152091580926 2.6122291902489834 -50.12841036000226
4.308408933414685 -3.0122954183832023 2.6107535123764616 -50.12812325629148
4.229614161342687 -2.9935795528252145 2.6097606429000897 -50.12923018876317
4.150732793759164 -2.973890940360554 2.6091286405661087 -50.13028897708259
4.071757473057848 -2.952344055171435 2.6087096452114635 -50.130442667089795
3.9926802787521734 -2.92916395124402 2.6083446316996315 -50.130008201649076
3.9134954470779864 -2.9044266576689513 2.607885605390374 -50.129028389185336
3.834197851998204 -2.878393971472718 2.6071754744590563 -50.12773541588556
3.7547829188793393 -2.851294504009442 2.606064072805308 -50.12627924530065
3.67524633375512 -2.8233006068017796 2.604423247600578 -50.1246674700712
3.5955836037099864 -2.794958260977536 2.602130563414207 -50.12333440299433
3.5157892631426892 -2.766614974952573 2.5991174601619282 -50.12238949938581
3.4358545482833103 -2.7384420260697167 2.595404715619441 -50.1216888407367
3.355768747206049 -2.7108691434972694 2.591054923979745 -50.121489813085425
3.2755198933342133 -2.683518424541964 2.58622219022661 -50.120974976531805
3.1950964391347205 -2.656315315899398 2.5810151377824093 -50.119725871274696
3.1144904671034808 -2.6292379089427533 2.575538838909741 -50.11741637267441
3.033701212990829 -2.6036409145721935 2.569791623168138 -50.11548535644232
2.952736761774443 -2.581557593795407 2.563737421423129 -50.11617834906911
2.8716061894080007 -2.562268004561198 2.5576811356449136 -50.11838735559267
2.7903243458693323 -2.5436548933235437 2.552065221761551 -50.11957645379177
2.7089089145331564 -2.5262615431041913 2.5470662249826295 -50.12051195435979
2.6273719409007943 -2.50990158517463 2.5428989995664604 -50.121088671670854
2.545723560895627 -2.4930897929275693 2.539813931757945 -50.1197390654401
2.463976410198713 -2.4765190442547844 2.537841507395241 -50.117362932388765
2.382143769905331 -2.460610132981949 2.5370060393422342 -50.11452418866023
2.3002393187502883 -2.4457934148914053 2.537311615381314 -50.111790719922034
2.2182773711109744 -2.4323768829470653 2.53874890466976 -50.109586811367386
2.136272940175415 -2.420631325584993 2.541292292390542 -50.108286116167335
2.054241694787632 -2.410885129389405 2.5449015896634273 -50.10831060118205
1.9721998672295504 -2.401904607150342 2.5494941312051362 -50.10844449362355
1.8901625184496944 -2.393944963390186 2.554991953645663 -50.10905384843433
1.8081446223968196 -2.3865121816898087 2.5613098320895125 -50.10979267251546
1.7261589639744752 -2.379328910078856 2.568365706483671 -50.11056725726883
1.6442164018781533 -2.371782258468163 2.5760657552360415 -50.110991530689624
1.5623258787291026 -2.3624909777424454 2.58428747504896 -50.1099568142281
1.4804953997730759 -2.3499062817794747 2.5929216075271992 -50.1062217101463
1.3987311621309213 -2.3351726310812264 2.602022106282686 -50.10125803485851
1.3170398298354722 -2.3184721332367446 2.6116024291996305 -50.09563942203422
1.2354285510376912 -2.2998349034514627 2.6216653876177514 -50.08986409585311
1.1539048880879035 -2.2797857099000503 2.6322509126174256 -50.085025173580945
1.0724780006836296 -2.2576412730980073 2.6433275090126425 -50.08114243837086
