8.043698478575799 2.23717593176922 1.6911408944312307 -10.296548197484393
8.012948123607726 2.246148150425647 1.6871831838079694 -10.289012203460373
7.982223836394214 2.247716133066847 1.6832111685222773 -10.288875810781136
7.951527137461781 2.248653974334643 1.6797425058955318 -10.289302717817087
7.920851599330152 2.2493188503175428 1.6769509418200295 -10.289915980022336
7.890189446748022 2.2499108557984036 1.6749879679440938 -10.290499319400535
7.859532326513297 2.251072676173743 1.6739845653008558 -10.290397071403632
7.8288711744316375 2.2526298688174244 1.6740083259026095 -10.28977853717881
7.798197325131181 2.25420549211621 1.675097183540559 -10.289019472328045
7.767502000104811 2.255582111743477 1.6772553012102422 -10.288340354486861
7.736776341689999 2.256730251788185 1.6804522253484944 -10.287778333111667
7.706011130608151 2.2575377380444035 1.6846316392374097 -10.287457543346557
7.675196606536703 2.2582344496899496 1.6896930299457429 -10.287167285459642
7.644322091860852 2.258973727110151 1.6955082053986696 -10.286779639287179
7.613376851669719 2.2599341901102967 1.701932570713191 -10.286147020439216
7.582350558369097 2.261085944327206 1.7088407869095206 -10.2853314773564
7.551232986689386 2.2619215991810724 1.716140177673035 -10.284872833002535
7.520013536418821 2.2623029158952703 1.7237190471401678 -10.284945887134521
7.4886808320934914 2.2630005608801427 1.7314012474706857 -10.284820283032
7.457224826073749 2.2645105360550954 1.7390468232724448 -10.284033218040362
7.4256383056685955 2.2665087846651497 1.7465972540379777 -10.282933340463138
7.393916968190348 2.2684987555596923 1.7540319342616368 -10.282037858263461
7.362058665389095 2.2709467840771955 1.7612862724835023 -10.280892458879844
7.330062819620272 2.2736437180271585 1.768379570034433 -10.279708233717894
7.297928113862165 2.276120104435027 1.7753776434136999 -10.27894484032379
7.265653188754939 2.2792710201416977 1.782222396241802 -10.277675439091256
7.233239443455467 2.2825750551423134 1.7889301281141203 -10.27640083678002
7.200691647663915 2.2855807228201344 1.7955033116716121 -10.275555928584387
7.16801492873181 2.2881859477603763 1.8019257062984533 -10.275228540988838
7.135213933179257 2.2905126677039322 1.808182127684135 -10.275281797371681
7.102292646329045 2.292662615527304 1.8142719436787889 -10.275600992336951
7.069254347179905 2.2947596899940446 1.8202071128106594 -10.276051123229136
7.036101706987608 2.2968718857737884 1.8260169292126862 -10.276556591475538
7.002836717206692 2.298758189994213 1.831768854420447 -10.277358277970668
6.969460315577213 2.3006501235323507 1.8375195179373596 -10.278218434804195
6.935972937307699 2.3024895607484983 1.843349803522579 -10.279194772094197
6.902374298690948 2.3041892670495194 1.84933459846622 -10.280380058058942
6.86866293088186 2.305982462865721 1.8555129804483905 -10.281545277927252
6.834836035319769 2.3078727753895585 1.8619063039092945 -10.282700585238876
6.800890242047426 2.309979133366772 1.8685062552871805 -10.28373939300713
6.7668220037313915 2.3125308831650706 1.8752859421279167 -10.284441262764734
6.732628228400136 2.315416758520027 1.8822360262567595 -10.284932269089488
6.698306534910381 2.31857351540954 1.8893447440275672 -10.285289494763404
6.663854906189005 2.321997170740227 1.896595287945581 -10.285527900313257
6.6292714288238495 2.325522449716775 1.9039800396419309 -10.285824966670331
6.594554074844669 2.3291617732717884 1.911474123133821 -10.286170181992912
6.559700632406493 2.3329534724154786 1.9190453428009149 -10.286520246812373
6.524709220611987 2.3369052489940154 1.9266621578686247 -10.286857462206614
6.489578578729514 2.341014112173356 1.9342854037406092 -10.287174403206555
6.454308039824528 2.3452748014475837 1.9418764950467473 -10.287464274817921
6.4188975682755025 2.3497670971308113 1.9493921379023011 -10.287630718341905
6.383347890295878 2.354386915126683 1.9568080980739164 -10.28776771523469
6.347660499514016 2.3590460314429342 1.964105432797665 -10.287955602942127
6.311837342014176 2.3636990771529085 1.9712695533287645 -10.28823222985193
6.275880589116052 2.368371037794704 1.9782878247849505 -10.288563347059327
6.239792615286678 2.3730047861588344 1.9851612056914631 -10.289001545819062
6.203575763656793 2.3776069535657354 1.991890491810408 -10.289533919207393
6.167232177890532 2.3822131170458842 1.9984791928133174 -10.290118169552697
6.130763787873612 2.3868701196870377 2.0049342822623855 -10.290700847955552
6.094172372760226 2.3915782189839976 2.0112690070326176 -10.291277496124202
6.057459585814399 2.3963229419135863 2.017497877804788 -10.29185992831278
6.020626954341551 2.4010996521523342 2.0236337755214153 -10.29245078063991
5.983675881764784 2.4059079860420254 2.0296879694639838 -10.29304927009092
5.946607638685792 2.4107499263292502 2.03566993774023 -10.293652955650037
5.909423365812131 2.4156287725456638 2.0415872173596363 -10.294258600103463
5.872124084431262 2.4205484862196487 2.0474453469416947 -10.294862665279803
5.834710711290769 2.425513357247978 2.05324789328473 -10.295461491264472
5.797184076152568 2.430527693630684 2.0589965720841237 -10.296051465570965
5.759544940624675 2.4355955902128845 2.0646914365749254 -10.29662912710481
5.721794017038022 2.4407207287494264 2.070331115587581 -10.297191254331205
5.6839319866237465 2.445906182812099 2.0759130860717914 -10.297734967321324
5.645959516401223 2.451154279339525 2.081433955683059 -10.29825778860936
5.607877274235774 2.456458835756051 2.086890222696264 -10.298765743885705
5.569685932629859 2.4618209596962117 2.0922775196241523 -10.299256709552607
5.5313861663883594 2.467230280202664 2.097592154324535 -10.299740329972032
5.4929786452678195 2.4726849779465616 2.102830018248159 -10.300217005072932
5.454464080178488 2.478187958806331 2.1079869777911 -10.30068227384047
5.415843222683599 2.4837424717209773 2.1130592988123285 -10.301131191011924
5.377116864938501 2.489350407478897 2.118043806205455 -10.301559872972367
5.338285845167057 2.4950115065465646 2.1229379313684644 -10.301966171227406
5.299351054206683 2.5007231617089634 2.1277397039288277 -10.302349778388155
5.260313441327436 2.506480400891765 2.1324477233625294 -10.30271219457009
5.221174018210052 2.512276235253267 2.1370611063259695 -10.303056355419981
5.181933860747704 2.5180788383332326 2.141580690953125 -10.303410764624152
5.142594082733533 2.52388723439365 2.1460059096929682 -10.303770764316136
5.10315580807612 2.5297008679684168 2.1503368035181403 -10.304131477580938
5.063620175385452 2.535517280460798 2.1545739271652375 -10.30449036882138
5.023988340312267 2.5413331373310406 2.158718112842811 -10.30484614126089
4.984261475112156 2.5471448906594873 2.162770320028022 -10.305198009910209
4.944440767222037 2.552948873912365 2.1667315576101407 -10.305545569765128
4.904527417755099 2.5587415718840845 2.1706028220584117 -10.305888481148592
4.8645226401315504 2.5645195268016976 2.174385074086753 -10.306226542443838
4.824427658933879 2.570279508703792 2.1780792128376345 -10.306559486084378
4.784243709087588 2.57601838159361 2.181686076395485 -10.306887096504143
4.743972035300032 2.5817331897851026 2.185206437946478 -10.307209099119255
4.703613891615422 2.5874211024577756 2.188641015895266 -10.307525200587442
4.663170541089153 2.593079378530842 2.191990484566904 -10.30783510960456
4.6226432557225055 2.598705380900833 2.1952554848229866 -10.308138509585167
4.582033316230697 2.6042947859989485 2.1984367098386164 -10.308436932534528
4.5413420102948665 2.6098450367190464 2.2015347691219276 -10.30873010928646
4.5005706320207794 2.615353813985887 2.204550203996787 -10.309017551944821
4.459720483642896 2.620817267220548 2.207483564376313 -10.309300426086162
4.418792875209529 2.626227382723426 2.2103355298202065 -10.309584317440768
4.3777891228719525 2.631569779004397 2.2131066387289504 -10.309881589933317
4.336710545475041 2.6368419596030552 2.2157958551378814 -10.31019232063519
4.295558480234876 2.642038278202833 2.2184020303597785 -10.310519786867294
4.254334292951153 2.6471530543556154 2.2209235734215116 -10.310866995228539
4.213039378606303 2.6521807245791225 2.2233585127634714 -10.311236567269752
4.1716751517226545 2.6571004798754028 2.2257049529774107 -10.311646632288694
4.130243042638105 2.6619600606227385 2.227958295410083 -10.312043135025093
4.0887445314275865 2.6667446666992713 2.230116147468357 -10.312437300906298
4.047181208017062 2.671443555530829 2.2321763500547904 -10.312835533710421
4.0055547443810875 2.676048749813562 2.2341372343229686 -10.313240980014964
3.9638668752374393 2.680554625115707 2.2359977728543385 -10.313654194203481
3.922119382815273 2.6849443145992766 2.237758060367535 -10.314087528435714
3.880314073982502 2.689205506289115 2.239418925716368 -10.31454883216686
3.8384527398855646 2.6933621307757614 2.240981656605501 -10.315008818311467
3.796537135316014 2.697429020568721 2.2424496997564605 -10.315448690800341
3.7545689928332506 2.701417172056498 2.2438278457765555 -10.315854788143449
3.712550024130334 2.7053342767618185 2.2451218895051417 -10.316218040305849
3.6704819156036605 2.709210294497636 2.246338225973567 -10.316507392898124
3.628366327496239 2.713057338884173 2.2474846346288126 -10.316710207259051
3.586204814303173 2.716863703535765 2.2485697235259416 -10.316837564358636
3.5439988916889047 2.72059747179154 2.2496012900895264 -10.316920697604992
3.5017500900369756 2.724219796732415 2.250585748742104 -10.316997296276579
3.459459968467803 2.7277254251622374 2.25152680048906 -10.317070089408107
3.417130137676058 2.731107330570396 2.25242605820262 -10.317143677802603
3.3747622568707283 2.7343584188226857 2.2532831644108797 -10.317223012735566
3.3323580246895665 2.7374576900060474 2.2540964221211244 -10.317327735679639
3.289919160375999 2.740403554164467 2.2548626841906962 -10.317458120338133
3.247447399055077 2.743185012063134 2.255578505976059 -10.31762470516264
3.204944427470756 2.7458097318622516 2.2562396258134028 -10.317819093313632
3.162411914356991 2.7482816246214816 2.25684111223223 -10.318037004516412
3.119851525768532 2.750604172417793 2.257376898069475 -10.318275026844915
3.0772649342490723 2.752783417946691 2.2578402033054172 -10.31852764286891
3.0346538207797034 2.754831514823657 2.258224098187238 -10.318783664636342
2.9920198799891113 2.756734971918329 2.2585224933782433 -10.319058867291218
2.9493648286525613 2.7584774221862394 2.2587298921771684 -10.31937565057605
2.9066902921177564 2.760071022034139 2.258842985010616 -10.31973130984861
2.8639977401410075 2.7615771791459998 2.2588615878800096 -10.32007644818707
2.821288475036624 2.7630095105632746 2.2587905390555996 -10.320411946005324
2.7785636564831515 2.764394247896655 2.258640044186183 -10.320725795403025
2.7358242732097415 2.765758848378111 2.2584255203789816 -10.321002463100001
2.693071169288358 2.7671270940671437 2.258166002848702 -10.321225971709216
2.650305075918223 2.768517304535794 2.2578819076692165 -10.321380969863238
2.6075266396804455 2.7699317571938993 2.2575928508048464 -10.321464406472874
2.5647365691246544 2.771364303368509 2.2573149986437056 -10.321478065935633
2.521935688433762 2.7726864170264514 2.2570596028714833 -10.321542430377008
2.4791249751896016 2.773872235889312 2.256828865428185 -10.32167003436973
2.4363054676286997 2.774934590195201 2.2566142497114496 -10.32182951162261
2.3934784381616456 2.775838634695959 2.256394072411517 -10.322034991266
2.3506455721335757 2.7765197689221117 2.2561358417536685 -10.322330271363368
2.3078090151558004 2.7769558746436465 2.255802037459215 -10.322719425664598
2.264971210659504 2.777177070203411 2.2553559085697703 -10.323160250326527
2.22213473821921 2.7772077971660707 2.254766718299106 -10.32362311579513
2.1793023126559303 2.777091795323981 2.2540125136991063 -10.3240679639712
2.1364766989324866 2.7768498357977105 2.2530807027829765 -10.324486052343167
2.0936606203615336 2.7765677983500585 2.251967624618656 -10.324810903505067
2.0508565855575744 2.776292100164619 2.250679657209819 -10.325019040075153
2.0080667917197492 2.776468479521224 2.249235261807539 -10.324693695018821
1.9652931156029823 2.777804477469665 2.2476669802223843 -10.323161745566237
1.9225370383620404 2.7798615756091296 2.2460110598326657 -10.3208789583519
1.8797997619330495 2.781798570540594 2.244300623157349 -10.318688046279027
1.8370823827116551 2.7836786106578244 2.2425666422676698 -10.316535820766315
1.794385650875402 2.7858090342770274 2.2408384165315924 -10.31413005525439
1.7517100927614373 2.7883214257424616 2.2391407485089583 -10.311355130651128
1.7090561438303011 2.791158454686404 2.2374909942266785 -10.308284632397012
1.6664242069443904 2.7943167211038853 2.235899211992636 -10.30494231678201
1.6238146356778334 2.797577430038221 2.2343679338306837 -10.301567559320167
1.581227649162803 2.80075155280782 2.2328962535390646 -10.298371165741353
1.5386631103182489 2.803689104706171 2.2314820532574773 -10.295523048688823
1.4961206303660575 2.806395363339551 2.2301212974080995 -10.293038482520197
1.4535995500694827 2.8088352863121484 2.2288056691805442 -10.2909700283306
1.411098993042719 2.811106469822341 2.227522048783449 -10.289236261918745
1.36861802579567 2.813310030386867 2.2262540622309226 -10.287746929987525
1.3261557667287858 2.8153536754054955 2.224981604979196 -10.286595910937043
1.2837114903998932 2.816638594571543 2.223678003136808 -10.286368995047674
1.2412846505824364 2.816961409099775 2.2223088811653278 -10.2872487571561
1.198874930422063 2.8172514929057466 2.2208354788620945 -10.28828630920044
1.156482599031765 2.8175170711761854 2.219218931905527 -10.289435218131082
1.1141085984132642 2.817622460853644 2.2174196402529183 -10.290773562321306
1.071754840206483 2.8175337374418232 2.215385854777325 -10.292270458795256
1.0294242899224517 2.8181006824020463 2.213060701605814 -10.293036454456063
