7.9057887597085434 -1.2992678358047614 1.933400166286514 -31.949893831532833
7.878258675252388 -1.2978123193659756 1.933284982845621 -31.948885547995296
7.850722586552047 -1.2970059913749226 1.9333525104866673 -31.94853267475471
7.823184562133916 -1.2965630281828344 1.9336132985009127 -31.948547995226626
7.795647046539839 -1.296368677998036 1.9340805203598737 -31.94881815393584
7.7681118047785604 -1.2963687022995718 1.9347759775539286 -31.949291521960518
7.740580540356905 -1.2965354883943971 1.9357313755272914 -31.9499431942884
7.713055222917516 -1.296747710447993 1.9369863087430506 -31.9506539119592
7.685538281283975 -1.2968001160171805 1.9385851431619419 -31.95121926891018
7.658032895745847 -1.2967025080747792 1.9405715541730615 -31.9516471598688
7.630542943138399 -1.2965411845839199 1.942977087889673 -31.95201755585105
7.603072661747446 -1.2963411975237449 1.9458189957368912 -31.952348108890824
7.575626333016423 -1.2961025108401247 1.94910220820285 -31.95263263191248
7.5482081176097955 -1.2958233503221985 1.9528209939958736 -31.952865941570856
7.520821974759623 -1.295542959177518 1.9569629159917856 -31.953087367932994
7.493471656993979 -1.2952794612703264 1.9615090532488912 -31.953319026382587
7.466160734633125 -1.2949940096449528 1.9664350712914813 -31.953530216566023
7.438892641780571 -1.2940066636838463 1.9716817691346387 -31.953053555985086
7.411670534160136 -1.29240123447416 1.9772271556276366 -31.951986592183545
7.384497860367945 -1.2903118792755388 1.983047179138694 -31.950477859904858
7.357377915666679 -1.2873699109630548 1.9890840009603914 -31.94817481706086
7.330313589438061 -1.2839930583845296 1.9953267693801913 -31.945512639285177
7.303308127130751 -1.2807225951848793 2.001769373869128 -31.943048579908357
7.276364815506933 -1.2773132398341887 2.008346155660463 -31.940551435167393
7.249486150295371 -1.2735047589308381 2.0149818818159217 -31.937774291095337
7.222673844505322 -1.2691154505290134 2.0215979011081244 -31.934545384246974
7.1959288066662985 -1.2639759568157514 2.0281075437099627 -31.930699210644576
7.1692511675780075 -1.2591385225649716 2.034498052778298 -31.927300478367464
7.142641154261349 -1.255707850704437 2.040739001746018 -31.925470107756524
7.116098117445956 -1.2529785090275778 2.046666229389655 -31.924485375642718
7.089619302655738 -1.2512039980507115 2.0521895453762906 -31.924585257295682
7.063201376437936 -1.2495209763642574 2.0571673930773047 -31.924877801775878
7.03683914593992 -1.2476515944261117 2.0615234127426167 -31.925062739165348
7.010526263678552 -1.245678108315969 2.065224880857082 -31.92519359388662
6.9842558165009745 -1.2434289510817076 2.06825922179013 -31.925060142402103
6.958020480199545 -1.2396796433936759 2.070632427713991 -31.923384043087346
6.931813195408203 -1.2345620953182315 2.072437125061385 -31.920270000948896
6.905628615933905 -1.2291210656824332 2.0737983993761198 -31.916753158941688
6.879463125570254 -1.2241876802116065 2.0748453652143772 -31.91365391938178
6.853314794626301 -1.2225393621084455 2.075741421916136 -31.913772697292387
6.827183528189951 -1.2222719586120492 2.076618754305293 -31.9151884937924
6.801069685111843 -1.2230761714344514 2.077654141674238 -31.917628251386
6.774973904475525 -1.2249682430105915 2.0790533539681584 -31.921144100013805
6.748897988735438 -1.2259178620367166 2.081005849069757 -31.923713138479485
6.722844967877666 -1.225015552800359 2.0836599484611313 -31.924406336235258
6.696819166272731 -1.2237214878593337 2.0871580383495667 -31.924671482312604
6.670827998738273 -1.2227826059910925 2.0915816999902916 -31.92523815732656
6.644880187895057 -1.2225183506606048 2.096964030783991 -31.926407268216217
6.618984520827953 -1.2228307107155352 2.1032859121096603 -31.928060702086007
6.593149363397823 -1.2225225093074823 2.1104157256232834 -31.928982001957515
6.567381868797111 -1.222368215056828 2.118327343294291 -31.929950116254012
6.541688860163289 -1.2220143198213524 2.126891639088093 -31.930627691312083
6.516076047759582 -1.2214928059867003 2.1359965742885465 -31.931085031738192
6.490548628870696 -1.220868344869067 2.145537716397676 -31.931452390499885
6.465111549191477 -1.2193885477912294 2.155334600969677 -31.93105086940495
6.439768304384957 -1.2158777528463405 2.165158174376095 -31.92877574918574
6.414521617724824 -1.2121239210212262 2.17506969553381 -31.926495004491613
6.389375025260683 -1.2094401053848263 2.1850600228705495 -31.925611454986317
6.364331703015978 -1.2084521307140306 2.194993656976959 -31.926860312276446
6.339392239739003 -1.2078703512038846 2.2045318378323095 -31.929011597117793
6.3145532184782605 -1.2064961430092864 2.213371973523131 -31.930903441396246
6.289808568829414 -1.2040140449311623 2.22134089550992 -31.932258571073355
6.265151413835976 -1.2006655598888325 2.228377433174052 -31.933316086420326
6.240575375082693 -1.195833405094549 2.2344048237374246 -31.933378436443355
6.216073683683634 -1.189397978935318 2.239414885364866 -31.932216746304164
6.1916400536784755 -1.1823597936573322 2.2434429013100905 -31.930737425443176
6.167269305318727 -1.1760339151291515 2.246523118685573 -31.930157131421183
6.14295571058119 -1.1702018698809373 2.2486478387161837 -31.93005427000717
6.118690906000598 -1.162348076233989 2.249862991673472 -31.92758839064379
6.09446411899841 -1.1525609593205954 2.2503706906266627 -31.922708567755258
6.070266310775756 -1.1458500671217386 2.250417963661753 -31.920534078671324
6.046092478148049 -1.14169010908928 2.250202728354293 -31.920417425020126
6.021938831091606 -1.1384303041057928 2.249982898628507 -31.920625319878745
5.99780253630265 -1.1367330992357267 2.2500126701100385 -31.921874248481295
5.973682802522687 -1.13704035298229 2.2505160489096356 -31.924704810415292
5.9495796229146025 -1.1380271780682052 2.2516969572777006 -31.92782680646426
5.925493968615313 -1.1378741123340346 2.2536547985377386 -31.929437488051065
5.901428297945294 -1.13751235870857 2.256462881365546 -31.9304942284949
5.877387205697653 -1.1370245912822752 2.2601410353916345 -31.931092265512355
5.853376615582026 -1.135700045582891 2.264629503654101 -31.930547825969832
5.829403101936708 -1.1359259903901386 2.269978234261792 -31.931303685521378
5.805474325760184 -1.136366947636445 2.2760367709440583 -31.932121899769967
5.781596142680649 -1.1374336508069003 2.2827793291803036 -31.933551866402503
5.757775398897536 -1.1377212177712328 2.290061792174367 -31.934334838427752
5.7340178207500125 -1.1373624685797774 2.297843695630362 -31.934735739622454
5.71033005780075 -1.1366485569466702 2.3060851513221494 -31.935144997765654
5.686718696011145 -1.135119313591006 2.314672705780953 -31.93518074743337
5.663189503795978 -1.1330019309668131 2.323543703390492 -31.935137105468435
5.639748139142269 -1.129558935704171 2.3325280549701533 -31.93429461481562
5.61639872135957 -1.1242334603234343 2.3414558192998456 -31.932088860652655
5.59314376264142 -1.1189974021383073 2.350381191466586 -31.93057068867146
5.56998603641747 -1.1149423768004145 2.3592330559409826 -31.930936728712666
5.546926977918312 -1.1114225064985443 2.3677605494666585 -31.932557838528936
5.523965056738805 -1.1077280290379787 2.375715620968359 -31.934708064788396
5.501096181737704 -1.1029172054111185 2.382860172987161 -31.936385616459148
5.478314364942091 -1.0969397316907283 2.389076152081462 -31.93749524519467
5.455613285311023 -1.0894206741337649 2.3942862571320296 -31.937532464680913
5.4329863156647935 -1.0803673984801516 2.3984740735116357 -31.936336123238924
5.410427065782317 -1.0710937527532793 2.4016729836805926 -31.935097829649095
5.387929860301874 -1.0629018850538514 2.4039075324656296 -31.934967046122132
5.365487926269477 -1.055458961503221 2.405184047666765 -31.935305342245677
5.343091651124807 -1.046635072070057 2.405603806681678 -31.93358150091761
5.320729842703464 -1.0360360887011395 2.4053798864494813 -31.929213924339727
5.298392908152595 -1.0276174200196089 2.404736456850819 -31.926287025141846
5.276074740828846 -1.022128406910886 2.403867239833913 -31.925494644234952
5.2537706658284815 -1.018195954136348 2.4030156517200814 -31.925407960721273
5.23147736007246 -1.0158356147034915 2.4024136197604014 -31.92611793813048
5.209192927826523 -1.0153795735937725 2.4022450668163073 -31.928114208764832
5.186917295126577 -1.015987993326467 2.402695096636209 -31.930706353349343
5.164651462221021 -1.0161139804048156 2.4038858837451182 -31.93245472629586
5.142398331536612 -1.01570300252203 2.4058728272143215 -31.933391457214874
5.1201625296688835 -1.0155994139077227 2.4086950731053296 -31.934444274657828
5.097950416270044 -1.0154435095661676 2.4123263302362004 -31.935345009139404
5.0757687530821425 -1.0155010300223744 2.4167531849998185 -31.936485948721298
5.053624822237659 -1.016317594873933 2.421979025432701 -31.93855097716056
5.031526541118777 -1.0169011688209821 2.4279074628537627 -31.940672609297785
5.009481076787132 -1.0167752637796181 2.4344493716076623 -31.94248193631386
4.987495367479683 -1.015563547841432 2.441506453825252 -31.943688365792696
4.965575961420211 -1.0131710528213715 2.448987416299562 -31.944266847417417
4.943729141499922 -1.0099146271402506 2.456818073856345 -31.944592874248528
4.921960625432704 -1.0051687280743247 2.4648352788893373 -31.94406309514261
4.900274958168388 -0.9975436030272254 2.472794719708948 -31.941247375239136
4.878674850418424 -0.9889858760169379 2.480737322990366 -31.938161004590135
4.857163293858931 -0.9808105814388172 2.488637018913103 -31.936178950264903
4.835742852225017 -0.9740585663691304 2.4963826647178533 -31.936431872197318
4.814414484746286 -0.9684725386180127 2.5037275613265093 -31.938637692011817
4.79317626565255 -0.962206519105718 2.510311795874639 -31.940771740211723
4.772022789968026 -0.9548363253108736 2.515939208401397 -31.942317747342237
4.750947298554957 -0.9461012077712478 2.520506549618496 -31.942865602209046
4.729942550858875 -0.9359762022442225 2.5239795370528655 -31.942177867506395
4.709001230256925 -0.9257473854764463 2.526382058630703 -31.941384029632175
4.68811649291307 -0.9159072537237739 2.527718290389927 -31.940705365896548
4.667279978554986 -0.907104975655937 2.52803707288253 -31.94051848318432
4.646481969792794 -0.8992750304397268 2.5274541626266673 -31.940475624084733
4.625711906475738 -0.8902148225492799 2.5261697478678915 -31.93802826815636
4.604959045054792 -0.8796855963847486 2.524433403435409 -31.93287167825963
4.584214628990081 -0.8707371578330264 2.5224291413236952 -31.92822447262357
4.5634725401179335 -0.866138511161458 2.520318710944516 -31.926964011745135
4.542728422229705 -0.8641531564399567 2.518369795667422 -31.92739630732354
4.52197971539329 -0.8641509904694697 2.5168160171575664 -31.929047285997328
4.501225655285402 -0.8669803628565708 2.5158361542204632 -31.93299924211359
4.480466775050519 -0.8680285056061136 2.51560829811007 -31.934843003065616
4.459705937504814 -0.8682499459233902 2.516207477874926 -31.93570629668998
4.4389479846367745 -0.8682976188755813 2.5176817415517796 -31.936378914752346
4.418199578395205 -0.8682772622139937 2.520038237722841 -31.937108947327793
4.397468542710197 -0.8683461373766925 2.5232631067837614 -31.93820427558181
4.376763231707188 -0.8690949132626795 2.527345991244122 -31.940408284401308
4.356092257676474 -0.8695364823318159 2.532189234487986 -31.942867982038763
4.335463542990471 -0.8690919806355607 2.53768897808225 -31.945112485846856
4.314884661462506 -0.8677182924297417 2.543757883930497 -31.947182290197958
4.294363044203857 -0.864830132049086 2.550260537260025 -31.948528477485304
4.273905422872281 -0.860488798222924 2.557093445828906 -31.949240573829826
4.253517664448378 -0.8546831375212411 2.5641348828696566 -31.94932542897321
4.233204721950669 -0.8454109113661068 2.5710931362078524 -31.94665876981979
4.212969439271885 -0.833959862462288 2.5779318222043117 -31.942561471429215
4.192814393215859 -0.8225037531874824 2.584683036575159 -31.93929932916808
4.172742168646992 -0.8132317616030742 2.591327623869078 -31.93919618839243
4.152754902711169 -0.8052900116134174 2.597559234832074 -31.941222183141264
4.132851077623097 -0.7970255462451343 2.60303399591492 -31.943420960847142
4.113025723891709 -0.7879526401214099 2.607544562841867 -31.945112606259222
4.093272256167165 -0.7777274304051827 2.6109782520911007 -31.945725404627126
4.073583280614159 -0.7664384481892789 2.6133108210286116 -31.945075816623188
4.053951151509802 -0.7557958317642539 2.614578564421467 -31.94472104328613
4.034368467009424 -0.7454497098830563 2.614789877103446 -31.943899291999962
4.014825783434496 -0.7364917031349918 2.614032423930571 -31.943465615210386
3.9953130724337 -0.7293552461489251 2.612437888650002 -31.943643017780907
3.975819901420302 -0.7216133756677329 2.6102368271454477 -31.941713940035612
3.956336025687797 -0.7127710477446355 2.607677766991617 -31.937189907933025
3.936852673196434 -0.7036911120997268 2.604965666819979 -31.93110123764267
3.9173635568331884 -0.6995502427848489 2.602168101456702 -31.928863376327712
3.8978635826486214 -0.6990821598226485 2.5995331451731505 -31.929327120068848
3.878349729499351 -0.7003771618248495 2.597316029134952 -31.930803242049997
3.858821172801489 -0.7048185772406992 2.5956591678738983 -31.934941930741537
3.8392779959051273 -0.7073601575948298 2.5947498997019087 -31.93701476804749
3.8197235429366887 -0.7087625060628733 2.594651556518943 -31.938001780138535
3.8001627815958696 -0.7094934944196817 2.5954003626881392 -31.938546204530816
3.7806022960649868 -0.7101540803107264 2.5970048185235153 -31.939419254698635
3.761049926681343 -0.7106397902505966 2.599438011349115 -31.940669731254005
3.741513902959683 -0.7113622311269006 2.6026674887749626 -31.942853661518896
3.722002542091484 -0.7116965722364716 2.606604138191767 -31.94547266425139
3.7025237660493966 -0.71087869380236 2.6111284015493963 -31.947852527893865
3.683085052089968 -0.7088627570786762 2.616142470160744 -31.950010905842156
3.6636936198484285 -0.7052682561415604 2.6215210842275236 -31.951582710936677
3.644355955897414 -0.6999769606140781 2.6271427836291825 -31.95244658032466
3.625077554483796 -0.6930243610785233 2.632889531802245 -31.952636481372195
3.605863090573387 -0.6822421134150979 2.6384925613894445 -31.94979073469372
3.586715446072042 -0.6688489702087658 2.6439056824470164 -31.945127056525735
3.5676370402015327 -0.6556871550124035 2.6491895355490995 -31.941622799627282
3.5486304376296216 -0.6447929621357995 2.65430750871872 -31.941363379113007
3.5296974542639457 -0.6352419327363443 2.658985002713409 -31.943091136578623
3.5108364823213045 -0.6256341788175651 2.6629420856154216 -31.944981549181108
3.49204294636453 -0.6157329170954697 2.6660159647411743 -31.94652313858748
3.4733109313547055 -0.6051161558158261 2.6681021910395093 -31.946974243619422
3.4546333152291724 -0.5944142363232813 2.6692002002573525 -31.946723457490677
3.4360027465251917 -0.5848793828074865 2.6693398215485726 -31.946811503357317
3.4174112827043293 -0.5760604094002681 2.668571018796623 -31.94640014368877
3.398849433850795 -0.5687974535720816 2.667005152180993 -31.946143837425943
3.3803074414888448 -0.5632930213997694 2.664788858450139 -31.94612310994107
3.361775523491063 -0.5571037382315831 2.662161507145807 -31.94377292752143
3.3432447945411408 -0.5502408441553388 2.6593315566611126 -31.93924755460904
3.3247080106945406 -0.5433767138049768 2.6564573271142176 -31.933441661481673
3.306159810700292 -0.5428691591094414 2.653532771518603 -31.932893933833974
3.287594586856384 -0.5441224763912651 2.650863250736223 -31.933232037139206
3.2690099447822285 -0.5468217128767545 2.6486120073366712 -31.934420610491912
3.2504051432120753 -0.5519517271262607 2.646883510316139 -31.937706157610286
3.231780237035566 -0.5556777703275879 2.6458207439563592 -31.939623930550432
3.213138562732488 -0.558165396148061 2.6454723028783187 -31.94059487816734
3.194485064870558 -0.5598846742464253 2.645859711687813 -31.94128903489309
3.1758259619896956 -0.5613291329734241 2.6469824948058243 -31.942368113043948
3.1571683714875274 -0.562427941085088 2.648816617645311 -31.94389392328823
3.1385197293931735 -0.5632838158740195 2.6513201113309512 -31.94608056221432
3.119887553275002 -0.5634424079717444 2.654412605406824 -31.948559817535454
3.10127912939727 -0.5622780624038213 2.6579847807793886 -31.95075381606874
3.0827013478526646 -0.5597992890386679 2.6619408471647685 -31.952695513806894
3.0641606690017515 -0.5556593009239864 2.6661607755736543 -31.954018737850276
3.0456628771005256 -0.5501490665458617 2.6705490395429194 -31.955000203333896
3.0272129376201526 -0.5429717537956305 2.6749763214893663 -31.955289699361735
3.008814866302276 -0.5311781578463481 2.679178662294794 -31.951648085653012
2.990471129477883 -0.51737463579067 2.6831883037225563 -31.946782484296968
2.97218424727073 -0.503659230024139 2.687007807321093 -31.94281440622553
2.953956116925293 -0.49277637821455045 2.6906379916424363 -31.9425310278179
2.9357879783680745 -0.4831361690862172 2.69383813661576 -31.9438362018588
2.91767795562436 -0.47374642729329636 2.6964176722827746 -31.945282309408825
2.899621938085557 -0.4642904179068155 2.6982614128726916 -31.946203486551525
2.8816145630643017 -0.45526030054740607 2.6993145035083415 -31.9468224132592
2.863649524182458 -0.4468946654196999 2.69955595234877 -31.94712877513158
2.8457196217443133 -0.43976848726231316 2.6990163052227283 -31.94748677590149
2.8278168856409978 -0.43397314283219507 2.697765938365114 -31.947750554563505
2.809932536593876 -0.429755542891091 2.6959168452105144 -31.948046958675725
2.7920576538867987 -0.4259911732518678 2.6936350680185184 -31.947210090587824
2.774183953929947 -0.42180529697468117 2.6911030091488763 -31.944465038181704
2.756304480229866 -0.41620683097740774 2.688500779509023 -31.9390378240591
2.7384142250931145 -0.41414123460031466 2.6858320686934274 -31.936061185728718
2.720507831166028 -0.41583801713792923 2.683227533906777 -31.93587927068991
2.702580633569571 -0.41872627994664435 2.680881791597275 -31.93618823129949
2.684630358422343 -0.4226494362448101 2.6789055243290147 -31.937110513235737
2.666656273106762 -0.4279325167278451 2.6773757622830807 -31.939214213788553
2.6486586021938683 -0.4325453200452447 2.6763923768813696 -31.940813198545577
2.6306401044546255 -0.4365684738683237 2.6759973754727975 -31.94224602687467
2.61260513812877 -0.4398234012474492 2.6762080008196816 -31.943547262365506
2.59455919908378 -0.44250642942888624 2.677021377639424 -31.945054253912616
2.576508391162448 -0.4445336991542405 2.6784135339961126 -31.94678488430459
2.558459146581188 -0.44588420924524524 2.6803414342297356 -31.948790840279692
2.540417963700936 -0.4463381622267344 2.682736614077404 -31.950899619388075
2.52239117717813 -0.4455595562638131 2.6855084081984164 -31.95279275116416
2.504384803096294 -0.44346948091643323 2.6885647926398435 -31.954383619308295
2.4864044067867184 -0.4398824482587222 2.6918041862704216 -31.955450170600805
2.468454953341077 -0.43507796306855734 2.6951390458328515 -31.95623856094854
2.4505406900228035 -0.42886342334751687 2.6984619190142887 -31.956501010061324
2.4326652140957568 -0.4185648620811249 2.7015757744926856 -31.953302776105495
2.4148311247103016 -0.4060940575477158 2.7044745457646973 -31.948562821164884
2.39704047924994 -0.39314711428903526 2.707149932239959 -31.943909001916275
2.379294361321227 -0.38287175738409185 2.7096181666209858 -31.94250845427134
2.3615930431171326 -0.3744580587128221 2.7117417035755453 -31.943125857753635
2.343934812784739 -0.3667142226704264 2.713386102355735 -31.94411367250236
2.3263162154541184 -0.3593238222066283 2.7144817134492896 -31.944795442719574
2.3087325187329295 -0.35275549454514515 2.7150050805566477 -31.945380937872436
2.2911779645304424 -0.34724864211845924 2.714947936380732 -31.945879564146537
2.2736458491748173 -0.3429011134803235 2.714325669121392 -31.946210034370843
2.2561287932767358 -0.3397294710104844 2.713196244128807 -31.946284583471964
2.2386191619859077 -0.337730957944981 2.711649899718029 -31.94609865881209
2.2211096128132257 -0.3358828587986134 2.7098095343977016 -31.944714029562327
2.2035937683552986 -0.3341870114396799 2.7077942640679904 -31.94230513931572
2.1860662835457307 -0.3337925660954927 2.7056941694342127 -31.94017345891507
2.1685222831664963 -0.33534096485179754 2.7035949272192954 -31.939079967107332
2.150957370753328 -0.33846045650801787 2.701597079636546 -31.93879623960732
2.1333681478221487 -0.3424530758846786 2.699795888566942 -31.938821778433557
2.115752499376237 -0.34717052182373265 2.6982585670833066 -31.93925756912237
2.0981095906448877 -0.35298149753888913 2.697028817269892 -31.94071468699167
2.0804395680729537 -0.35863528295000563 2.696170496687412 -31.942268691532504
2.0627446131647034 -0.36379524268271046 2.6957447544602235 -31.9438344527698
2.045028469100306 -0.3685430518064299 2.6957714304570772 -31.945680685045282
2.0272957726416068 -0.37243625223220994 2.6962547222516515 -31.947485208854943
2.009551818149217 -0.37541374127324567 2.6971833224971435 -31.949256589957805
1.9918021724759285 -0.377592239761654 2.698530890870683 -31.951147690512933
1.9740524036937113 -0.37872072576905325 2.7002471194760904 -31.952918651422706
1.9563079930742473 -0.37865570972300316 2.7022696976252543 -31.954408326926043
1.9385741330069681 -0.37738254723264997 2.704528830021598 -31.955564660359435
1.920855574115313 -0.37506335986410694 2.706951816790119 -31.95650148819641
1.9031564764945705 -0.3714360275204623 2.70944837271689 -31.956892581819076
1.8854804467705506 -0.36644906660406573 2.7119336674611536 -31.956632008698627
1.8678305725564035 -0.358246545513654 2.7142824776823655 -31.95366889297876
1.8502093896412386 -0.34895262063409654 2.716484503328688 -31.950091781208556
1.8326183619759027 -0.3383784814371713 2.7184682879037445 -31.945504463267852
1.8150579072790498 -0.33038664089101394 2.72024394682727 -31.943781205654844
1.7975270993317036 -0.3238306303611949 2.721708163064601 -31.94339785082432
1.7800237984962342 -0.31847048905763786 2.722808059976415 -31.943812902394754
1.7625447654106607 -0.31366046239040696 2.7235178969687093 -31.944052118362734
1.7450857690565988 -0.30983034154057315 2.7238423918042716 -31.944324947044585
1.727641617922688 -0.30689812864368793 2.7237985134617033 -31.944350720982378
1.7102064630699934 -0.30487351973897897 2.723423095309799 -31.94405474218661
1.6927742333993891 -0.30366811980964964 2.722773958163984 -31.943356597924918
1.6753390554408372 -0.3033140975649576 2.721924376112586 -31.942359461301074
1.657895458935604 -0.3039246986572904 2.7209467710055693 -31.941265818690155
1.6404384091165491 -0.305394499317164 2.719911411143058 -31.94007607053277
1.6229634827669084 -0.30760770401125054 2.718879171597473 -31.93879457368093
1.605466916322523 -0.31064462270852644 2.7178974304565378 -31.93761888641933
1.5879454749969468 -0.3144924117204093 2.7170037730277437 -31.936681649204928
1.5703966019533429 -0.31945621562045906 2.716221600798862 -31.936456693804033
1.5528183637665771 -0.32496473100362855 2.7155700263073084 -31.93664104861903
1.5352102743463216 -0.33045308315403765 2.715067992361462 -31.936958618825265
1.51757334377989 -0.33625457224052807 2.7147616193222763 -31.93790710322172
1.4999092280532607 -0.3421902017251702 2.7147052314217475 -31.939450402968006
1.4822204297210373 -0.3478267695460888 2.7149356271733205 -31.94126879551851
1.4645102861309884 -0.3530441042862264 2.7154638260480763 -31.94332807178273
1.446782594779876 -0.3576464570193805 2.716282628632247 -31.945509382215164
1.4290415483509833 -0.3613085851615719 2.717372377318873 -31.947551432589805
1.4112916833472944 -0.36394793393816294 2.7187064649895487 -31.949407367832904
1.3935375943244863 -0.365420429422467 2.7202532890131716 -31.95093666716916
1.3757838090570724 -0.3655977237403051 2.7219758388961934 -31.95198555467099
1.3580346305282869 -0.3645854371879288 2.723836388894707 -31.952604858111343
1.3402939361071882 -0.3625999457072797 2.7257948214608563 -31.95293624269403
1.322565057347599 -0.3595279677468948 2.727803750148436 -31.952768007100282
1.3048508112743538 -0.3544562382400844 2.729798848990562 -31.951038991977676
1.2871536198690694 -0.3480343863719837 2.731741565213108 -31.948264936325614
1.2694747883436253 -0.3425064126178134 2.7335978787379323 -31.946581713145527
1.2518139380432798 -0.3374472072565497 2.7352732851938897 -31.945319221946022
1.234169915875795 -0.33276029221967063 2.736708335257161 -31.94414856837303
1.2165407295918056 -0.3294809777172577 2.737894170128459 -31.94390070911401
1.1989230134035305 -0.3269693534217415 2.7388238142629953 -31.943693255522255
1.1813128769632604 -0.32518881727562116 2.7395080944841643 -31.943320972928454
1.163705896238016 -0.3241962314782084 2.739974338052824 -31.942743395575135
1.14609736621385 -0.32409067179348716 2.740261346208992 -31.94202637629749
1.128482489245593 -0.32483358601123347 2.740415489038286 -31.941150365913373
1.1108566652439653 -0.3264179393599687 2.7404844080072674 -31.94015971041439
1.0932155707049922 -0.3288247784968848 2.7405135172356516 -31.939110385342417
1.0755552644783242 -0.3318326505666134 2.740545130431051 -31.937880060363916
1.0578724137705426 -0.33529107235120237 2.740615884831254 -31.936440602153453
1.0401642544716332 -0.3394304916469847 2.740744415882841 -31.93515833825346
1.0224282698964429 -0.3445557933033646 2.7409363961944524 -31.934491696424807
1.004662360711339 -0.3502172647041352 2.741204197151854 -31.934216235087966
