7.8804901617091545 2.090996965930048 0.7923292799285209 -9.946642555846458
7.858247011985781 2.092732947284049 0.7893810310240461 -9.945481339297572
7.836023891410336 2.092200766756365 0.7855227692793352 -9.946458800561507
7.8138312710248785 2.092057639675203 0.7811439346136739 -9.946826172611752
7.791672238051857 2.099122856380039 0.7768627948683897 -9.939832691011881
7.769546371530728 2.0985852329225327 0.7722531103225304 -9.940268543973318
7.7474560202744085 2.0989149752576663 0.7681135272261111 -9.93976633199741
7.725395150454253 2.098679507062261 0.7646644681891448 -9.939786912901628
7.7033559581229385 2.0975104632068278 0.7621484093764322 -9.940763500030805
7.681329071542541 2.097000244444058 0.7608158047310173 -9.941145339657481
7.659304172025012 2.0971233005266763 0.7607991400839563 -9.940925523436174
7.637270989236411 2.097745977549819 0.7621922976440393 -9.940185897721754
7.6152189223971325 2.0984850049816877 0.7650495234013922 -9.93925072220939
7.593136963376903 2.0988544669284543 0.7693818993665431 -9.93854616476751
7.571013707611611 2.0988745066392824 0.77513012061873 -9.93800396437693
7.5488380563670185 2.0986216984463315 0.7821742720545009 -9.93750751337234
7.526599793954661 2.097890012428148 0.790370334473606 -9.937217051317193
7.504289560083912 2.0965898090605593 0.7995378618233916 -9.937159476997337
7.481898513236602 2.0949363978845326 0.8094480018527573 -9.937038022066039
7.459418170741354 2.0936015563103316 0.8198084787776599 -9.936095855149082
7.43684103873863 2.09201363928091 0.8304686368691032 -9.93482537435789
7.414160609252187 2.088554909777132 0.8414014912432697 -9.934759193735305
7.391369413625443 2.0823292174882106 0.852508696676361 -9.93674260119069
7.368460722868918 2.076495407068268 0.8632950672744307 -9.937793464615128
7.3454328169159435 2.0707054241725755 0.8736868135726096 -9.938336685481753
7.32228519558654 2.064016367528962 0.8837067384071917 -9.939366317964774
7.299017650805396 2.057436513306613 0.8932368222518099 -9.940045783319679
7.275632250929654 2.0508618948926327 0.9023071224189874 -9.940581746958832
7.2521312419998205 2.0456509409307717 0.9108507672279782 -9.939834860158363
7.228518663219534 2.040558358083726 0.9190470350772612 -9.939113938376579
7.204800220288473 2.034945234406961 0.9269868332013754 -9.939141200353205
7.180982068173304 2.0287751574007418 0.9347065585971994 -9.940044685663954
7.157069303350228 2.0226749369814794 0.9422076780275321 -9.941297585907684
7.133065455061365 2.017106858810388 0.9494990583363926 -9.942505947298658
7.108973687626565 2.0121442303846098 0.9566031767249772 -9.943617906572468
7.084797333587354 2.007741808045322 0.9635448766883096 -9.944668351972325
7.060539904930284 2.0040177705135256 0.9703397814960191 -9.945513804892142
7.036205114503179 2.0012666298458957 0.9770021102990851 -9.945822407885881
7.011796756742435 1.999556774100725 0.9835770859273043 -9.94546832558189
6.9873182633163475 1.9978052060182396 0.990204733773638 -9.945442586830053
6.962771936505521 1.9955453532304026 0.9970204732995263 -9.946140007888921
6.938157400830845 1.9932573084024814 1.0040719682465158 -9.947002900853029
6.913472112450674 1.9916867516607957 1.011362119432609 -9.947210268252151
6.888712845246105 1.9905736695573149 1.0189226707083021 -9.946952008395185
6.863876256888143 1.9895642629632242 1.0267772621296696 -9.946536586778995
6.838959028939545 1.9885954326174156 1.0349251386419316 -9.94599835286852
6.813957727482663 1.9876254136868803 1.0433610215653404 -9.945360182691672
6.788868868858542 1.9866262584611738 1.0520738648298402 -9.94464109639238
6.763689029411407 1.9855331609602378 1.0610497905301453 -9.943905606681579
6.738414932235887 1.9839136346660604 1.0703011610009727 -9.94358571783242
6.71304317597014 1.9817303844372913 1.0797991584772189 -9.943736701210026
6.687570609631951 1.978971331270295 1.0895034189540296 -9.944397898377552
6.661994821588934 1.9760465089718118 1.0993288825909582 -9.945203257790505
6.63631461773738 1.9735926930776582 1.1091670499661266 -9.945569425001445
6.61053028503633 1.9711068780088954 1.1190339877298197 -9.946018608655061
6.584642665373371 1.9685391128628642 1.1289081330690982 -9.946631049800192
6.558652791415134 1.9659283248789627 1.1387686501747043 -9.947388926818943
6.532561827038288 1.9633073622777226 1.1486003514552232 -9.94826990896866
6.5063709637967255 1.9606900972617594 1.158391914690753 -9.94926285887574
6.4800813908747745 1.9580755445346942 1.1681344110959069 -9.950365651152643
6.453694254301568 1.955492063683953 1.1778164342226722 -9.95154335252638
6.427210650690828 1.9529588013439547 1.1874283297131993 -9.952767513302085
6.400631639883415 1.9504898917675926 1.196961714935861 -9.954013337785831
6.373958256336329 1.9480945077719836 1.2064096062753042 -9.955260719132346
6.347191518008505 1.9457787007050147 1.2157664302101963 -9.956493240606763
6.320332429450935 1.943544196501825 1.2250280986476694 -9.95769975028358
6.293381982081727 1.941388648820201 1.2341919186692227 -9.958874313125326
6.26634115503105 1.939309937920098 1.2432558486542542 -9.960011941370421
6.239210917375978 1.9373074559392967 1.2522181608253842 -9.961107256611408
6.2119922293952134 1.935381010381118 1.2610776732421816 -9.962155567217177
6.1846860442773695 1.9335301730521117 1.2698338762189036 -9.963153437135842
6.157293309244667 1.9317538154541838 1.2784869819536515 -9.964099031678446
6.129814965670432 1.9300501492225077 1.287037887043332 -9.964991944643428
6.1022519483275826 1.9284166806591758 1.2954881106530607 -9.96583310437991
6.074605183811833 1.9268502043411857 1.303839704117185 -9.966624644057969
6.0468755884823135 1.925347007956719 1.3120951281663589 -9.967369573670075
6.0190640661754164 1.923902927860164 1.3202571357460324 -9.96807161419517
5.991171505965326 1.9225135661148263 1.3283286403525174 -9.968734889361395
5.963198780160986 1.9211743623842181 1.3363126045392424 -9.96936377845195
5.935146742630999 1.9198808485110364 1.3442119237738785 -9.96996260699269
5.907016227843883 1.9186286698941273 1.3520293414993703 -9.97053558389269
5.8788080502605125 1.9174137769648718 1.3597673696034414 -9.971086585429674
5.85052300441594 1.9162324770909689 1.367428233966906 -9.971619090729224
5.82216186560231 1.9150815157784669 1.3750138376449619 -9.972136097078709
5.793725391004282 1.9139581484171695 1.3825257401261895 -9.972640053567073
5.7652143212706015 1.9128600543524334 1.3899651636271249 -9.973132955578324
5.736629382413238 1.9117854092654551 1.3973329994722559 -9.973616286550286
5.707971287917096 1.910732882122666 1.4046298315823549 -9.974091035177674
5.679240741030877 1.9097015366692187 1.4118559759582836 -9.974557807254135
5.65043843704299 1.9086907994724518 1.419011520130081 -9.975016870713164
5.621565065511451 1.9077004062133311 1.4260963667041016 -9.975468219555342
5.59262131227846 1.9067303456371079 1.4331102766503887 -9.975911637863915
5.5636078613604845 1.9057836791961729 1.4400527183421474 -9.976343919282227
5.53452539892998 1.9048668235291681 1.4469228985372153 -9.976758588152228
5.505374598930613 1.9039787394434888 1.4537204193315654 -9.977156609654179
5.4761561247773525 1.903121420177296 1.460444559060323 -9.977536008834267
5.446870635168613 1.9022983033825533 1.467094529257059 -9.97789338056513
5.417518790258665 1.901510914695406 1.4736697664507457 -9.978227195902827
5.388101256660082 1.90075982761216 1.4801698772279945 -9.97853686980443
5.3586187094228075 1.9000450601550072 1.4865946168066535 -9.978822381077183
5.329071832641727 1.8993661578672256 1.4929438839037188 -9.979084196961992
5.299461319417026 1.8987222529119727 1.4992177083688416 -9.979323217073517
5.269787871192622 1.898112167548653 1.5054162306484957 -9.97954066986229
5.240052196853454 1.8975345629822464 1.5115396767560096 -9.979737961371418
5.210255011593078 1.8969879041168247 1.5175883436683741 -9.9799167047367
5.180397035593938 1.8964705974348908 1.5235625725574171 -9.980078578332266
5.1504789927563985 1.895981119301263 1.5294627250828692 -9.980225193187456
5.120501609389246 1.895518347403615 1.535289148637801 -9.980357760427726
5.090465613258472 1.895082855224915 1.5410420915668894 -9.980475806422849
5.060371734961844 1.8946765452257621 1.5467218797024607 -9.98057751682307
5.03022070901167 1.8942997216673376 1.5523292907787216 -9.980662611213992
5.000013269762095 1.8939511361762578 1.5578653910709692 -9.980732314493277
4.96975014903307 1.8936286256951296 1.563331373113089 -9.980788735069885
4.939432073990838 1.8933295463094195 1.5687284366485574 -9.980834440817379
4.909059765401404 1.8930513032630905 1.5740576943743967 -9.980871938028814
4.878633936150281 1.8927916605776791 1.5793201124929155 -9.980903368211287
4.848155290298344 1.892548868762534 1.5845164853275238 -9.980930384676482
4.8176245226827055 1.8923217269999957 1.589647425333864 -9.980954095377363
4.787042318929119 1.8921096360431584 1.594713366905774 -9.980975014756549
4.7564093560103275 1.8919124306805526 1.599714588596173 -9.980993234468558
4.725726303095298 1.8917303564855716 1.6046512315291919 -9.981008451183829
4.694993822759542 1.8915639784583247 1.609523325592045 -9.981020060915057
4.664212572217473 1.8914139927428022 1.614330819016957 -9.981027348712288
4.633383204710659 1.891281220311106 1.6190735973366026 -9.98102949748118
4.602506370832155 1.8911581999155225 1.6237518823907426 -9.981033922810676
4.571582714753135 1.8910371321132342 1.628365852034548 -9.981048404501552
4.540612874913377 1.8909192480054053 1.632915232106203 -9.981071797658535
4.509597490632865 1.8908082493104192 1.6373996313534138 -9.981100528810758
4.478537204805085 1.8907072882462646 1.6418186912105468 -9.98113158685772
4.447432674473479 1.8906130693864223 1.6461721988199667 -9.981168417971592
4.416284581159469 1.8905147879866158 1.6504599200811754 -9.981222039888738
4.385093622464036 1.890415268097701 1.6546807062662312 -9.981290059130542
4.353860496006822 1.890316392696891 1.6588332312095302 -9.981371041355903
4.322585905277531 1.8902195663713957 1.6629160481231127 -9.981464050048443
4.291270561959149 1.8901260574086958 1.6669276391727677 -9.981568300546165
4.259915186495199 1.8900370950848122 1.6708664753440254 -9.981683052560893
4.228520507963174 1.8899539653380544 1.674731071617615 -9.981807503143301
4.197087263534607 1.8898790655193283 1.6785200026445621 -9.981939727038196
4.165616198377691 1.8898185813099022 1.6822318567718066 -9.982074006858156
4.134108065318393 1.8897660559308838 1.6858658380690512 -9.982217139375715
4.102563611750037 1.8897258763188596 1.6894208254793608 -9.982365136106592
4.070983578572544 1.8896968745718679 1.6928957806934954 -9.982519527494398
4.03936870877237 1.8896787962698214 1.6962898659516485 -9.982680924805607
4.007719740875221 1.8896729646395696 1.6996026102524024 -9.982848310297472
3.9760374045200364 1.8896811649401077 1.7028340926460048 -9.983020102451759
3.9443224155049497 1.8897052178485805 1.705984988074618 -9.983194558031169
3.9125754736478897 1.8897470685269158 1.7090565647977993 -9.983369670166615
3.880797261867517 1.8898100165007958 1.7120505842852864 -9.983541943653943
3.8489884476501937 1.8899050579265948 1.7149690002778473 -9.9837001003328
3.817149691140695 1.8900298683538181 1.7178143734761009 -9.983846001949253
3.7852816564189147 1.8901833489988393 1.720589218235997 -9.983980227398213
3.753385012297476 1.8903643427909715 1.723295689351192 -9.984103397897519
3.7214604390325023 1.8905711515526835 1.7259352512003614 -9.984216736495242
3.689508636700288 1.890801600448016 1.7285083944962856 -9.984322089481017
3.6575303330742774 1.8910532116834955 1.7310144572277537 -9.984421828786
3.6255262896597364 1.8913248247547931 1.733451551681707 -9.9845172914488
3.593497305218674 1.8916220236981665 1.7358165076924774 -9.984603403678836
3.561444216142747 1.8919468805310433 1.7381043051352785 -9.984679021739835
3.529367917389993 1.8922873537659648 1.7403087640462758 -9.984757513430509
3.4972693640904255 1.8926394108607798 1.742423226031456 -9.984844595979983
3.465149540889982 1.893000134363354 1.744441308258485 -9.984944952609993
3.4330094435541305 1.893369154343409 1.746357344292614 -9.98506062557077
3.400850085649195 1.893754851535402 1.7481677310287376 -9.985184623660547
3.368672469868296 1.8941680249292003 1.7498722210767013 -9.985306893335494
3.3364775552093136 1.8946090839590508 1.7514748126278255 -9.985426826301751
3.3042662221358614 1.8950645863378663 1.75298391306054 -9.985556566838932
3.2720392354683443 1.8955657759252496 1.7544111225426897 -9.985662553749968
3.239797242521435 1.8961326632587692 1.7557701117035485 -9.985721510337937
3.20754080986564 1.8967606311511587 1.7570768971872193 -9.98573405964531
3.1752704371176845 1.8974413504763623 1.7583499937988603 -9.985704002649408
3.142986540899343 1.8981884122812422 1.7596101800377455 -9.985612783025136
3.110689368012522 1.8989159259517272 1.7608795806906294 -9.985541012431014
3.0783789745562817 1.899578576939322 1.7621783194595575 -9.985529249791309
3.0460551562171845 1.900202707220687 1.763522608572056 -9.98554688365492
3.0137175347277894 1.9008083246715988 1.7649225376506503 -9.985570634192388
2.9813656890779945 1.9014155785214297 1.766379846098257 -9.985578957476502
2.9489992565547 1.9020450796235089 1.7678870734817544 -9.985552266760527
2.916618018524101 1.9027164624164223 1.7694278315221235 -9.985474621410052
2.8842219773829108 1.9032939809315512 1.7709800743957982 -9.985487666984799
2.851811412064074 1.903766110964528 1.772513206730567 -9.985611570743467
2.8193867522038465 1.9040584456402774 1.7739894978887891 -9.985930862244164
2.786948560580576 1.9043621897825618 1.7753592879337292 -9.986266757577818
2.754497662831667 1.90480587183787 1.7765709979046174 -9.986502569109106
2.7220353353022566 1.9052853692051182 1.7775783913501304 -9.986753869705423
2.689563445292563 1.9057633253077473 1.7783468183943096 -9.987068932972162
2.6570841336472846 1.9062664263867526 1.7788574424327288 -9.987428764201281
2.624599566112529 1.9068500242832147 1.7791078055449876 -9.987780939934042
2.59211177295475 1.9075393823167033 1.7791089051872555 -9.988098280290844
2.5596225762020484 1.9083935599664308 1.7788827035578798 -9.988315502573649
2.5271335603094442 1.9094351338416757 1.7784581332362572 -9.988400562108241
2.4946461180335753 1.9107465356622313 1.7778684687747495 -9.98825930004206
2.462161483973128 1.912501871632758 1.7771494751451127 -9.987704380918933
2.429680844055087 1.915031265077963 1.7763412104200647 -9.986391920987296
2.397205377621899 1.9180124781816132 1.7754791874893119 -9.98463385079387
2.364735993266573 1.920806731876668 1.774592631610022 -9.98306039362463
2.332273270479026 1.922616391747949 1.7737028778854853 -9.982462254133342
2.299817425447546 1.9238308413065335 1.772836234075263 -9.982440162949196
2.267368465687843 1.9249967002454529 1.7720145171689166 -9.982438795387832
2.234926386919534 1.9262982039839818 1.7712467682365038 -9.982270532025433
2.2024912391286224 1.92794694030117 1.770534054687187 -9.981724210043412
2.1700631929687115 1.9299795326896931 1.76987013905843 -9.980767018485079
2.137642559200912 1.9322975788982109 1.7692442434438038 -9.979503518049825
2.1052297657534282 1.9347321038018261 1.7686442803793376 -9.978109878512926
2.0728252720661637 1.9368719739409064 1.768054892534791 -9.97700536246187
2.0404294751372682 1.9384597484494528 1.7674589568974508 -9.976455689196316
2.008042656821513 1.9397867587749096 1.766842343812322 -9.976176271905748
1.9756650235128672 1.9411373791321045 1.7661942469431917 -9.975887579118613
1.9432967370220389 1.9427343153707235 1.7655070883121577 -9.975370218040409
1.9109379353611144 1.9444614980252968 1.7647743532009772 -9.9747427967337
1.878588685787508 1.9461445206042096 1.7639901250365202 -9.974181530061665
1.8462490598486028 1.9477438260892765 1.7631464390847185 -9.973727593441458
1.813919161253088 1.949340377904528 1.7622361044790689 -9.973300541388397
1.7815991551717987 1.9509528472831141 1.7612517977137188 -9.972881294102793
1.7492892958103556 1.9526314397230755 1.7601881549394731 -9.972418132703032
1.7169899301002904 1.954430534009794 1.7590422089007105 -9.971854069599766
1.6847014974727057 1.9563154012081185 1.7578122645675216 -9.97122063958495
1.6524245098936055 1.958167783708993 1.7564974173542578 -9.970632628809955
1.620159553089972 1.9598668558134371 1.7550971578379384 -9.970207428652769
1.587907284804827 1.9615162577052168 1.7536145694012735 -9.969837142997937
1.5556684614316627 1.9631602875774674 1.7520511367891756 -9.969473709389037
1.5234439444395202 1.964755168385805 1.7504016897984613 -9.969158357205748
1.4912347457162878 1.9662831824927487 1.748654991846385 -9.968907099823301
1.4590421002257097 1.9677567217005303 1.7467936494410292 -9.968706695317323
1.4268675557890054 1.9691085547277487 1.7447933993925355 -9.968625220667155
1.394713015273841 1.9703058329752399 1.742628889055332 -9.968697859101095
1.3625806748378713 1.9713948562496466 1.7402776859366134 -9.968880275799792
1.3304729763589445 1.9724554561390641 1.7377215459488264 -9.969093459049924
1.298392585035732 1.9735570500350297 1.7349470864132899 -9.969267912480104
1.2663423380281633 1.9747496682945451 1.7319476954027848 -9.969352695586487
1.2343251635213026 1.9760708556278823 1.728725996843227 -9.96930825613664
1.2023439802153495 1.9775571236154712 1.725294922762801 -9.969094900471767
1.170401594954038 1.9797256657127693 1.7217011936479676 -9.968187305084859
1.1385005800269716 1.9836030318251552 1.718036621779335 -9.96554487482417
1.1066431403775314 1.989272919333501 1.7143770604026276 -9.96107529642138
1.0748309971448855 1.9959701604933056 1.7107710162478036 -9.95554056589565
1.0430653080326904 2.00286515715689 1.7072697308799105 -9.94976626151407
1.0113465114611584 2.0068144743863514 1.7038144528083508 -9.946906992441395
