7.846268132654659 0.05199278111156997 1.1260101518456802 -38.92575697379173
7.799026417581451 0.05616737629438353 1.1258497464602146 -38.924590605134284
7.751727556166042 0.05958327901202122 1.1262142889085895 -38.92424458749581
7.704370050393252 0.06233870001811328 1.1271656491860742 -38.92446525262409
7.656951555478166 0.06555721939236062 1.1287372810658576 -38.923930104636874
7.609470086816569 0.06964349078943312 1.1309012524993696 -38.922057316336776
7.561925259180011 0.07181687296479922 1.1336715301090332 -38.92155015196576
7.514322846603792 0.07127411840275893 1.1370742686296869 -38.92309457143838
7.466675165266844 0.06918063176260345 1.1410802902993409 -38.92541496074575
7.418997741978744 0.06681866836303627 1.1455980676992106 -38.92716912237778
7.371306806476946 0.06489043669502823 1.1504865726345341 -38.927644276950026
7.323620546171287 0.061413145723183994 1.1556779184994872 -38.928782737753195
7.275958554668622 0.05627723198176173 1.1610251643716434 -38.93066455767994
7.228338969384742 0.049712953341460565 1.1663645622473104 -38.93304801409789
7.180778859482464 0.04148143988286155 1.1715592016602625 -38.93615505800702
7.133295908346406 0.032237765769578576 1.176479763992895 -38.939373440025015
7.085907943547228 0.02382986010572876 1.1810093525820557 -38.941009079914785
7.0386300681787155 0.016763732815205105 1.1851250337455494 -38.940673611740536
6.991475175558449 0.009825945818283326 1.1888773789187932 -38.939591809670986
6.944455739887261 0.0030917423293339795 1.1922990244328087 -38.93780635961279
6.897584003756559 -0.0015761570243669877 1.1954073995605567 -38.93376011834956
6.850867198001407 -0.007464227221812675 1.1983076241480322 -38.93061243648708
6.804313172682829 -0.013471185148810565 1.200979906935005 -38.927506042032554
6.757920042240787 -0.0241901491460839 1.203384270103595 -38.9287944771018
6.711691398305401 -0.034619301999363465 1.2052121081274554 -38.93009045980332
6.665614219390763 -0.044423795897853544 1.2061836279841405 -38.93122330446959
6.619671259698782 -0.05227412774812539 1.2061597558464634 -38.93105802577919
6.573844440967876 -0.05752800534245586 1.205124413927375 -38.92905452288001
6.528118763834158 -0.05944656905663326 1.2031522176408187 -38.92456198455815
6.482483428769474 -0.059793211786658466 1.2002895483042701 -38.91925948398624
6.436935128559801 -0.06071216364196759 1.1965497227951376 -38.91520693282571
6.391472850469707 -0.06295133117744392 1.192030853940868 -38.91317148521135
6.346090155697274 -0.06522925893507191 1.187023513674585 -38.91196879590288
6.300775604563052 -0.06700910006369569 1.1817900366029743 -38.911065889314756
6.255515881655886 -0.06842382897374945 1.1765498383202535 -38.91052813498455
6.210298540064676 -0.060298055887354214 1.1720954427130774 -38.9012093370302
6.165108917395371 -0.050751739089826546 1.168125818318793 -38.89088105714432
6.11994227851225 -0.05021477848165435 1.1643310733588423 -38.889689615405814
6.074801941613198 -0.05168316029865099 1.1613321265822734 -38.890430332238694
6.029685065832513 -0.051322137494030556 1.1595113706062998 -38.889062672188835
5.984582311632089 -0.05330841198695626 1.1590024871124485 -38.8895315028672
5.9394931185283815 -0.05781934363639064 1.160110420160858 -38.891901717834834
5.894424261045716 -0.0647736989545748 1.163034151787372 -38.89603624296398
5.849384293652624 -0.07315392529320955 1.1678229741061479 -38.900934306838835
5.804383022219636 -0.08286295526812137 1.1744373353476236 -38.90653084854385
5.7594317846837635 -0.09625197502792272 1.1829601611976723 -38.915126305490915
5.714545200467108 -0.10701173357622415 1.192847568535405 -38.92077206072482
5.669734065475712 -0.10823021967619481 1.2031834426944192 -38.91700195758436
5.625003371083087 -0.10835004014857842 1.214362290631461 -38.91190047089082
5.580367401854756 -0.10711806747165181 1.2259383043045795 -38.9052606300216
5.535843638926378 -0.10581307183390079 1.2375919768998747 -38.8982918267112
5.49144662074779 -0.1079522758140169 1.2492389489771727 -38.89427041709645
5.447193900326468 -0.11439941717364889 1.260586249890483 -38.89401536285334
5.403103694277825 -0.12277429657794277 1.2709990958342934 -38.895339273169235
5.3591862224537525 -0.13199718552393608 1.2799332582746221 -38.89729072260998
5.315445210023207 -0.14048145884256802 1.2869137833322342 -38.89845409880668
5.271876685888138 -0.14736331613718115 1.2917655082593937 -38.89809477330647
5.228472678751778 -0.1537446288985013 1.2945016250275372 -38.89728828322309
5.185226938483068 -0.15969706870795938 1.295167668588283 -38.89614392738217
5.142134154154944 -0.1658065967710513 1.2938675420185133 -38.89524641628599
5.099190780259729 -0.17219599384796402 1.2907456959903043 -38.89474926326969
5.05639297684383 -0.17848424071086538 1.286015282342517 -38.894335872853425
5.013735454801095 -0.18363218677926307 1.2800048100181853 -38.89306594255678
4.971211250793447 -0.18804300171698674 1.2730468911160433 -38.891341618420256
4.928815226819505 -0.1908336802378058 1.2656458634328833 -38.88838122424606
4.886541375580811 -0.19236547597011014 1.2582370899230508 -38.884609979148586
4.844384974948943 -0.20536737171412908 1.250216991671876 -38.89217268513167
4.8023529972429495 -0.20764236120226975 1.243773362941128 -38.890086853062215
4.760427372710493 -0.20719421756240988 1.238695271810905 -38.885896985078816
4.718599851198032 -0.20746911416700164 1.2351709829795154 -38.88285954842214
4.676864629978331 -0.20748065239585348 1.2335815731736002 -38.880008019051
4.635212696791134 -0.20884412108279843 1.2340701369722795 -38.87887675617402
4.593634842844669 -0.21110880081002353 1.2367097586873856 -38.87897744232942
4.5521225305116015 -0.2142329177273457 1.2414298477611532 -38.88021061314219
4.510668834851411 -0.21951095317715838 1.2481416083972237 -38.88377805716751
4.469269298996988 -0.22400266086754592 1.2564403617962576 -38.88672906578445
4.427919234432091 -0.2266673112866623 1.26587276303356 -38.88796003377712
4.38661473114646 -0.22912752135246067 1.276153434367205 -38.888975279999904
4.345357187866264 -0.22908419129761573 1.2866677474303057 -38.887446077271385
4.304149324132039 -0.2291462748682901 1.2973025735851802 -38.88586796055589
4.262999506730575 -0.23058052850807634 1.3078593324734238 -38.88541769924035
4.221917475991612 -0.23290917409975692 1.3180866986206297 -38.88559606536926
4.1809112287649635 -0.23585742936030624 1.3278395009025246 -38.88612126681398
4.139988064561558 -0.23932335417411146 1.3370391298503816 -38.88689689152757
4.099155005589046 -0.24317912526684654 1.3456338117621123 -38.88782034550917
4.058418255097053 -0.24726481454208427 1.3535866758751778 -38.88877204282422
4.0177828987108475 -0.2512308440237359 1.3608585000838687 -38.889457908294055
3.9772525886862082 -0.2557266054612794 1.3674753402030333 -38.890549587172195
3.9368306853285615 -0.2607346138507874 1.3734062184094882 -38.89207518242959
3.896519142570713 -0.2661155345647906 1.3785938145279812 -38.893944289448505
3.856318169721245 -0.2713817232565213 1.3829474417537067 -38.895730661142174
3.816225933956822 -0.27655086388563604 1.3863860023844718 -38.89749093375738
3.7762392260388644 -0.28125410271259926 1.3888449540152432 -38.89890690823835
3.7363531983694167 -0.28564172006250566 1.3903004912196721 -38.90015008223302
3.6965633030834075 -0.2892811196532234 1.3907611028654814 -38.900824723297966
3.65686438349221 -0.2920043466367457 1.3902888307812584 -38.900784796243656
3.6172512126287732 -0.2939379543069789 1.388983026504387 -38.90017629135991
3.577718086783243 -0.29557966534058905 1.3869754244450085 -38.899520973662995
3.538258843783548 -0.29809471180395986 1.3843857399318997 -38.89999806263062
3.498866050471713 -0.29945145116230637 1.3814515156959195 -38.899656807670276
3.45952854502125 -0.30007906424110486 1.3783768115175496 -38.89891867364828
3.4202356207953044 -0.29974431280462477 1.3754124150697393 -38.89754119784186
3.3809775117980094 -0.2993812825542033 1.3727599619904034 -38.89641681179877
3.3417466744318536 -0.2985892065848403 1.370637909355449 -38.89511927872666
3.302536911933512 -0.298296282767896 1.3692023545216827 -38.89451719095088
3.263343470275549 -0.29846243423517893 1.368608644875624 -38.89451275857619
3.224163043549015 -0.29973605329657205 1.368910680209137 -38.895688030829824
3.1849943226818853 -0.3027179335523771 1.3701392034008175 -38.89857884719649
3.1458375087577606 -0.30635962606926725 1.3723291118825531 -38.902080929016165
3.1066947490681063 -0.30945931758885614 1.375456632499882 -38.90495426324455
3.0675697521044385 -0.3111002023796564 1.3794447813514958 -38.90626081013627
3.0284672332962894 -0.3111248459833598 1.384193181436761 -38.90583093952318
2.9893927164402774 -0.31229034036503195 1.3896974553571115 -38.90639615595312
2.950352746072108 -0.31373360838769665 1.3957414102113601 -38.90710729695484
2.9113525302566776 -0.31598755684551516 1.402148041606934 -38.90847802563069
2.872397691937126 -0.3177710509670421 1.408641225398084 -38.90922849950069
2.8334933140072285 -0.3194300818137762 1.4150646200069055 -38.90968734680897
2.7946451812038715 -0.3210902411688111 1.4213018996567142 -38.90998195874478
2.7558590053712937 -0.32287126177406017 1.4272874187037967 -38.910248846597625
2.7171399805087457 -0.3242480516419352 1.4329449499757476 -38.91000222936411
2.6784919550283233 -0.32518522729914684 1.43823559980783 -38.90924193890935
2.6399174191905215 -0.3268989595365106 1.4431527470540257 -38.909194525390724
2.601418182950719 -0.33030148470720566 1.4476358134503151 -38.91079467377698
2.5629949047275145 -0.3339598132758352 1.451485236917597 -38.91268092043952
2.5246454068512967 -0.3374647599709437 1.4545547608587717 -38.91448507092242
2.486365937692205 -0.3406919273537595 1.4567352018405513 -38.916109521183394
2.448151694345188 -0.3434446339496655 1.4579677886684042 -38.91737876253088
2.4099969628420626 -0.3455520029031616 1.4582553322562712 -38.918137918257955
2.371895332688511 -0.3458907325913397 1.4576653291408288 -38.91729326314335
2.3338393436814737 -0.34650820991739045 1.45627082984761 -38.916886070695746
2.295821413675721 -0.34687001704013465 1.4541883997786904 -38.91642148534952
2.2578323862297554 -0.34739305054484726 1.45155652145015 -38.91632661737917
2.219862585242019 -0.3478709364647936 1.4485583471270917 -38.916395899228235
2.18190237062641 -0.34646319748768123 1.445456597350003 -38.91477717528878
2.143943045577667 -0.34323023581711787 1.442447344652413 -38.91149134617074
2.105977465912266 -0.33923365268199096 1.4396715677654428 -38.9075617484174
2.067999852328629 -0.33880732908677863 1.4371711462499677 -38.907299698381614
2.0300045990482274 -0.33911944613674777 1.4351979053830755 -38.90784060166586
1.9919889029549227 -0.3401179466256025 1.433874270364719 -38.90909087579932
1.953951954403978 -0.3423085052048637 1.433261936384664 -38.911513288152946
1.9158946423403034 -0.3434722490339358 1.433393289809785 -38.91283534747987
1.8778204032047485 -0.3445911107647427 1.4342410660926734 -38.9140099138294
1.8397332808500464 -0.3455592351664973 1.4357357152958052 -38.91491250190023
1.8016377919520539 -0.3471973011249472 1.4377858871017535 -38.91634984955803
1.7635384530789346 -0.34949202204841034 1.4402786591428924 -38.91829855491588
1.7254401128918515 -0.35228813950837357 1.4430865120418048 -38.92059670148729
1.6873479232325281 -0.35535298014672334 1.446076520471259 -38.92300592011211
1.6492672627624212 -0.35856074998244214 1.449126583289235 -38.92539471241863
1.6112035761880872 -0.3619070905930774 1.4521347359928412 -38.92775477221662
1.5731622443732043 -0.36503983010730356 1.455009416482246 -38.92973548152608
1.535148480542846 -0.36791298266941014 1.457693780035227 -38.931293304932765
1.497167198836211 -0.37037512054804683 1.4601501897725244 -38.932284761288315
1.4592227736291783 -0.3701633868747062 1.4623147376083914 -38.93048175091685
1.4213185293239874 -0.3675232899589158 1.4641952446106383 -38.926140865954096
1.3834567149491745 -0.36483053242652197 1.4658170137917053 -38.92163046900508
1.3456386059632577 -0.36491018775501133 1.4671525715757572 -38.919775230972284
1.3078641842954462 -0.36716929005126603 1.4680779433700528 -38.92003353347139
1.270131449685418 -0.3694873185467734 1.4684935469053317 -38.920343483976076
1.2324359732287373 -0.3718823562824924 1.4683459192627533 -38.920749648044016
1.1947715703054507 -0.37401465244922 1.4675885822806118 -38.92092950191351
1.157131120582212 -0.37581186270752226 1.4662270289498982 -38.920808957056956
1.1195068934535457 -0.37740305637152305 1.4643050407566294 -38.92050130447038
1.0818909804798627 -0.3788969358231049 1.4618921220291605 -38.920092230130706
1.0442755756664304 -0.38029607608449406 1.4590818003115185 -38.91955349054539
1.0066533222777043 -0.3814196898468137 1.4559780311899568 -38.918667814515956
