8.03305651663855 -3.0511897557151144 2.6141361831182013 -54.31754435997428
7.9864697309406125 -3.0442940725674843 2.6134805022162633 -54.31435944011421
7.939852934043585 -3.0392237585753694 2.612331179025117 -54.313586124410115
7.893202443662412 -3.0345655013080846 2.610669488865851 -54.31340059604128
7.846516690750011 -3.0306624739494814 2.6085198045802405 -54.31382199268347
7.7997939400720595 -3.0274255647390063 2.6059310937716766 -54.31442810573425
7.75303176695994 -3.0235115753610082 2.6029930029111426 -54.31347668314791
7.706229894253012 -3.0199580049746855 2.5997744008627923 -54.31171252024612
7.659392936680348 -3.018216005414387 2.5963125335986224 -54.31037757351688
7.612529203694284 -3.018846338386023 2.592624954256434 -54.30980765830735
7.565649288111322 -3.0217824572376344 2.5887295391100364 -54.30976143644799
7.51876565369434 -3.027184565455042 2.5846333371324515 -54.310287766725914
7.4718913347177525 -3.034806798662715 2.580358358427348 -54.311103630150356
7.425039915822991 -3.044506212042556 2.57592532115889 -54.3120855543581
7.3782248824662355 -3.055985949654649 2.5713627779491626 -54.31300516725246
7.331458969026265 -3.0690440067940252 2.5666904556468535 -54.31375131672782
7.28475442182776 -3.0835279767803554 2.561909359859587 -54.31428002331564
7.238123717810708 -3.0985918262776484 2.557019427656526 -54.31398082920546
7.191578203170994 -3.114175339283452 2.551980023412715 -54.31297687199389
7.145129354201893 -3.1313106068967986 2.546698775933023 -54.31234897046447
7.098791713254481 3.1335024983981263 2.541135059785525 -54.31207277387323
7.052574588490371 3.11568510804167 2.535374241816619 -54.31088987865717
7.006482134726254 3.099133526011915 2.529523039955463 -54.30844138620438
6.960517202564225 3.082875646573352 2.5236404745072982 -54.30575859960861
6.914683950098628 3.0628143449772187 2.517651537573986 -54.30647815225872
6.868988915516023 3.041690828340016 2.511787659963426 -54.30855749460728
6.823428358569799 3.0215605468466675 2.506414372261481 -54.31047433056557
6.777988671859175 3.0025363306104427 2.5018337269897333 -54.31223219648091
6.732653729528949 2.9850815137101003 2.4982472198723618 -54.31344676572962
6.687409262167594 2.9690960096175383 2.495752315260222 -54.31416141562388
6.642245548210733 2.954371633835768 2.494393519032542 -54.31448955220082
6.59715673161506 2.9408286953284035 2.4941596341176524 -54.31442467520854
6.552140030536415 2.928732328342797 2.49497754768446 -54.313660026966836
6.507194617199312 2.917989288082661 2.4967191751645705 -54.31221439836595
6.462322000359861 2.9103612879098097 2.4991536882155483 -54.30847973960051
6.417523517481523 2.906013292727252 2.502048438251381 -54.302298748693296
6.372798720938396 2.9044529934550525 2.5051710667813523 -54.294160369972055
6.328150001479573 2.9036393576007535 2.5083482991550983 -54.28596192621531
6.283581633597393 2.8974346114223577 2.511551439883798 -54.28330699440136
6.239101996128137 2.88987440354024 2.5142667816353828 -54.28249145156291
6.194713633551368 2.8818097865571777 2.5161046512666436 -54.28253836130671
6.150409763495927 2.87167372610941 2.516754567338559 -54.28466079344541
6.106182990026839 2.862855415227803 2.5157946420026436 -54.285616227006514
6.062024663161071 2.8537636399417914 2.5129050754153486 -54.28686475429491
6.017928465342677 2.8429199288429303 2.5077489970279463 -54.28983087680003
5.973889975999214 2.829932969527021 2.500057719053235 -54.294904323364015
5.929909768755809 2.816354671395934 2.489801863497867 -54.300696461914555
5.885991983991217 2.8033013534502627 2.477158230782041 -54.30621524545516
5.842141800075874 2.7918286182435987 2.462461331556162 -54.31052473291726
5.798363664594444 2.7869567785905875 2.446735284596672 -54.308988244085576
5.754656351208887 2.7836975446226737 2.429831295853743 -54.30625451954045
5.71102373923927 2.794566155025873 2.414370796831506 -54.29054431413799
5.667462520663006 2.7987568467666977 2.397552001256351 -54.28123807337257
5.623996110941505 2.7956577830828158 2.3798549287817057 -54.278777562327974
5.580640198318589 2.7887266924129266 2.3625234473371646 -54.27975194366889
5.537397840953322 2.7823689074246443 2.346910155568133 -54.27987821066228
5.494263442618364 2.775644134788696 2.333320034601864 -54.27993195044339
5.451231289048344 2.7683653511246904 2.321894062183986 -54.280044380087205
5.408296922434014 2.7604333374376364 2.312687246777453 -54.28027852696727
5.36545808543574 2.7523815306142945 2.3057125728588197 -54.280121779789134
5.322714826192649 2.744205019746841 2.3008312300415343 -54.27956920318902
5.280068722995109 2.7360820843411395 2.297832126637134 -54.27846579848699
5.237521867192011 2.7277022508613156 2.2964389816259345 -54.27712617023598
5.195078740814293 2.718724209739998 2.2963260417744196 -54.27591715873466
5.152745275119436 2.7096227343543973 2.297119448176847 -54.27451862856802
5.110527480868052 2.7018752606536647 2.2984179593878484 -54.27176529419119
5.068430827866777 2.6920231834458157 2.2999397164349675 -54.27094790892909
5.026462266622953 2.6812232900576154 2.3013339758912656 -54.27119875485689
4.984624700602825 2.6709466897716565 2.3022389241103873 -54.271343343174124
4.942917901078765 2.6617606985888846 2.30230584787199 -54.270987617313295
4.901335826900202 2.6547889572625216 2.3012407977896974 -54.26923226294529
4.859868323286086 2.648516706665341 2.298817928722338 -54.26759351175367
4.818507816873526 2.642873869355352 2.2948435242969967 -54.26631677734899
4.777246850865007 2.6373325117202193 2.289167485648274 -54.26602402526635
4.736078834911078 2.632290865762818 2.2817704090831916 -54.26641084523044
4.694997112189167 2.627372026232261 2.272692637134233 -54.2678269938001
4.653995126170588 2.62230085026581 2.262058521078381 -54.270475080806335
4.613066545882957 2.6202561621467235 2.2504532529386894 -54.27111726205721
4.572202654763419 2.6206543313181614 2.2382500922117847 -54.27006105808912
4.531398856752536 2.6214361671413395 2.2256776916153926 -54.26910119233878
4.49065366558174 2.621682186548344 2.213039928326829 -54.269000337168784
4.449963001860829 2.622076129863405 2.2008277486730328 -54.26895338200257
4.409318326741336 2.62211882725113 2.1894154884761843 -54.26933597290598
4.368710732991895 2.6216444162486643 2.1791134448524287 -54.270146753912194
4.32813669226088 2.6208583087273407 2.170142489566407 -54.27102871101683
4.287593775143451 2.6199257679496872 2.1625653765078137 -54.27169331191472
4.247081590237657 2.618400031047446 2.1562720830023485 -54.27249156818385
4.206602871561156 2.61663779808793 2.15113086534834 -54.27302909008239
4.1661623212566985 2.6154138206174653 2.14697239792289 -54.27254153682467
4.125765659120447 2.613554375172601 2.143515139614028 -54.27219645326147
4.08542085820327 2.6105584621171 2.1404552952213396 -54.27253568956027
4.045136135529098 2.6058491183013945 2.1374865742636735 -54.27419591118484
4.004918531534914 2.6003035271589696 2.1343537065437204 -54.27640889255307
3.9647726207873855 2.5942318856368183 2.1308570585623383 -54.27893399366657
3.9247019215614776 2.588630114420845 2.126851968624646 -54.28088264238077
3.884708910147426 2.5836984824334395 2.122225225387154 -54.282135365871305
3.844795513828269 2.57933729643044 2.116902788294498 -54.28288514122643
3.80496355953729 2.5751802219776696 2.110834468881831 -54.283560694956506
3.765214806564492 2.5712498129410224 2.1040457180219043 -54.28418928087677
3.7255501474154378 2.567954772986711 2.0966541141922783 -54.284409514781025
3.685969689023335 2.565337656598341 2.0888099680687784 -54.28418536730798
3.646473830369888 2.566171040595046 2.0809218664231106 -54.280829982854044
3.607060927926707 2.564374597619981 2.0727822968858494 -54.28019876996185
3.56773256974884 2.5600947063089037 2.064657299647132 -54.282180414667415
3.528485779755169 2.5559178653784604 2.056974680563697 -54.284303176237124
3.489312389337376 2.552294695185312 2.0500023158364287 -54.28613495024311
3.4502029662846883 2.5491770614141815 2.043929725417092 -54.28772566763451
3.4111479144398085 2.5466723340135413 2.03888530584009 -54.288974460754964
3.3721376766518207 2.5447919576670364 2.0349260540096696 -54.28987058355957
3.3331631317820647 2.543426245311045 2.0320460133178346 -54.29052228918098
3.294215820372122 2.542510977277005 2.0301945687232816 -54.29099177460273
3.2552879262909227 2.5420059283584187 2.0292865749299183 -54.29131250054334
3.216372335942564 2.5419200692341772 2.0292079702335775 -54.2914623231788
3.177462736674595 2.544328036166003 2.0297972027835076 -54.28935669527046
3.138553977058133 2.5503364315795367 2.0308555627543257 -54.2838566751798
3.099643036601648 2.5563711088261187 2.0322616845530104 -54.27849151383214
3.0607279721240688 2.5573966658793337 2.033932212850068 -54.27825433053507
3.0218074962345103 2.5574217202930187 2.035571602972312 -54.27908848882164
2.9828824648069285 2.5552953997013357 2.0369738946191025 -54.28207526985248
2.9439536926247474 2.552959684562051 2.0378479080932412 -54.285199175295325
2.905023567391177 2.5514448331859363 2.037934666138835 -54.28738003259818
2.8660954880287735 2.5497361419398703 2.0370580602912174 -54.28960381599953
2.8271735717579434 2.547358112675132 2.0350529784304956 -54.292346255730266
2.788263083432784 2.544199210544201 2.031780166120952 -54.29575416805018
2.7493694885075657 2.5403672908277257 2.027147200686486 -54.299767569856954
2.710498590031149 2.5372276876376225 2.0211924903208023 -54.30306878418114
2.6716561347581385 2.537209477594246 2.0141533629824426 -54.30327369474022
2.6328472920913017 2.53823347889559 2.0060809334992573 -54.30246063637508
2.594077385662086 2.5411274065361136 1.9972991583564743 -54.29979617360033
2.5553502771043775 2.5493692190921546 1.9884923707653341 -54.291781418559125
2.5166679630810926 2.5582961273540463 1.979606004334377 -54.28300909889173
2.4780340648722676 2.559633224563989 1.9702451150867792 -54.28163624221623
2.439454022267835 2.5585041206602934 1.9612055945858191 -54.282529403620394
2.400928336709443 2.5569284174229576 1.9529968304548684 -54.28366032900658
2.3624554072521913 2.5551385874820283 1.9458694757153834 -54.284794659430254
2.324032901801295 2.5529615975237094 1.9399469911047358 -54.28611359631183
2.2856581978022725 2.550817508767172 1.9353075192903082 -54.28722321345849
2.247328513856264 2.549093513257958 1.9319553927222197 -54.2877720335715
2.209041033498476 2.5474809211921277 1.9298237977402017 -54.288097663158176
2.1707931741748148 2.5456994953096137 1.9288225953058786 -54.28851809873581
2.132582314798967 2.5437965902813726 1.9288489346310411 -54.28903936354915
2.0944053312495003 2.542590773971922 1.9297764510485966 -54.28891792453814
2.056258309824432 2.5444692043470742 1.931424303829334 -54.28587352658744
2.0181365187154294 2.547790402453684 1.9336594603250612 -54.28158308281221
1.9800354571425425 2.549307925443522 1.936411424868495 -54.27931766754315
1.9419497829780608 2.5505156999260596 1.9394671174708915 -54.2776569848888
1.9038734628937888 2.550211827595733 1.9426598884558655 -54.277818310592046
1.8658004619966349 2.550340454651003 1.9456979100519982 -54.2778943367364
1.8277254363225732 2.550938031316251 1.9483692521904499 -54.27783393852991
1.7896441854745333 2.551531590736355 1.9505024945331109 -54.27808350872149
1.7515535210779847 2.5519461442774007 1.951980401995652 -54.278779646776584
1.7134513003015734 2.551798054221976 1.9527444244009233 -54.280256501507345
1.6753363602027649 2.551672594452207 1.9527597279346365 -54.281867961023444
1.6372089501099876 2.55252364415124 1.9520446066101789 -54.28259574134234
1.5990707548658678 2.553859469560787 1.950668038942163 -54.28288609318113
1.5609240693220905 2.5554454974776926 1.9487431082300188 -54.28293525860606
1.522771398076635 2.5572127051142934 1.9464199497429187 -54.28277800493822
1.4846151857828565 2.5594027532848034 1.9438668022438363 -54.28214733842805
1.4464577042578055 2.561625765419054 1.941254887914876 -54.28140659182574
1.4083010250569263 2.562716549437003 1.9387281368095388 -54.28170581258135
1.3701466241874276 2.5635027827732695 1.9364606260265582 -54.282194819357734
1.3319956469700185 2.56416747321745 1.934555233183926 -54.282684760703205
1.293848928354197 2.564845923063166 1.9330764304129793 -54.283045223425646
1.2557070156144234 2.5655665587583423 1.93206670437058 -54.283262257873034
1.2175701161944958 2.566288447343287 1.9315538646748558 -54.28339707133182
1.1794380388407995 2.5669087493730474 1.9315597883469755 -54.28357643791432
1.1413101216804418 2.567443938617844 1.932108149211389 -54.28380894494542
1.1031852315657984 2.5679696916351733 1.933211544159482 -54.28404460760661
1.0650618215666496 2.568628409967491 1.9348687708401051 -54.284168483001935
1.0269379982816444 2.5697807021244032 1.9370636782391228 -54.28384906092727
