8.048294437607195 -2.222835009023546 1.0885246548806653 -37.130581183984276
7.951696901456492 -2.2178313540864516 1.100997396330561 -37.128380967429564
7.8552351122125526 -2.2133252109687853 1.1130822477308382 -37.12598693015488
7.758896088444994 -2.2103463855387893 1.1245103226437736 -37.124551090481894
7.662666869085398 -2.2136066060375175 1.1354098000723651 -37.12883610046108
7.5665353163828755 -2.2186129257475726 1.1450216064347607 -37.13453824265506
7.470477489426294 -2.2197075484292315 1.1527533341121556 -37.13623798313879
7.374461791685759 -2.2185025002910717 1.1587771084972234 -37.135618143724926
7.2784639012377275 -2.217930120397291 1.1633687108211639 -37.13562481574313
7.182462450037858 -2.2172523595509537 1.1666475118376627 -37.13559313119794
7.086437345727727 -2.207759486942345 1.1686258252744628 -37.12705372881152
6.990376093608467 -2.2052040876704293 1.1699866686436238 -37.12549574735813
6.894281528645041 -2.202930999031445 1.1709416383641549 -37.12448615775068
6.798142786475048 -2.202307407227729 1.171849626853437 -37.12546457216615
6.701914381101897 -2.2079500953673312 1.1729655770055014 -37.133126615558
6.605572736268424 -2.2128312668214805 1.1743650900240674 -37.1406097480125
6.509122473001458 -2.217418415349872 1.1762367271874237 -37.1483988847085
6.412583339302318 -2.2216329527722003 1.1787620787644315 -37.15639552811136
6.315985249748711 -2.2258619137936706 1.1821900147271769 -37.164930645015716
6.219363734740201 -2.229587833418803 1.1867951572626358 -37.173375646468955
6.1227540902969 -2.233170846971897 1.1929437627350623 -37.18193599194353
6.026197760155311 -2.2370258346012206 1.2010601244238241 -37.19081073291062
5.929749517169517 -2.2419997965290994 1.2115501592024742 -37.20058902707059
5.833468674230128 -2.2499332872751774 1.2250210443506686 -37.21282638862944
5.737415882466296 -2.2615768863441192 1.2420675001542345 -37.227904129107905
5.641651948646549 -2.274034463409563 1.262687027946691 -37.24253955951533
5.546225787412555 -2.2868477498373 1.2870614900846413 -37.25603480120963
5.451182646480584 -2.2988453588837734 1.3150219350288919 -37.2671224194113
5.356554341818526 -2.311120314395357 1.3467168863501886 -37.27685940989738
5.26236437296364 -2.31357000544539 1.378606156011035 -37.27588487633533
5.168587142025709 -2.309574195967391 1.4106398669273152 -37.26786939698006
5.0751892852332245 -2.3045047783063377 1.443746465254643 -37.2581789660387
4.982141036138861 -2.296671062329673 1.4766298445980288 -37.24554450524214
4.889403072511414 -2.291266430002192 1.510605056000031 -37.23498431290494
4.796950236014083 -2.312323794032183 1.5535301941800186 -37.248855104441255
4.704854378006326 -2.326334550823364 1.5930809891237905 -37.256620080646066
4.613086055814489 -2.3227513772260804 1.625538355765842 -37.24865772590549
4.521588712343762 -2.314463226402429 1.6551968564533037 -37.23701357043787
4.430339434824161 -2.3075721820132706 1.6837768019547839 -37.22751181344739
4.3393253509584735 -2.3088366066829793 1.7127776926647067 -37.22669844889385
4.2485496906575335 -2.3221154129294894 1.7423533108948437 -37.238490172213076
4.158015704619752 -2.3395346089589872 1.7696204721173712 -37.25537158634813
4.067696075202618 -2.3452359790080033 1.7909368469850544 -37.26167497246494
3.9775330465224394 -2.3465485498837975 1.808114742392161 -37.26434146208281
3.887483492573014 -2.348250599080764 1.8220189160404245 -37.267931684020326
3.7975153415312026 -2.3464390227272705 1.8323177165942246 -37.26840808212545
3.7075987378233317 -2.338088032748996 1.8392384608346133 -37.262571581627114
3.6177082492707404 -2.324925653704284 1.8436227491828514 -37.25195834903574
3.527829922077553 -2.315362818789622 1.8462963917791022 -37.24484085210891
3.4379582738283188 -2.3081941401843964 1.84766052959497 -37.23990773020209
3.348086718361918 -2.3035117536664576 1.8480886336215085 -37.2371797679032
3.2582098943539637 -2.2999954371238824 1.8479714126653743 -37.23529823630674
3.1683219860301333 -2.2970551517180757 1.8476533435221512 -37.23361414988472
3.0784196918298106 -2.293468001962405 1.8473701391067006 -37.23087594341661
2.9885084930597396 -2.289085267216213 1.8473195534366869 -37.22693153870839
2.8986029840006995 -2.284546740397825 1.8476832379378547 -37.222445323259095
2.808718794748031 -2.282929397112698 1.8487179104157898 -37.22044223064634
2.718874155976273 -2.283760427936521 1.8507145038411392 -37.220481403853434
2.6290856640823446 -2.2849427571512413 1.8538494664095717 -37.220549063418915
2.539368046301312 -2.2863741399544253 1.8582374548217617 -37.22056527643885
2.4497359398974483 -2.2880496294591883 1.8639213279483102 -37.22054476132352
2.360202873825681 -2.289926378676629 1.8708648551456608 -37.22046597355642
2.270782164503549 -2.2920081910807832 1.8789700183414395 -37.22037212427189
2.1814858579964023 -2.294113121602491 1.888072559016719 -37.2201545635157
2.0923226970814572 -2.293269928982708 1.8977458646133605 -37.21709548906652
2.0032933282904857 -2.29447049953225 1.9082447982152857 -37.21604142477669
1.9144002190597695 -2.2979484956962577 1.919448704982075 -37.21735491979774
1.825641335952589 -2.3009082779817853 1.9310033985341988 -37.218573630540185
1.7370064128699387 -2.302282528872997 1.9427303286706128 -37.21885296891172
1.6484818531035472 -2.3024558253571232 1.9545663062372636 -37.21868740399722
1.560055244612779 -2.301663058651281 1.9664128450242926 -37.218406551261666
1.4717149392719713 -2.2989501761271027 1.9779950394552228 -37.21715558807295
1.3834482273928626 -2.2914838705986456 1.988765823989371 -37.21216761191759
1.2952404128525439 -2.2817935312998463 1.9987231122230618 -37.20592755416831
1.2070833732288242 -2.272956836752839 2.007923659605258 -37.2016330218794
1.1189687718575798 -2.2643463852573067 2.016046665947653 -37.1988092838074
1.030884142005503 -2.25558421213219 2.022861311236539 -37.1971606038817
