7.819925611621366 -0.04987971623037483 1.9046090343490647 -58.1024886988588
7.739540546884416 -0.04035670703566482 1.8994785011687245 -58.09412067974261
7.659129118900134 -0.03444097104708246 1.89430859409335 -58.089345319778666
7.578728297681169 -0.03334743235249204 1.889281821055316 -58.089357601864975
7.498360270893502 -0.03315904293944695 1.8847021700215727 -58.09020366357482
7.418020130803197 -0.03352348865174967 1.8807434242056518 -58.091508771797635
7.33769259641484 -0.03433600965202738 1.8775366450045206 -58.093137734924056
7.257358083133342 -0.035552707294378594 1.8751608622818952 -58.095008393638096
7.176993661031027 -0.036472446806229505 1.8736369081187647 -58.09637282158575
7.096574441198825 -0.03796283039885123 1.8728747200635734 -58.09804869414457
7.0160763724905575 -0.038917551534501285 1.8726417512721547 -58.0988968123545
6.93549392026076 -0.04068623557031466 1.8726912911103704 -58.100246250635514
6.85482591595559 -0.04412699053246057 1.8728580571738627 -58.10293834074109
6.774064709805613 -0.05157967774525028 1.8730769285726414 -58.10925726582517
6.693186824678893 -0.06247008488959235 1.8732026808188644 -58.118616294146406
6.61215537663035 -0.07484403352563583 1.87304335253743 -58.12909742046905
6.530931402970374 -0.08717506799074 1.8724145511157553 -58.139229997161586
6.449479183276567 -0.09852573312087924 1.8711597191675813 -58.148139949938844
6.36776675885977 -0.10843103217611517 1.8691493451042884 -58.15542740765368
6.2857657978885655 -0.11725886935590182 1.8662775453898732 -58.161507025259425
6.203449867574011 -0.12565634883232 1.8624530711526042 -58.16706580171925
6.1207935711697266 -0.1307420443593024 1.8576950034769844 -58.169396312783746
6.037785510095044 -0.13176480058861298 1.8521021115137901 -58.167860713757015
5.9544329694136 -0.13068232436783217 1.8457459977654864 -58.16443220432451
5.870738150284898 -0.12990549557734513 1.8388140479040487 -58.16150019489262
5.786694185403547 -0.12900914972916705 1.8316578340633192 -58.15871684157653
5.702279606465882 -0.1284327567527203 1.8244969370183237 -58.156536753068146
5.617469693971029 -0.1342804531648177 1.817224174753146 -58.16088681284713
5.532252100864354 -0.1376207005022744 1.8105124425599606 -58.163095148810456
5.446658426942979 -0.13556825516085613 1.8046303446430958 -58.16031723639218
5.360727480208886 -0.1318612171663232 1.7995012005308175 -58.156166040210074
5.274484880322069 -0.12885030081449286 1.7951027712253134 -58.15291402685876
5.187948765980739 -0.12658235050330446 1.7914614208414112 -58.15058248809487
5.101136659932616 -0.12641905247596663 1.7885332053746428 -58.15048927323475
5.014063502591762 -0.1290745745473948 1.7862611705948512 -58.153323069781074
4.926746988398311 -0.13044720738378737 1.7845763100111545 -58.155027914731775
4.839218370465555 -0.12585177550317195 1.783312808820496 -58.15097087360744
4.751519207441055 -0.12236641950577698 1.7822912692065276 -58.14816211490755
4.663672529887784 -0.11841424132977682 1.781353906319355 -58.145054796141274
4.575697322503049 -0.1141038009839533 1.7803636189405647 -58.14176407028118
4.487602882813011 -0.11049489864197896 1.7791583780117692 -58.13934260962438
4.399393797619794 -0.10787576937357271 1.7775797118171721 -58.138080181888675
4.311071500895902 -0.10602291056291534 1.775554518293766 -58.13775701201691
4.222632719659918 -0.1046100802657485 1.7730631080191324 -58.13804586799357
4.134069733252849 -0.10336564433125005 1.7701105059303859 -58.13866907276379
4.045372221549911 -0.10221377481187732 1.766708181841744 -58.13954090164813
3.956528812006562 -0.10074366473742029 1.7628744106334326 -58.140241201180245
3.8675281649738307 -0.09881538064791878 1.7586174058254254 -58.140617508888596
3.7783613878960827 -0.09679498039055638 1.753920759217253 -58.14102302384891
3.689020948811305 -0.09444924160502903 1.7487898240947872 -58.1412146482885
3.599499744785116 -0.0917631146475323 1.7432605389658786 -58.141162607411076
3.509791822004817 -0.08894387383374437 1.737389365406192 -58.14105621634878
3.4198922185204013 -0.08582020335412571 1.7312788888068176 -58.1407054490769
3.3297981210564673 -0.08149186571092894 1.7250959859579482 -58.139193185294936
3.239510136046769 -0.07629987327649898 1.718965690835997 -58.13684160486004
3.149033156454742 -0.07048977423880287 1.7130171613548437 -58.13388699211507
3.058376407307153 -0.06447952656235384 1.7073504882176267 -58.13075017608947
2.9675514584394733 -0.05895978333999512 1.7020303848630443 -58.12813421196228
2.8765705231693404 -0.05428736813749603 1.6971194450681264 -58.12641506581207
2.7854447801287536 -0.0502598103676938 1.6926775731753056 -58.12540935063492
2.694183676467775 -0.04675953841994585 1.6887163632671338 -58.12501190773347
2.602795909781878 -0.04349969991709596 1.6852060907613284 -58.124943910890224
2.5112912696512963 -0.04128033812957625 1.6820634774955423 -58.12601454293396
2.419679885107065 -0.03899699725759064 1.6792182222113932 -58.12713120370718
2.32797430830419 -0.03630905962905257 1.6765668231303406 -58.127970706343625
2.2361865066279876 -0.033757594060085404 1.6739954288678693 -58.12908871355226
2.144326668852763 -0.031150307874999766 1.6714171806806495 -58.130299918231856
2.0524049356158125 -0.028275011964331874 1.6687558440757178 -58.131396961440615
1.9604321993253495 -0.025050572583629714 1.665955992931454 -58.13230634201342
1.8684205353604877 -0.021530860678956956 1.6629819390407852 -58.1330967025976
1.776383079807378 -0.017710353924206855 1.659815230352655 -58.13378606352695
1.6843334887456294 -0.013455713787608951 1.656451816070811 -58.13427247189665
1.5922857364388905 -0.008511203667397223 1.6528984622482399 -58.134340744485414
1.5002542897721791 -0.002902706922289779 1.6491599051576487 -58.13407090054461
1.4082538018854676 0.002940421717133982 1.6452288734381273 -58.133960774796314
1.3162986868552822 0.00951707284262368 1.641106526400005 -58.133593760258556
1.224402881326058 0.01701525956697514 1.6367692821050328 -58.13288377787335
1.1325816608272208 0.025305532290678827 1.6321568328836227 -58.13210167084814
1.040852527299996 0.03485192794462798 1.6271733367486385 -58.13098189487417
