7.878457703362675 -1.2690220253354851 1.8230338196565963 -50.77430681681083
7.787920269582133 -1.2588190354907571 1.8274652008115515 -50.7666085550368
7.697390263112827 -1.2512276808227831 1.832090180923308 -50.761561214722285
7.606911199214008 -1.2476118055681433 1.836784655471625 -50.76052666875271
7.516512018173074 -1.2460114869574173 1.8411836421099248 -50.7615357080257
7.42619165845444 -1.2448173510005864 1.8448999832519022 -50.762948042962314
7.335926039242745 -1.2427570094980127 1.8474989761423808 -50.763460086182604
7.245683700909277 -1.2400244655819297 1.8485477007884328 -50.763273993620395
7.155437949996601 -1.2376647040487831 1.8476342856965204 -50.76347112386188
7.0651694663922395 -1.2383247000887294 1.844414550348826 -50.76674999131226
6.974857109719246 -1.2419311067306023 1.838445751173102 -50.773107344663316
6.884472819180512 -1.2471667754735467 1.8294754174279773 -50.781291196334685
6.79398809535686 -1.2534815798510333 1.817346262170476 -50.79081849794448
6.703374322794648 -1.2603847488275983 1.8019624244702663 -50.80126479134869
6.612600306268516 -1.2676276565927236 1.7832156302267383 -50.81244696178516
6.521630833758399 -1.27443676998672 1.7611212370209828 -50.82363750284434
6.430432268445018 -1.2805460859751578 1.7356679726740285 -50.83460281050121
6.338971554511092 -1.2858396576909343 1.7068625735424978 -50.845237850527624
6.247215396221479 -1.28913067489701 1.6750989208980525 -50.85430268076065
6.155129227264227 -1.2906530725425787 1.6404867307432849 -50.861971327695926
6.0626727665342 -1.2911883327088087 1.603076699697503 -50.86893472617342
5.969800328486034 -1.2876228498936397 1.5646441536025877 -50.87178060810913
5.8765009058631295 -1.275453262394353 1.527987166012555 -50.86563617395594
5.782788535119625 -1.2636413667839792 1.490356471732111 -50.859633583834
5.688666347630244 -1.2567413804988867 1.4507051963951256 -50.8583592057197
5.59411241393376 -1.234931892352344 1.4182425136968881 -50.84136225745077
5.499182340002955 -1.213043924147434 1.3873178746179942 -50.8239239177245
5.403899582990899 -1.1915647153042432 1.3581431061795148 -50.80658228587918
5.308280160541365 -1.1660019970909812 1.3325130535292882 -50.784841816263494
5.212337021271835 -1.1391913998512808 1.3093847027350571 -50.76165238890623
5.1160741221866255 -1.1175695031842254 1.2867600816249969 -50.743582219805944
5.0194821731364145 -1.1033427381292822 1.2641010436405586 -50.73291445099867
4.922562659434209 -1.088704667171431 1.2433705003850115 -50.72182711670674
4.825347788564321 -1.0738392303375166 1.2243119447208903 -50.71061122091409
4.727873397327761 -1.0592746845199639 1.2066641953664805 -50.69990668572459
4.630170286638913 -1.0472001179289951 1.1898615613519854 -50.692046171604375
4.5322621282974485 -1.0427515218736787 1.1728173593255131 -50.69240245614341
4.4341605512878886 -1.0408426201329575 1.15630143039648 -50.69584955082293
4.335882863933284 -1.0394159894509918 1.1404256640281614 -50.70028694958475
4.237441202404428 -1.0351552708975524 1.1254371067243611 -50.70216630915408
4.138852281476696 -1.029912552637356 1.110769441325036 -50.70327843249959
4.04012917245712 -1.0249282829771416 1.0960256015301812 -50.704844379723255
3.941276556050801 -1.0210819395620119 1.0809202499938841 -50.707739400185346
3.8422927120157646 -1.0178140654449366 1.0654617760472511 -50.711359253300195
3.743170984548197 -1.0147713011091648 1.0496843969682401 -50.71530202866541
3.6439014307494784 -1.0117423678555242 1.0336424989987387 -50.71929976817226
3.5444728188150103 -1.0087073662943327 1.017388814705211 -50.72326255341762
3.4448701466393916 -1.0059840585294058 1.0009407983616938 -50.72739440897606
3.3450765747336564 -1.003781029791806 0.98433908307643 -50.73174229394932
3.245075605403478 -1.0032631871981483 0.9674845838415965 -50.73735199522104
3.1448573351554994 -1.0040811513045342 0.9506139621560677 -50.74377973815445
3.0444262136502958 -1.0067662828281438 0.9338483952080803 -50.75155352637943
2.9437929685587783 -1.0099845908275527 0.9176132737323318 -50.759362094833456
2.8429722173781897 -1.0126733082868289 0.9022456597703337 -50.766201293197526
2.7419789312179725 -1.0132320270029282 0.8881087889311509 -50.77054597006705
2.6408294108295403 -1.0120674473241131 0.8752181973451953 -50.77288434447222
2.53953971780875 -1.0083952996951566 0.863743812218953 -50.77255649652955
2.4381266973116738 -1.003199401137566 0.8536195971913877 -50.770674123622356
2.3366068708272194 -0.997546653406438 0.8447890933094716 -50.76844510181499
2.2349945684874823 -0.9912875001120599 0.837320243033656 -50.765881655048545
2.1333028043790723 -0.9851243407769111 0.8311986436084479 -50.76383898268866
2.031539750517002 -0.9788934064304062 0.826455599044161 -50.76228299582523
1.9297107880431645 -0.9725174103232496 0.8230741314644129 -50.76122361234689
1.8278204463891454 -0.9663841944222606 0.8210063878078376 -50.76110950770041
1.725873136187736 -0.960288370628259 0.82021467224305 -50.76176347415317
1.6238736771577624 -0.9537219596291022 0.8206448671545062 -50.7626519194845
1.5218272437618634 -0.9462164676808399 0.8222195568880275 -50.763230852904236
1.4197404373898794 -0.9376541086571399 0.8248471721340586 -50.76328969364548
1.317621101153561 -0.9276745084053969 0.828414846143551 -50.76235385808862
1.2154785514612354 -0.9163834959250614 0.8328076043549719 -50.76043039194511
1.1133240570191414 -0.9054768151489818 0.8379790825432564 -50.75921690335165
1.0111717950540977 -0.895121461003584 0.8438423906477172 -50.75892848703434
