7.827624829711373 0.3052386208977776 1.0728386059892894 -2.2637522588828185
7.806481134022995 0.305155120900346 1.073318566200828 -2.2643511799454896
7.7853307452371014 0.30448348590828983 1.073924818430965 -2.2653308556769653
7.7641784503022535 0.3039622608972127 1.0746182728180127 -2.265973608991602
7.7430287454788544 0.30368560834764313 1.0753597428072732 -2.266222948806126
7.7218847631032626 0.30403177392727804 1.0761055113141362 -2.265751601514542
7.700748142153359 0.30544565732909384 1.0768196864481054 -2.264176208197229
7.679619627972342 0.30535722382199826 1.0775073075147101 -2.2641341874317416
7.658498009889415 0.30528415720488994 1.0781341257460026 -2.2642108952466677
7.637379451785468 0.30521522406871715 1.0787025959567647 -2.264494878795743
7.616258490820943 0.30528783677067556 1.079227135084939 -2.264913337066276
7.595128250128326 0.3058059819901193 1.0797202040785052 -2.2652167856490557
7.573980506458857 0.3072766118087466 1.0801914152038217 -2.2649334471174605
7.552806656506226 0.30942878430198056 1.0806701973146544 -2.264358766359365
7.531598054783323 0.31213260055076253 1.0812007690549266 -2.2636364019967266
7.510345718278986 0.3153059067941453 1.0818400965158663 -2.2628516171069757
7.489040490579984 0.31889934543098614 1.08265146803162 -2.2620463683813514
7.4676731376904035 0.3229833884435378 1.083702533017737 -2.2611286693550765
7.446234504298825 0.32747195406622936 1.0850564446827633 -2.260157813435477
7.424715697400993 0.3323352152105076 1.0867604101521773 -2.259126547385982
7.403108252224329 0.3374676364003501 1.0888493284900957 -2.258098755214279
7.381404444315994 0.34288573209363765 1.0913503288922421 -2.2570065611180747
7.3595973285453296 0.34889419310702213 1.094274632043795 -2.25547737401037
7.337681284149784 0.35525434646253956 1.0976515396118187 -2.253702403987323
7.315651948588352 0.36183696997633724 1.101505310278145 -2.2517607971150424
7.293505422289464 0.36779007860435914 1.105870509329436 -2.2504893614438717
7.271237774343868 0.373022671293366 1.1107000487455212 -2.249932204384847
7.248846338976597 0.37797187223418516 1.1158706600697137 -2.249589150883884
7.226329671517294 0.3834110581296217 1.1211807056022098 -2.2486152965567285
7.203688575520327 0.388220393943971 1.1265862830513085 -2.24815061104656
7.180925556856879 0.392168350087393 1.1320330480446215 -2.2484146642610736
7.158043770927017 0.3953446194996112 1.1374785181833158 -2.249298433543019
7.135046885047619 0.3977907662826466 1.1428964947806444 -2.250750532818926
7.111938878318202 0.39977578182752 1.1482502471449931 -2.252493464915957
7.088723694911771 0.4015720587797147 1.1535031091404688 -2.2542563071545776
7.065405111813607 0.4032879093405084 1.158629411049764 -2.2559449913995424
7.041986516026044 0.40505425877134693 1.1636047020658453 -2.257447046476503
7.018470780954344 0.40707502618249414 1.1684050958417174 -2.258577922228301
6.994860317865436 0.4096068116144871 1.1730089182744914 -2.259101118082532
6.971157242794182 0.412407270836117 1.177421993070039 -2.259293865758104
6.947362868692232 0.4150756188324606 1.1816613188943332 -2.2595970851106943
6.923477705955424 0.4175699311330376 1.1857344311778852 -2.2600810024388003
6.899501616979873 0.4198196554963796 1.1896739909358032 -2.26083925722231
6.875433302007501 0.4221911021253817 1.1935190469730192 -2.2615074884973456
6.851270375122324 0.42481417043898895 1.1973175068650606 -2.2619532635496356
6.827010465256341 0.4277480694048561 1.201105900925317 -2.2621109933567425
6.802651613954975 0.4309572673559116 1.2049111646897857 -2.262009380596985
6.778192347130004 0.4342345172150434 1.20876163592108 -2.2618526748295356
6.753631458133499 0.43716467530816744 1.212690435759468 -2.2620583329688606
6.728967465505528 0.43980959935515074 1.2167028929073012 -2.2625526104672393
6.704199019586439 0.442374290163674 1.2207883614842086 -2.2631140352294365
6.679325124943608 0.44503970491864336 1.2249278052080292 -2.263547427843077
6.654345120236262 0.4478129486527139 1.2291050966126134 -2.263838599788331
6.629258870976549 0.45059174312254585 1.233302450442653 -2.264087000686199
6.6040666379050705 0.4532453743651249 1.2375002263847614 -2.2644224856425637
6.578768828471458 0.4557728676452767 1.2416761526580617 -2.26484286673588
6.553365896882783 0.45818819531603827 1.2458154068618614 -2.2653314035887666
6.527858322316048 0.46050633852174666 1.249909805066491 -2.2658709268303636
6.502246600560622 0.4627395264021028 1.2539565464323865 -2.266447506269941
6.476531238126795 0.4648845802251459 1.2579573842811476 -2.267063249787557
6.4507127315373145 0.46695137151817806 1.2619160905471671 -2.2677071090071923
6.424791592051507 0.468952943760702 1.2658383341415735 -2.268365035903736
6.398768341233579 0.47090055802978376 1.2697304480413327 -2.2690250570333514
6.37264350730813 0.4728028579106988 1.2735984909972053 -2.269678099993965
6.346417625333883 0.47466600360246824 1.277447757383689 -2.270317819826012
6.320091239264948 0.4764939619017652 1.2812825213193326 -2.2709402766656925
6.293664904276514 0.47828897123136277 1.2851059391799096 -2.271543441468543
6.267139188634019 0.4800520061788709 1.2889200612521101 -2.2721267049619076
6.240514674753902 0.48178305119989756 1.2927259207893476 -2.272690582072439
6.213791959435674 0.4834814971934875 1.2965236603991004 -2.273236291023676
6.186971653503465 0.4851463055984073 1.300312690577209 -2.2737655687818132
6.160054380819013 0.48677629288847585 1.3040918493142426 -2.2742803632806377
6.133040776948262 0.48837023836574195 1.3078595610201333 -2.274782706273812
6.10593148767848 0.4899269644340077 1.3116139855068307 -2.2752746151439958
6.078727167378112 0.4914454926190662 1.3153531436162489 -2.275757919524011
6.051428477532436 0.49292506051697865 1.31907502888187 -2.2762342310419146
6.024036085400653 0.4943651031012313 1.3227776948579535 -2.276704951773411
5.9965506629185175 0.49576535831552154 1.3264593172857915 -2.2771711595828257
5.968972885871164 0.4971257586031374 1.3301182415569088 -2.2776337125787323
5.941303433397523 0.49844654087380863 1.3337530054458016 -2.2780931351654417
5.913542987635732 0.49972814265594206 1.3373623527243323 -2.278549722695976
5.88569223379243 0.5009711278938169 1.3409452295280946 -2.279003617941908
5.857751860316967 0.5021762645626827 1.34450076968868 -2.2794547353236783
5.829722559282761 0.5033444344613497 1.348028273399853 -2.279902856217962
5.801605026911789 0.5044765812239772 1.3515271843549306 -2.2803476859999696
5.773399964127528 0.5055737055820401 1.3549970595641185 -2.2807888636510363
5.745108077165003 0.5066373232206212 1.3584375253591032 -2.2812255052590036
5.716730078528825 0.5076690932333491 1.3618482624849026 -2.2816565839412135
5.68826668986182 0.5086689812088394 1.3652289780781564 -2.2820827932390033
5.6597186447978505 0.50963727276432 1.3685791809411134 -2.282504534333984
5.631086687485902 0.5105744872798097 1.3718982386995968 -2.282921998699573
5.602371571498755 0.5114809499268071 1.375185446118813 -2.2833355938152495
5.573574058718752 0.5123580629028691 1.3784400261234475 -2.283744658844767
5.544694914947224 0.5132070674282083 1.381661134282964 -2.284148692225252
5.515734911163483 0.5140287249970797 1.3848479337557569 -2.2845476659172235
5.486694826704257 0.5148236967640399 1.3879996607182887 -2.2849416485316993
5.457575450654487 0.5155908309984487 1.3911157058455994 -2.285332531166123
5.4283775805781 0.5163265797292936 1.3941956244265896 -2.285724614503996
5.399102021479112 0.5170284811345025 1.3972392870670287 -2.28612107310094
5.369749586096602 0.5176964931973839 1.4002470237587774 -2.2865225943470318
5.340321094806794 0.5183321018801345 1.4032194763421217 -2.286928302635768
5.310817376830208 0.5189377457273516 1.4061574661697187 -2.2873363612589768
5.281239271658438 0.5195162818906605 1.4090618788056317 -2.2877445278659163
5.251587630094015 0.5200708152912126 1.411933560058574 -2.2881503402552146
5.221863314904047 0.5206043606378649 1.4147732367906822 -2.288551465080234
5.1920672007587765 0.521119792643381 1.4175814545314729 -2.288945752739656
5.162200173732301 0.5216196578428091 1.420358543866304 -2.2893314267014744
5.132263130137523 0.5221055067419011 1.423104623549548 -2.289707749373984
5.102256974432481 0.5225740657961726 1.425819704642425 -2.290078848150026
5.072182612356396 0.5230328879285348 1.4285032821471737 -2.290438035372727
5.042040945415461 0.5234854135108371 1.431154872875644 -2.2907827405467023
5.011832875617741 0.5239330562975235 1.433773984996048 -2.291112423671083
4.981559305881859 0.5243761843996352 1.4363600964580305 -2.2914275910884405
4.951221138721763 0.5248198785149679 1.4389125175142434 -2.291724032113852
4.92081927843617 0.5252761655766282 1.4414303751210729 -2.2919905847629165
4.890354605503781 0.5257510588825506 1.443912521168948 -2.2922220716082773
4.859827989696627 0.5262439944449747 1.4463576589680835 -2.2924198784984826
4.829240298885249 0.5267520709583797 1.4487644935293267 -2.2925877132064443
4.798592399601513 0.5272718204195397 1.4511318284221775 -2.292729828192826
4.767885155198879 0.5277999318964883 1.4534586416293263 -2.2928502894327023
4.737119423794703 0.5283335684060481 1.4557441454606361 -2.2929526535817883
4.706296056429002 0.5288704480794756 1.4579878272167779 -2.2930398827485896
4.675415895796444 0.5294090140470001 1.4601894654541068 -2.2931141731640214
4.644479775689088 0.5299483112324805 1.4623491348532145 -2.2931770787254626
4.613488520861731 0.530487884211789 1.4644671894259969 -2.293229615453466
4.582442947428962 0.5310277244682515 1.4665442310065322 -2.2932723182175963
4.551343863569373 0.5315681421507765 1.4685810686686944 -2.293305373783244
4.520192070398716 0.5321096191928191 1.4705786734955637 -2.293328772770594
4.488988363071354 0.5326527294513469 1.4725381309555412 -2.2933423950323255
4.457733531830867 0.5331980872505737 1.4744605898560652 -2.293346066588401
4.426428363045764 0.5337339041421796 1.4763474436147466 -2.293351980346308
4.3950736325016075 0.5342539570013739 1.4781999270135613 -2.2933667702740905
4.363670109516765 0.5347597330683411 1.4800190598672351 -2.293389376866674
4.332218562796721 0.5352523860890335 1.4818057865199912 -2.2934190765096396
4.300719761380849 0.5357407427294401 1.483560821998752 -2.293447497649965
4.269174479943241 0.536220847112623 1.4852849994065707 -2.2934790264307257
4.237583519246467 0.5366892659425113 1.4869785570646172 -2.2935176440847114
4.205947702983205 0.5371329817887689 1.4886414393800151 -2.293576981804165
4.174267868800452 0.537555082854851 1.4902730011615195 -2.2936546761922822
4.142544852255482 0.5379587553371383 1.4918724575529645 -2.2937482434348055
4.110779491381296 0.5383533702706533 1.4934390972806402 -2.29384900344723
4.07897263121485 0.5387427778879876 1.4949726660272993 -2.2939537452157865
4.047125114292703 0.5391299343466793 1.4964736250633286 -2.294060078634412
4.015237784494475 0.5395172454005362 1.4979430005950474 -2.2941661088751077
3.9833114891674235 0.5399065811070101 1.499382220160651 -2.294270434132417
3.951347080629375 0.5402994125254197 1.5007929500395985 -2.294372019097426
3.919345416888274 0.5406975572936489 1.5021769326879217 -2.29446945861355
3.8873073623936514 0.5410937245544227 1.5035359692308148 -2.294570411198038
3.8552337799662078 0.5414852224354701 1.5048716400723716 -2.2946779363213974
3.823125528438121 0.5418783532207827 1.5061851442377483 -2.294786115901856
3.790983471704324 0.5422761012891754 1.5074774645514197 -2.294892342776035
3.758808491869844 0.5426736824150973 1.5087497280861715 -2.2950017510636567
3.726601488833402 0.5430698121009485 1.5100036556091498 -2.2951159096774245
3.6943633627558112 0.5434645630008075 1.5112411639117682 -2.295234938762056
3.6620950047600163 0.543863324443131 1.5124639892408176 -2.2953535664201477
3.6297972935611185 0.5442721135162052 1.5136734421593043 -2.295465824783183
3.597471098797464 0.5446895558459184 1.5148699718354646 -2.2955731148148857
3.565117283345328 0.5451152867411042 1.5160524679759355 -2.2956759146586783
3.5327367027388785 0.5455489923595036 1.5172181278563803 -2.295774772722309
3.500330209584643 0.5459907393891359 1.5183625556832288 -2.295870011106864
3.467898660526632 0.5464448389120727 1.5194800490104339 -2.2959578879186315
3.4354429231871046 0.5469212543097445 1.5205633539941044 -2.29602929103254
3.4029638986557633 0.5474232808546207 1.5216040092697523 -2.2960821153689093
3.370462556722479 0.5479320014488668 1.522594301347775 -2.296136685092047
3.3379399443349023 0.548437672518022 1.5235292305909065 -2.2962041904853585
3.305397148704469 0.5489207682637572 1.5244066308819986 -2.2963054136205927
3.2728352704081223 0.5493783338079083 1.5252267999922797 -2.2964443300820854
3.2402554140036814 0.5498156006534236 1.5259922949510663 -2.296616411372854
3.2076586819865285 0.5502546984540229 1.5267074590854426 -2.2967999084193806
3.175046174410042 0.5507188213697947 1.5273779755998063 -2.2969716619753973
3.1424189999142076 0.5511966795718675 1.5280114389530788 -2.2971425590635923
3.109778259861063 0.5516868147409947 1.528617878486785 -2.297313152073298
3.0771249867604693 0.552191212712164 1.529208235575185 -2.2974799633352223
3.044460101075696 0.5527371452377178 1.5297926319718993 -2.2976137507966046
3.011784389306074 0.553323210122987 1.5303789036289417 -2.2977136003439447
2.9790984971715195 0.5539668116988663 1.5309720643554954 -2.2977596837720777
2.9464029427064644 0.5546761076989067 1.5315751820193566 -2.2977413410364265
2.9136981197794753 0.5554059773374411 1.5321899901946225 -2.2977011856271994
2.880984188859114 0.5561354184108368 1.5328171877406669 -2.2976576496526175
2.8482609704811805 0.5568033628508949 1.533456698910486 -2.2976688867851296
2.8155279392533554 0.5574615276097561 1.5341064519253391 -2.2976803540353608
2.782784358426155 0.5581155366469309 1.5347584169644999 -2.2976847585532383
2.7500294214101375 0.5587586563960248 1.5354015577455444 -2.297688786754658
2.7172623637121984 0.5594106480131943 1.5360232149025101 -2.297674433997929
2.684482581917745 0.5601393837267904 1.5366111057252823 -2.297577259242296
2.651689750179412 0.5608975849119846 1.5371569183079827 -2.2974491147637734
2.6188839022150128 0.561504104193605 1.5376593581255347 -2.2974766470027754
2.586065479596913 0.5618401588112883 1.5381192217068538 -2.297785915898872
2.553235143587998 0.5620311485429181 1.5385370802043774 -2.298259561033601
2.520393837317835 0.5623217897960385 1.5389117114278394 -2.29866000897118
2.4875429997346314 0.5626455197317628 1.5392508896448125 -2.29905883967879
2.4546847843056216 0.5628925421894247 1.5395710503429205 -2.299570318876708
2.421821926330881 0.5630873943650182 1.5398960645564592 -2.300172665890034
2.3889573774262054 0.5633003947707187 1.540250101058635 -2.3007951684259553
2.35609399781044 0.563664036139184 1.5406530857543994 -2.3013018373449885
2.3232343936647255 0.5642837824799367 1.541118289373006 -2.301581446154993
2.2903808750122425 0.5650682736929806 1.54165205016755 -2.3017188431086018
2.257535470084414 0.5659712596315192 1.542251001882765 -2.301753922558057
2.2246998692453137 0.567635271595987 1.542897214268431 -2.3010373483889834
2.1918754997176673 0.5703076375249536 1.5435636257350855 -2.2993161561206574
2.1590637101886356 0.573388403468774 1.5442236756236098 -2.2971881458691543
2.126265699777337 0.5766613318450068 1.5448485961618106 -2.2948689424138937
2.0934824304135704 0.5791490315656301 1.5454098973942096 -2.2933375752577323
2.0607146315783553 0.5808936217092516 1.545870731867519 -2.292553128676855
2.02796274123037 0.5825649571408721 1.5462026705923 -2.291844071148967
1.9952269249963963 0.5844072340179409 1.5463983637478969 -2.2909629676485643
1.9625073018006034 0.5865896157818838 1.5464664247781086 -2.2897376450451263
1.9298040230856226 0.5891020404538739 1.5464251000474465 -2.2881762546774898
1.8971172747357679 0.5919500084524352 1.5462955843889952 -2.2862724529866822
1.8644472659236393 0.5950036642160415 1.5460980817558696 -2.2841565026187207
1.8317942352939092 0.5980914695332373 1.545855566614806 -2.2820011352741663
1.7991583792394383 0.6012078584900917 1.54559561740514 -2.279813013207943
1.7665397402989758 0.6042643257406863 1.54534899898352 -2.277680886764008
1.7339381857420892 0.607102991965596 1.545147695154155 -2.275761940123187
1.7013533705706976 0.6093766204756784 1.545023141616554 -2.2744019608161414
1.6687847430991771 0.611271730678977 1.5450062286401998 -2.273411920616588
1.636231608667378 0.6126868379416031 1.5451195268059184 -2.272891338051288
1.603693185866854 0.6135680700670043 1.5453769851635977 -2.2728932657489587
1.5711686868862988 0.6141379082600359 1.5457852859332577 -2.273194824522207
1.5386574386818859 0.6146448417681889 1.5463446644410719 -2.2735473942028923
1.506158970468679 0.6150910148845437 1.547048949137262 -2.273948871603926
1.473673064610222 0.6154947568732463 1.5478872366233478 -2.274380787301681
1.4411998209739403 0.6158859671010545 1.5488457715315074 -2.2748127071717144
1.40873971554959 0.6162172030593491 1.5499084866582138 -2.275291480465641
1.3762937072546895 0.6164997888630102 1.5510500790857844 -2.2758075211278377
1.343863253121014 0.6167146655756793 1.552236718565593 -2.2763833049340194
1.3114503442721313 0.6169025107123864 1.5534288780395522 -2.27698251853389
1.2790575302800207 0.6173088307299368 1.5545825201713812 -2.2773638929631046
1.2466879088007499 0.6179530625209573 1.5556688730920047 -2.27750988831338
1.2143451059961294 0.6186202000035455 1.556677464861421 -2.277636947249928
1.1820330860600528 0.6193191328824205 1.557612305578513 -2.277735316660956
1.1497558998108448 0.6201205308866494 1.5584826156210312 -2.277729929944134
1.1175175400624824 0.6209528219050439 1.5592974895951988 -2.2776858143283256
1.0853218354324834 0.6217855731100284 1.560062133047594 -2.277625107194387
1.0531723428057433 0.6227909152455944 1.5607723743127433 -2.277365630215971
1.0210723047645358 0.6245467262041923 1.5614157086109162 -2.276317665258351
