7.887727939618346 3.041009327174643 1.0072023507724215 -5.390338475866505
7.7780869145386236 3.038858784416974 1.0036356620652427 -5.392262719558119
7.668300747731568 3.031770094213268 0.9988114930598975 -5.399433947653977
7.558420257285054 3.0249815087729104 0.9926712058927025 -5.406452303640322
7.448500424793124 3.0277212053739793 0.9856512345939524 -5.403835514470866
7.33860096669391 3.030954274345465 0.9776472804127103 -5.400517781081913
7.228749262766866 3.0319634314139887 0.9689303453834376 -5.39902227906266
7.118956676572488 3.0331721099441675 0.9599646095356285 -5.396624901142353
7.00921818475628 3.0334634521747854 0.9510191784854638 -5.394166069625795
6.899536771245136 3.0270160883429322 0.942037187406974 -5.397062139023781
6.789911236031754 3.0159401326999458 0.9335198172710227 -5.402968370579838
6.680305957532175 2.9997692592905496 0.9258535779947819 -5.4121380092566405
6.570678201632843 2.979446922505642 0.9194956422914893 -5.423522490847981
6.46097962278434 2.955118276549838 0.9148631171971202 -5.436885480069925
6.351165256193268 2.928230767841263 0.9123476043964671 -5.450862113416802
6.241193441994764 2.898705396930302 0.9122977610018584 -5.465563014569186
6.131023563325796 2.8680424055196907 0.9149519760886452 -5.479738059180705
6.020611326824319 2.8370269985744616 0.9204632820730856 -5.4928648971887375
5.909911077961064 2.805341938935236 0.9289866622595094 -5.505443691190235
5.798869016096223 2.775036972384193 0.9403331133524127 -5.515946540688246
5.687431052107414 2.7505458747275924 0.9536910177830533 -5.5208018903227725
5.575565671441005 2.732920564848431 0.9682409370985506 -5.519295993209768
5.463264803166031 2.7167702951459165 0.9841462147129784 -5.516146028265638
5.350543545280376 2.7034254971942726 1.0005177816123614 -5.510267178295825
5.237438977877046 2.684644508446679 1.0183156735151533 -5.508744047768849
5.123988302610327 2.6635418208965826 1.0364404626684596 -5.508946665128329
5.010203481817894 2.6421975374882747 1.0540144751488296 -5.509248064749784
4.896068626383549 2.6235425157818697 1.0700973698111982 -5.507409975894927
4.781563468441666 2.611243311155516 1.083795432824569 -5.500567082974618
4.666699408494934 2.607620754205907 1.0946924751774991 -5.486772995763827
4.551490558248689 2.6099174750215575 1.1033206278368255 -5.468373576664831
4.435901839007361 2.6151798314957793 1.1103285846328428 -5.447910399287441
4.319901600619014 2.619203279820109 1.1163978462125075 -5.429078363817942
4.203470227037331 2.619188941808559 1.1219248140872444 -5.414378789996572
4.086598841003894 2.6132423117921544 1.1271350843780563 -5.405565019297121
3.9692836777136944 2.5989899013096753 1.1322561911789255 -5.404879098388198
3.85152534141427 2.5764019353507495 1.1373492403352508 -5.4124883658099385
3.733338047422896 2.544572531339521 1.142541085963807 -5.429348154243302
3.614745397059529 2.5165210041262935 1.1472790011265794 -5.44359264107126
3.4958128171226237 2.4983917129000863 1.1514722757638771 -5.449429534216784
3.376628115202027 2.486878797211983 1.1554682028762695 -5.449719908414589
3.2572496261413986 2.477694166157653 1.1596686627010278 -5.448349918476749
3.1377006945175197 2.469259918803205 1.164373976639435 -5.446769146502358
3.017995899757971 2.4612785211633925 1.1697437119765612 -5.445241524254695
2.8981463706092385 2.453785237290232 1.17583869785825 -5.443710604070105
2.77816077258985 2.4465435117792653 1.1826839310620914 -5.442379990927876
2.658048058572529 2.4390326663809305 1.1902870693721184 -5.441723773701098
2.5378159042406447 2.4313198964464 1.1985883670644206 -5.441634298963482
2.4174719575386705 2.4236818035834156 1.2074798661164154 -5.44177189370258
2.297024411657152 2.416169424243706 1.2168476905251462 -5.441992397210826
2.1764816645225613 2.408834709835156 1.2265603109132943 -5.44213166918439
2.0558534523766823 2.402962935802885 1.2363346257177041 -5.440769649754457
1.9351531895188765 2.400101130126561 1.245819118676324 -5.436191085701019
1.8144047833246697 2.3998471185922874 1.2548393009113876 -5.428590552794574
1.693641180548803 2.395751896565993 1.2637897574976609 -5.424207943062138
1.572905502637495 2.389026043792074 1.2722024088613697 -5.4214552448580555
1.4522455477419292 2.380103326392835 1.279682752297775 -5.419465663528629
1.3317002011935197 2.3700060619123127 1.2859283995944624 -5.416767521440254
1.2113044301335565 2.357088978134464 1.2908517384058749 -5.4145297544606255
1.0911075428635417 2.340641056768042 1.2943242527415353 -5.412790598204231
