8.00638825675312 -0.22298875132300028 2.4684632460196463 -59.15326243364363
7.896613021123672 -0.22539334832162733 2.4728800296034312 -59.15465269151261
7.786684300634904 -0.23228877854600885 2.478623147572374 -59.160957912535025
7.676650958597258 -0.2374311674122526 2.485572306808562 -59.16567370632018
7.566568731290767 -0.23292056546552284 2.493149992020691 -59.1605378803293
7.456501369895842 -0.23042022202107038 2.5016043093041134 -59.156908731762904
7.346484792470371 -0.22934203573006945 2.510382023261847 -59.15383943823522
7.236533367348087 -0.22966236229360684 2.5190136845710915 -59.15080318869727
7.126653226370157 -0.2325347497091665 2.5271671680717636 -59.14846328100749
7.0168530940513305 -0.24403211208444958 2.534687522788329 -59.15209731108046
6.907120568239456 -0.2609608356153754 2.540901301489813 -59.158245999756204
6.797412204644228 -0.2820608207342043 2.545325727359456 -59.16561182351918
6.687677748494639 -0.30700488470597653 2.5475626070784894 -59.17389914105212
6.577867963631573 -0.3354759193734594 2.5472428395258535 -59.18293909990136
6.467939256866325 -0.36774241738539715 2.5440308283699262 -59.1931608886547
6.357849994847215 -0.4033094612342023 2.5376526009555858 -59.204424262808786
6.247560783362055 -0.44285133269039223 2.5277616464795956 -59.217642624320256
6.137030431991408 -0.4862553410922691 2.5140918742331793 -59.23311722633514
6.026214605577818 -0.5288266900198232 2.497145095296326 -59.24738666467603
5.915072622786969 -0.5668607056428929 2.4777572540135147 -59.25768419165586
5.803570578877984 -0.6012684195226008 2.456298665055939 -59.26480745930429
5.691685076962691 -0.6297941000755242 2.4337925856192326 -59.266867661733734
5.579409345756675 -0.6607528832212076 2.4089658565137246 -59.270584169064534
5.466740131076153 -0.6895197160419392 2.383273321803993 -59.27216624765972
5.353683100251031 -0.7160623129002543 2.3571750219658085 -59.27160546206423
5.240259193534131 -0.7458719707343218 2.3297612445563667 -59.273416660436176
5.126483551117485 -0.7740876150108135 2.3027281388052208 -59.2738245768757
5.01234765598982 -0.7996120494890506 2.276739343481798 -59.272188749484584
4.89784268019479 -0.8225301632681264 2.252180264325007 -59.268938088234044
4.782953794960376 -0.8332752205279923 2.2315912457109577 -59.25651317807874
4.667715783189142 -0.8366556087841964 2.213924851900169 -59.238794847980294
4.552125985844324 -0.8357150937828578 2.198356618228326 -59.21823968245785
4.436156553917544 -0.8362333041184224 2.18353154022725 -59.19970421756603
4.319772406169047 -0.8381054696412199 2.1692877698145843 -59.183172159803924
4.202951030848561 -0.8459087296070215 2.154694408548363 -59.17268306467692
4.085675578110829 -0.8616094720242051 2.1393763021337873 -59.17014931981355
3.9679472468409127 -0.8837085828231106 2.123633592767281 -59.17447656869951
3.849786343528471 -0.9140786865476567 2.1072654200486287 -59.18749798962942
3.7312206144089863 -0.9443891081235418 2.0915310693290285 -59.20184011826768
3.6123071954643895 -0.9648876141732734 2.0776972024739626 -59.20850419045645
3.4931264340829715 -0.9766585957227417 2.065440795423798 -59.208157748277486
3.3737435464056915 -0.9871402954842814 2.0536472354359465 -59.20745250758331
3.2541798146157235 -0.9958497573346154 2.042206475309536 -59.2058773377012
3.1344483223454023 -1.0035083257667146 2.0309236221102553 -59.204056077620066
3.014559314097258 -1.0104896475423704 2.0197320078665273 -59.2022828242161
2.894520446462511 -1.0170098136688575 2.0086275555362776 -59.2007053705187
2.7743383603563783 -1.0234693874266294 1.997625055474952 -59.19964416668287
2.6540189723182595 -1.0297958459010057 1.9868232208459389 -59.19895314634534
2.53356896833204 -1.0341908228265608 1.9765453505995325 -59.19676613439119
2.4129978820867817 -1.037192632215536 1.9668105318601288 -59.193498301667596
2.292317549314922 -1.0386306178040485 1.957728560558399 -59.18885566730048
2.1715434141386076 -1.0379390511211666 1.9494663759196118 -59.18212668204743
2.0506957016390364 -1.0389595123386939 1.9417339628649144 -59.176995965018726
1.9297983326789068 -1.0428573524914624 1.9346463909762186 -59.17442718523092
1.8088782998091415 -1.0476648416832426 1.9286671621409048 -59.172188248713425
1.6879659535420208 -1.0538604074285023 1.9239942228365132 -59.170489190856614
1.5670927631746796 -1.0617000946236212 1.9208300244179952 -59.16928665429727
1.4462805342596816 -1.0707130960204159 1.9193629571943271 -59.1678178543873
1.3255503864035418 -1.081939290807454 1.9197062820511548 -59.16678817106663
1.2049310329367995 -1.0957845510328839 1.9220452567916513 -59.16615709212985
1.0844639805076646 -1.1128366451702763 1.926577662951303 -59.16589667567163
