8.073610307986856 -0.3397684295911294 2.163385447032461 -19.73134207418198
7.993904510844977 -0.3378492189553001 2.1658063634918436 -19.730348418830268
7.9141092891015035 -0.33475680674858543 2.169167770435294 -19.72836855896103
7.834267410275764 -0.33064436326499064 2.173246567536214 -19.72544148269788
7.754425024955754 -0.3272029814029331 2.177834083941028 -19.723149053092584
7.674611201946076 -0.3245613670795572 2.1825594929639403 -19.721530712543903
7.594839833769475 -0.32123686320387596 2.186880518958144 -19.718918806344895
7.515107030698643 -0.3195156726831729 2.1906030996158297 -19.71739264589325
7.435400263176139 -0.3211979113116582 2.193544143951015 -19.71851018233574
7.355697078042768 -0.323293315171299 2.1953246845778294 -19.719145506400515
7.275978277479672 -0.32568695949756876 2.19577430310453 -19.719068022203132
7.196225402945058 -0.328381415904654 2.1947848476376923 -19.718205852825925
7.116422589898195 -0.3337194577170799 2.192347057294921 -19.718727401639754
7.036556570288341 -0.3426720512330297 2.1884706951077852 -19.721475097254817
6.956616020912012 -0.3553772884710808 2.183251041215549 -19.726495980660573
6.876586480643023 -0.3700535433151262 2.1768687245144474 -19.73208895969092
6.796450172898952 -0.38742726233804303 2.1694262943557416 -19.73886363110502
6.716186435977993 -0.4068730861341933 2.161083505580205 -19.74622569324233
6.635766768458598 -0.4277954910834917 2.1519879994892257 -19.753658525486394
6.555160566120367 -0.44928609983355056 2.142294503159477 -19.760415551336813
6.474340986525946 -0.4729435971527771 2.131998659805143 -19.76795660439474
6.393280397223984 -0.4990991343580886 2.1211680283882597 -19.776666528181465
6.311947665823089 -0.5244448845086885 2.110094324966826 -19.783891186073824
6.230318414893808 -0.5459344104331517 2.099040165459313 -19.78730201187829
6.1483825032334005 -0.5634707135192141 2.0880869286830483 -19.787066394055493
6.066143244592876 -0.5797924682413349 2.077102204015049 -19.785690692160955
5.983594683860386 -0.5960614096591917 2.066069390354271 -19.784367314914903
5.900719853392735 -0.6108313904547731 2.0552126396497568 -19.78209089279669
5.81749015860748 -0.6239909600385196 2.0446565613049277 -19.778918650842776
5.733871505579372 -0.6277728887695733 2.035060674784441 -19.768412148472137
5.649844552886357 -0.6313509263580793 2.0258771083254845 -19.758275656619666
5.565382708957973 -0.636466114509396 2.017052456266643 -19.750003529634732
5.480472548149204 -0.6417974786146863 2.00874781853139 -19.74250422473365
5.395117787362576 -0.6479914438222392 2.0009833769402907 -19.736357023575763
5.309333465730373 -0.6572602763681427 1.9936812843174594 -19.733514009913797
5.223137304290029 -0.6726713512008554 1.9867255715492769 -19.736730746792873
5.136543992100687 -0.6884468683321716 1.9804057813837055 -19.741027411112555
5.049587402064833 -0.705362253294383 1.9746793081175253 -19.747131454519575
4.962308839367803 -0.717857422605778 1.9696753322138167 -19.750123132708396
4.874766932681105 -0.7237206479008861 1.9653230823902255 -19.747987181732405
4.787017953724472 -0.728687888452828 1.9613158159604067 -19.745891231904643
4.6990882195742865 -0.7331626731427391 1.9574666045573794 -19.744207274767753
4.610987882054494 -0.7368904144984835 1.9536336914579095 -19.74268667756163
4.5227215673005885 -0.7397264534816317 1.949700571758229 -19.741163008203223
4.434291588639183 -0.7418505264257235 1.9455804455123191 -19.739757947364048
4.34569912692391 -0.7433572231985921 1.9412198087209223 -19.73850593354375
4.256945952228275 -0.7440949037460262 1.936593542916098 -19.73720425575057
4.1680352214839695 -0.7443534302374286 1.9316762169101822 -19.736067139126824
4.078971203716364 -0.744162204104899 1.9264657875637552 -19.735063145142888
3.989759415319585 -0.7433393719617719 1.920986582808893 -19.73395961062689
3.900407283879729 -0.7419920291455819 1.9152673315790398 -19.732806278003288
3.810924220902524 -0.7394024647334717 1.9093857931749258 -19.73085906396684
3.7213219830989726 -0.7365834998050601 1.9033355508060081 -19.729067067788932
3.6316140805796677 -0.7340288565087855 1.8971218169006008 -19.727895803556258
3.5418101311614847 -0.7315974501953207 1.8907570320176252 -19.727198589054105
3.451914743375055 -0.7292507613907839 1.8842349382685426 -19.72692806155665
3.361928417304761 -0.7269154029761704 1.8775627151498784 -19.727001299292986
3.2718482653160783 -0.7244623325259472 1.8707629778418313 -19.727279800931264
3.1816693748202725 -0.7216247628053858 1.8638794367092208 -19.72748806559005
3.0913862861244112 -0.718258008581461 1.8569641313999754 -19.727469582135683
3.0009949440821213 -0.7143095356764103 1.8500758573946965 -19.727159597942823
2.910494120767089 -0.7100155614168907 1.8432604056521154 -19.726780232243605
2.819883802913545 -0.7051876164410122 1.8365946447256782 -19.726133149521168
2.7291649307696666 -0.6998453915433884 1.830141946914029 -19.72523037985119
2.6383410552038526 -0.69433506247941 1.8239399256553652 -19.72441783191342
2.547418467282692 -0.6889629987688725 1.8180211149106151 -19.724012953376523
2.4564068976634474 -0.6836859815931398 1.8124192708771718 -19.72399684719216
2.3653163309696525 -0.6783362442581424 1.8071620691706969 -19.72422897818292
2.274156032380936 -0.6729308671519689 1.802258731586467 -19.724751867532937
2.1829348805177764 -0.6671657168069164 1.7977221604104863 -19.725286968916414
2.0916626666546114 -0.66013544999088 1.7935910654004996 -19.724952969891334
2.0003521429116944 -0.6513285051858327 1.789890152549015 -19.723266611691386
1.9090194125710205 -0.641590393000641 1.786609126387594 -19.721113191822816
1.8176833812141813 -0.6327921740255505 1.7837220645895713 -19.72042160730524
1.726365440050029 -0.6244327433067787 1.7812428297320475 -19.72076885477326
1.6350881164363675 -0.6155392579733113 1.7791663768272077 -19.72127524200196
1.54387615954135 -0.6058692872558039 1.7774592157577649 -19.721815028716136
1.4527575190068895 -0.5950548899751992 1.7760669046630924 -19.72216891319279
1.3617631798421628 -0.5829124441434789 1.774911493708338 -19.722339119746344
1.27092871681298 -0.5693211055773615 1.7738868049402725 -19.722440642415023
1.1802961591447887 -0.5538070180687437 1.7728534027511398 -19.722301481407634
1.089917271742254 -0.5360826582270094 1.7716370789189413 -19.722030814358988
0.9998605133281272 -0.5154600721150655 1.7699904159431716 -19.72148143133245
