7.837089061693642 -3.1138210826424864 1.6004311429312308 -30.17083887485051
7.760006730802757 -3.1143114330330075 1.5981317784360372 -30.17158190990559
7.682841228616245 -3.113084947543602 1.594774040799834 -30.170532814106345
7.6056089285660615 -3.1112288072877994 1.590503917113185 -30.168787675504447
7.528327050399164 -3.1102788042037997 1.5855038059249336 -30.16788147403745
7.451016719681507 -3.1100504828772846 1.5801419636236602 -30.167621771636597
7.373696023953735 -3.1106622607168086 1.5748253111117114 -30.16809909296017
7.296375759208316 -3.1111856843204104 1.5700026493356265 -30.16834484994248
7.219063534299244 -3.1115373827036112 1.565952329914278 -30.168235439092875
7.1417643740665815 -3.1114951621625235 1.5628095767240082 -30.16751222467444
7.064483012783794 -3.111649556727421 1.5605933938511067 -30.16673055262629
6.9872298858666575 -3.112621906883144 1.5592457663389112 -30.166478733355007
6.910020144473548 -3.11469872498038 1.5586894185001017 -30.167014944188963
6.832872036892663 -3.1176789424565428 1.5588419503686783 -30.16812205380424
6.755805033234588 -3.1207571113578987 1.559617780990561 -30.168999894503585
6.678836156592842 -3.1237223952761064 1.5609047653057977 -30.169440134766567
6.6019797737171 -3.126274528353014 1.5625672727189035 -30.169154975382085
6.525246800387224 -3.1279039808353413 1.5644529318519582 -30.167663717212406
6.448643331856058 -3.1279901369398777 1.5663999047280772 -30.164392397164015
6.372174675337859 -3.1276153031164053 1.5682362341012195 -30.160425610970975
6.29585338541795 -3.128815578110386 1.5697817971213113 -30.157760621096827
6.21969264562835 -3.129838293835985 1.570900955377646 -30.15474191168302
6.143693794644394 -3.1312101871879556 1.5715017372479927 -30.151909639091933
6.067857862804613 -3.1326744904988284 1.5715269599196846 -30.149048618035792
5.992185647858727 -3.134600295724115 1.5709559318970832 -30.14655198885162
5.916678768086249 -3.137258493283392 1.569843333345361 -30.144725387327576
5.841342485673777 -3.1402515558269006 1.5684039865031765 -30.143235266257676
5.766179445605612 3.138886775798119 1.5669121621896738 -30.14282630294003
5.691183128081392 3.134264918691205 1.565687993875916 -30.14308689737679
5.6163430827106575 3.1297434008417793 1.565136511990574 -30.143410058422923
5.541641233154646 3.1250363008398585 1.5655274647900534 -30.144111286896283
5.467061723881099 3.120450557401823 1.567057872551595 -30.144918038182176
5.392588919053255 3.11609758290154 1.5698402168000143 -30.145727137949756
5.318209234425001 3.1120215817778347 1.573924357382988 -30.146481115976925
5.2439126460921095 3.108645141678433 1.5793050550129772 -30.14673547144895
5.169694617570961 3.1055137467064697 1.5859741427118381 -30.146886552393077
5.09555895107841 3.105196916144463 1.593691520271037 -30.144370823090547
5.02150850801175 3.1091632391050315 1.602149663891913 -30.137692268411072
4.947548819496558 3.1091922376150376 1.61170289778966 -30.134828091754095
4.873700727932311 3.109050257398416 1.621678118805119 -30.132049196569675
4.799971290431497 3.110015204376769 1.6315085660034323 -30.128063795854537
4.726360881811708 3.1098142617762607 1.6408765891435813 -30.125042604074203
4.652870505664406 3.1037329841341954 1.649534869469613 -30.127547962313088
4.579506064572853 3.0957085050428765 1.6564784578658527 -30.13174561557628
4.506272945020658 3.0839334762494324 1.661190128806419 -30.13940276193579
4.433184614683101 3.0704202046332965 1.6631421850198513 -30.148587271528932
4.360255435579667 3.0604782909575485 1.6622115497631083 -30.154195524908175
4.287492759137431 3.053089296668414 1.658596735042473 -30.15724326816288
4.214900710278377 3.0443514966406733 1.6523269676594339 -30.161511935322913
4.1424843524132235 3.039803627096165 1.6441313825761705 -30.16166492541
4.070240264378776 3.037407775167799 1.6343005984055714 -30.159689464076365
3.998163962894577 3.036905653072529 1.6233485715541145 -30.155882952744918
3.9262502518433235 3.0428423273626115 1.612465444954838 -30.145897993510218
3.8544918239767907 3.0428008428152222 1.6006364023725255 -30.141757007932817
3.7828985447350387 3.039661811711092 1.588881877805478 -30.14073697299566
3.711463678405244 3.0343650262519484 1.577938005268592 -30.141992998390045
3.640175196413973 3.0293607496390087 1.5685162903755543 -30.143187074780634
3.569018055613087 3.0250752287950498 1.5609350434587153 -30.143916618174337
3.497979389893901 3.0219432700296194 1.5554179452570245 -30.14375621090393
3.4270488551605958 3.0193938336680044 1.552029719010949 -30.143247502172777
3.3562207201619616 3.0170202626679914 1.550766591940323 -30.142757648651425
3.2854923429522653 3.014823927573486 1.551585077425348 -30.142247415378904
3.2148627864457295 3.0129652579976702 1.5543588410841103 -30.14151769866021
3.144332552724768 3.011992290690723 1.558873459992327 -30.13999065759124
3.0739025386081154 3.0117867574680504 1.5648466226167834 -30.13774504359362
3.003574407506145 3.0119419841291224 1.5719271880476748 -30.135146149959674
2.9333511021696594 3.0106673193927973 1.5798286315141936 -30.13392144841515
2.8632378015756603 3.008605672612187 1.5880775538876222 -30.13342141594549
2.7932372806954495 3.007682145496054 1.5961066479419868 -30.131742785293014
2.7233490440248627 3.003311612590885 1.6037864525414762 -30.133376320415337
2.6535780526983572 3.0033502302553403 1.6101108408174392 -30.130616510246988
2.583919138268055 3.00329403757004 1.6149485901259537 -30.12790371180268
2.514371195753782 3.002658803279604 1.61793402490151 -30.125767785701193
2.4449334350816914 3.0018223209455535 1.6188375355305673 -30.123891839260658
2.3756035892415825 3.000421162231136 1.6175852905940549 -30.12267002750717
2.3063790620834057 2.9982336476280773 1.6142129398819243 -30.122352980289428
2.2372567777611843 2.9935615537557787 1.608791815717216 -30.124641371445307
2.1682341146778175 2.9909995362950044 1.6018828598859802 -30.12503460357666
2.09930256560076 2.988484975569701 1.5937886125190173 -30.12557109188326
2.030455214239013 2.9848287252093364 1.5848746951487511 -30.12744214532782
1.9616850036827818 2.9832309490057525 1.575834610725387 -30.12751146057809
1.8929811599150135 2.9827553062323844 1.5669828584557748 -30.126731128592724
1.8243335911953567 2.9820543316631642 1.5585977748531878 -30.126458380660644
1.7557325637796182 2.9798439553592453 1.5509443371745872 -30.127988196539796
1.687168223238493 2.978289897380107 1.5444686986092102 -30.12919014031244
1.6186309612745244 2.976876940566253 1.539327292638965 -30.130600576537617
1.5501123261717515 2.9765790812341044 1.5356302057928752 -30.1312449908106
1.4816060272249294 2.9771213493437063 1.5332774080564513 -30.131384939212424
1.4131074749188404 2.978002439815716 1.532065469425349 -30.13149403587108
1.3446136947073921 2.979223032826672 1.5317511081630815 -30.131539000223725
1.276123213103057 2.980741715912307 1.5320653582352228 -30.131526958441846
1.207635752397425 2.9808845231249927 1.5327686710499882 -30.133103255927892
1.139152049419486 2.9769644689352637 1.5336398100597777 -30.13894363072268
1.0706747161985215 2.970495842859927 1.5343377301496854 -30.147549661881406
1.0022105367607792 2.9656390808688284 1.5344403326775296 -30.154810664843843
