8.033135372452428 -2.3857124682853432 0.9253662043992349 -47.99256635137913
8.025364770893086 -2.3829723366828297 0.9259279787661677 -47.98974345700825
8.017598646215237 -2.3815600502982317 0.9263070916471435 -47.987995388177595
8.009833171301203 -2.381109943522347 0.9264846457513767 -47.986988426631896
8.00206482430262 -2.3808597610570073 0.926429527452395 -47.98599101306732
7.994290171394833 -2.3807891514834227 0.9261075308458289 -47.985005650575836
7.9865056659101805 -2.380861034492761 0.9254820739416683 -47.98401324813859
7.978707539528752 -2.3810695536474875 0.9245195561397644 -47.98302480904833
7.9708918579198 -2.3814079312005694 0.923188179293166 -47.98204770288755
7.963054534406804 -2.3818959411729175 0.9214578518733794 -47.981114403685126
7.955191332029503 -2.3825500537766473 0.9193016452118083 -47.9802492291707
7.947297840437854 -2.383337120262171 0.9166992050470822 -47.97942170169124
7.939369498551376 -2.384215576714719 0.9136390006754659 -47.97858578101042
7.931401650712753 -2.3851728014181606 0.910117153125859 -47.97771567524559
7.923389558029628 -2.3862723948556677 0.9061394114717631 -47.97685187025865
7.915328399890852 -2.38754689580655 0.9017281289852523 -47.97599676914028
7.907213368149839 -2.3890746955249282 0.8969101984432012 -47.9751970658718
7.899039682804894 -2.3909351404432853 0.8917156532970246 -47.97450000403301
7.890802611374734 -2.3930860039598763 0.8861812173855514 -47.973835932086374
7.882497541877336 -2.3955077986672038 0.8803478004990645 -47.97316772260311
7.874120140183294 -2.3981905139743667 0.8742596022757482 -47.97247720750924
7.865666467089967 -2.4011325928660914 0.8679630838626183 -47.97176376601344
7.857133067334715 -2.4043364179739157 0.8615063411669682 -47.97103942372906
7.8485170420657 -2.4079435795025197 0.8549296860970419 -47.97045782688393
7.839815954224076 -2.411886398198954 0.8482741596152329 -47.96997709233174
7.8310278555810635 -2.4161903686705046 0.8415592454572957 -47.96964733865324
7.822151115980568 -2.420955374969694 0.8348015105026471 -47.96958665904108
7.813184334595645 -2.426172654363366 0.8280277907076077 -47.96980347715512
7.804126425571893 -2.431639396529292 0.8212731199169006 -47.970113591253956
7.794976791242882 -2.437365699517321 0.8145570876961541 -47.97052923381916
7.78573503197603 -2.443357987541743 0.8078961416559212 -47.97105465486238
7.776400863761053 -2.4495888837283952 0.801303390590394 -47.97165922296974
7.766974070526903 -2.4560459016692104 0.7947851078117248 -47.97232494640016
7.757454440959673 -2.4627212473955074 0.7883423795684832 -47.97303783129237
7.747841727762367 -2.4696075962269437 0.7819726759794455 -47.97378462855467
7.7381356262509025 -2.476697090844415 0.7756713548352847 -47.97455233317219
7.728335768496141 -2.483981654790277 0.7694330202162448 -47.97532866846305
7.7184417289139375 -2.4914539483844167 0.7632526084272584 -47.976102980164185
7.708453036912112 -2.4991080839592223 0.7571261692869836 -47.97686678269841
7.69836919302469 -2.5069402143731945 0.7510513123963201 -47.97761413410565
7.68818968545402 -2.514948577511699 0.7450273792183894 -47.97834149570555
7.677914005180646 -2.523133471866833 0.7390553785586672 -47.97904755924668
7.667541658278709 -2.5314967185447683 0.7331377902164042 -47.97973264004869
7.657072175359881 -2.5400412231679637 0.7272782804731276 -47.98039821129899
7.646505118039716 -2.5487705304687758 0.7214813914652322 -47.98104647887713
7.635840082901847 -2.5576884088719187 0.7157522503201618 -47.98168001779515
7.625076703563286 -2.566798365216024 0.7100963284506026 -47.9823013665708
7.614214651506156 -2.5761034391255633 0.7045192411544381 -47.98291289244781
7.603253636051463 -2.5856060323972647 0.6990266077300324 -47.98351668960574
7.592193403931056 -2.5953077876972417 0.6936239542410153 -47.98411451822863
7.581033738673413 -2.605209532237083 0.6883166539936502 -47.984707793060494
7.569774459972343 -2.6153113161787616 0.6831098914876497 -47.98529764906777
7.558415423032697 -2.6256124228407622 0.6780086425492854 -47.98588496926361
7.546956517928709 -2.6361113884612397 0.6730176656548295 -47.98647041269848
7.535397668960004 -2.64680609903122 0.6681414932279035 -47.98705449859542
7.523738833854899 -2.6576937974241206 0.6633844246563763 -47.98763760483672
7.511980002849296 -2.6687711264473397 0.6587505164274509 -47.98821999472007
7.50012119762853 -2.6800341566093877 0.6542435747183744 -47.98880182465514
7.488162470068128 -2.6914783851129576 0.6498671463298351 -47.98938312330644
7.476103900878261 -2.7030988397130096 0.6456245063302329 -47.98996386602303
7.4639455980152425 -2.714880055139889 0.6415190344754383 -47.9905349407648
7.451687705780248 -2.726816278763861 0.6375534040606757 -47.99109631701851
7.439330394267517 -2.738908936070062 0.6337295123819752 -47.99165432997283
7.426873843700673 -2.751152228531463 0.6300486417323631 -47.992208734483
7.414318241585045 -2.7635390633971357 0.6265112951724359 -47.99275827519638
7.401663779385166 -2.7760617660604456 0.6231174939774926 -47.993301352252345
7.388910650952652 -2.788712489490712 0.619866999897363 -47.99383641556841
7.376059052224223 -2.8014833580420766 0.6167594773827237 -47.99436211714763
7.363109181865716 -2.814366533048756 0.61379460210776 -47.99487738332761
7.350061242470815 -2.8273543110387194 0.6109721304706704 -47.99538150276894
7.336915441959139 -2.8404390660748455 0.6082919390373293 -47.99587406997762
7.323671995039938 -2.853613640969424 0.6057540318837903 -47.99635531610946
7.31033112414041 -2.866872663239101 0.6033585121699876 -47.99682725513955
7.296893058464254 -2.8802058623476543 0.6011057220679827 -47.997287729900115
7.283358038421668 -2.893604740695088 0.5989960662017613 -47.99773624112789
7.269726315357178 -2.907061627104218 0.5970299843464596 -47.99817313197056
7.255998151419309 -2.9205691178458246 0.5952079357849905 -47.99859909420487
7.242173819484975 -2.9341200140751678 0.593530377110823 -47.999015100833574
7.228253602845677 -2.9477070117051465 0.591997747029263 -47.9994221207135
7.214237794979808 -2.96132281367607 0.5906104402387754 -47.99982120327167
7.200126699077155 -2.9749599532870006 0.5893687854290792 -48.0002133071089
7.185920627625965 -2.988610875358736 0.5882730209109498 -48.00059935673843
7.171619901851948 -3.0022678989084537 0.5873232705807651 -48.00098019516394
7.157224851176841 -3.015923181813287 0.5865195214804984 -48.00135653659866
7.142735812727116 -3.0295688054620653 0.5858616049176392 -48.00172902378547
7.128153130806725 -3.0431967315168986 0.5853491797049797 -48.00209817149991
7.113477156437533 -3.056798858640128 0.5849817201772003 -48.00246439548063
7.098708246944591 -3.070367099404807 0.5847585081579159 -48.00282806056865
7.083846765562496 -3.0838932782625763 0.5846786282327296 -48.00318936721355
7.068893081182065 -3.0973698793886766 0.5847409675634415 -48.003548988088866
7.053847567483557 -3.1107885968395914 0.5849442234208146 -48.003906767882505
7.038710603203242 -3.12414106994359 0.5852869103061974 -48.004262329974196
7.02348257214848 -3.1374197430953563 0.58576736687382 -48.00461581767936
7.008163862597799 3.13256202097879 0.5863837915375555 -48.004972681251054
6.9927548614423705 3.1194403306658613 0.5871342189562837 -48.005333383598995
6.977255960867169 3.1064079184758375 0.5880164256456235 -48.005697297479884
6.961667556256388 3.093472026466056 0.5890280649066186 -48.00606357737922
6.945990045064399 3.0806394704786366 0.5901667242539083 -48.00643144033838
6.930223826315639 3.0679166575418213 0.5914299466517762 -48.00680018807462
6.914369300542929 3.0553094727588435 0.592815238677895 -48.00716933256536
6.8984268698466 3.04282342962342 0.5943200677819529 -48.00753847363417
6.882396938163403 3.03046365135119 0.5959418626269692 -48.00790731834229
6.8662799115565285 3.018234944044895 0.5976780113089929 -48.00827561455458
6.850076198546364 3.006141760188052 0.5995258640423273 -48.00864317918394
6.833786210370989 2.994188234385099 0.6014827353839848 -48.00900985969861
6.817410361213516 2.9823782536682906 0.603545908716528 -48.00937546719597
6.800949068480976 2.9707153369887376 0.6057126421151002 -48.00973988045776
6.7844027529164554 2.959202736475224 0.6079801721502629 -48.01010295030161
6.767771838750166 2.947843405818665 0.6103457215359316 -48.01046452767814
6.751056753731063 2.9366399692326524 0.6128065093420577 -48.01082449164716
6.7342579291627125 2.925594766517525 0.6153597536196463 -48.01118271105522
6.71737579988238 2.914709856319399 0.6180026779941298 -48.01153904412538
6.700410804201734 2.903986991183747 0.6207325185964341 -48.01189336672395
6.683363383833568 2.893427603652942 0.6235465307253577 -48.01224559109637
6.666233983717587 2.8830328986401694 0.6264419910142077 -48.01259558967127
6.649023051921658 2.8728037896085135 0.629416202844159 -48.01294326149346
6.631731039422706 2.8627409095471337 0.6324664999248263 -48.013288532182386
6.614358399956665 2.852844685178361 0.635590244562428 -48.01363129700452
6.596905589868184 2.843115264355219 0.6387848347522768 -48.013971496814435
6.579373067877382 2.833552569951731 0.6420477036131516 -48.014309080132925
6.561761294908473 2.8241575496434868 0.6453762849165738 -48.01464287216403
6.5440707350552225 2.814928471511338 0.6487681199980359 -48.014973968190546
6.526301855268423 2.8058641111077276 0.6522209181648643 -48.015302960911114
6.508455125315636 2.796963465691136 0.655732527802483 -48.01563016662393
6.490531017628142 2.7882255365261566 0.6593008957788209 -48.01595579527561
6.472530007023209 2.779649400082399 0.6629240236246531 -48.016279864431816
6.454452570504223 2.7712344364638444 0.6665999283773335 -48.016601980819544
6.4362991870683475 2.7629786486336685 0.6703266624422084 -48.01692292142996
6.418070335452194 2.754878188067537 0.6741022476972257 -48.01724523569864
6.399766495609942 2.7469295277699164 0.6779242823268594 -48.01757111991353
6.381388150932218 2.7391299084028016 0.6817897781181416 -48.01790193430031
6.362935790194 2.731477370485844 0.6856953091817166 -48.01823815936554
6.344409909139025 2.7239705945700203 0.6896371750058099 -48.018579542296195
6.32581101161653 2.7166087636040763 0.693611556434794 -48.01892522413288
6.307139610245335 2.7093914068652127 0.6976146626567323 -48.019273896171526
6.288396226627821 2.70231828383194 0.7016428594235135 -48.019623918670575
6.269581391124269 2.6953892070243577 0.7056927768937948 -48.019973497386786
6.250695642121816 2.688603919628772 0.7097613918015226 -48.0203208136991
6.231739524973389 2.681961959791393 0.7138460837674326 -48.02066416516755
6.212713590564606 2.6754626770622196 0.7179446598591073 -48.021001964586084
6.193618393733447 2.6691080976558808 0.7220552506787634 -48.02133005735833
6.174454494064331 2.662902944306416 0.7261762900611911 -48.02164169337222
6.155222451408739 2.65684907446889 0.7303067221069305 -48.02193294093888
6.135922822701528 2.6509447452548573 0.7344459050711536 -48.0222034257666
6.116556164258408 2.6451869056003177 0.7385933541498028 -48.022454026135456
6.09712303194137 2.6395719381477902 0.7427486460528708 -48.02268612067545
6.077623980467956 2.634096070370043 0.7469113717342168 -48.02290118936484
6.05805956262851 2.628755514542223 0.7510811112747384 -48.0231006811667
6.038430328506298 2.623546414539325 0.755257423828275 -48.02328607211072
6.018736824740912 2.6184649555853756 0.7594398293327351 -48.02345877134353
5.99897959404986 2.613507371298096 0.7636277987550171 -48.0236201220093
5.979159174846912 2.6086699124855275 0.7678207442358665 -48.02377144035094
5.959276101005563 2.6039489533265052 0.7720180112974561 -48.023913921097126
5.939330901758857 2.5993409306174646 0.7762188774812232 -48.02404870479569
5.919324101707783 2.5948424494588416 0.7804225492248908 -48.02417678294616
5.899256220945869 2.5904501924807635 0.7846281686852534 -48.024299093535426
5.879127775230379 2.5861610535272823 0.7888348143468022 -48.024416397271565
5.858939276253964 2.5819720656211933 0.7930415118171851 -48.02452935378159
5.838691231937593 2.5778804258092234 0.7972472423740327 -48.02463850239138
5.818384146763298 2.5738834989816364 0.8014509552436883 -48.02474426174654
5.798018522074366 2.569978853538575 0.8056515795743194 -48.02484690093709
5.777594856411895 2.5661641763420935 0.809848038795585 -48.02494662485828
5.757113645810333 2.5624373250434758 0.8140392606283899 -48.02504352616733
5.736575384105697 2.558795192843309 0.8182242319104884 -48.02513867967335
5.715980562368267 2.555234851313524 0.822401961606436 -48.02523304723165
5.695329668050268 2.5517567893635564 0.8265713682793472 -48.02532433438703
5.674623186065817 2.5483603886907185 0.8307314679791866 -48.0254113107177
5.653861599105553 2.545044594590358 0.834881345551111 -48.02549318230392
5.633045387822988 2.541808556716728 0.8390201347524217 -48.02556899254597
5.612175031392258 2.538651967511154 0.8431470549421588 -48.02563730650475
5.591251008434239 2.5355741896997412 0.8472616812069927 -48.02569706862334
5.570273795078323 2.532573869956731 0.8513639024057843 -48.02574801638257
5.549243863847617 2.5296491001688386 0.8554538312369218 -48.02579053154933
5.5281616830549805 2.5267974991872113 0.8595317158471165 -48.025825547617934
5.507027716431097 2.5240164491171804 0.8635978506541808 -48.02585430454227
5.485842422990061 2.5213032757941094 0.8676525002656097 -48.025878150336936
5.464606257115403 2.518655276774992 0.871695844351827 -48.02589849465796
5.443319668740956 2.5160699778153797 0.8757279268451805 -48.02591654295716
5.421983103770633 2.5135450703497484 0.8797486358701049 -48.0259333443928
5.400597004540494 2.5110784334159058 0.8837576934214523 -48.02594976329119
5.379161810348822 2.5086682970236356 0.887754651375264 -48.02596631700166
5.357677958090259 2.5063130589643254 0.8917389133121816 -48.02598335637806
5.33614588286338 2.504011434748738 0.8957097495265184 -48.02600092219897
5.314566018599722 2.501762291791925 0.899666331860515 -48.0260189158969
5.292938798644923 2.4995647061669883 0.9036077611373061 -48.02603705106028
5.2712646562748535 2.497417886084218 0.9075330998073856 -48.02605493843594
5.249544025180054 2.4953211597947513 0.9114413998551615 -48.02607210417246
5.2277773398847165 2.4932739171285636 0.9153317312592514 -48.02608805584784
5.205965036046436 2.4912756242665504 0.9192032026550929 -48.02610227229546
5.184107550714333 2.4893258000610694 0.9230549792125692 -48.026114231735754
5.1622053224889575 2.487423900893629 0.9268862967243129 -48.02612352576874
5.140258791639299 2.485569360396108 0.9306964675775258 -48.02612982100168
5.118268400115648 2.483753709330367 0.9344851595458561 -48.02614057567423
5.096234586384247 2.481974568736014 0.9382518832771886 -48.02615734997882
5.074157789290745 2.4802315176728715 0.9419961436856424 -48.02617983577451
5.052038449456931 2.4785241004825544 0.9457175064325607 -48.02620780010692
5.029877009292149 2.476851910293424 0.9494155895861014 -48.02624099951706
5.007673913016301 2.4752145432903947 0.9530900569823587 -48.02627921820606
4.985429606575208 2.473611644110117 0.9567406106695222 -48.02632222051197
4.963144537601505 2.472042879668107 0.9603669814038999 -48.02636977010411
4.9408191553522816 2.470507934226956 0.963968921522378 -48.02642163007536
4.918453910588176 2.4690065048753 0.9675461962650768 -48.026477563103526
4.896049255523735 2.467538336408854 0.9710985769607798 -48.026537293405
4.873605643701436 2.4661031496171573 0.9746258365377202 -48.026600573551676
4.851123529899518 2.4647007078467627 0.9781277426033455 -48.02666711789344
4.8286033700782385 2.463330755332984 0.9816040573491802 -48.02673665969079
4.80604562126129 2.461993075266629 0.9850545332693909 -48.02680889402841
4.783450741487512 2.460687285945746 0.9884789192879772 -48.02688367793566
4.760819189642994 2.459414069395913 0.9918769213041161 -48.02695982014051
4.73815142512315 2.4581730139843243 0.9952479879715639 -48.02703713669307
4.715447910900818 2.456962979451932 0.9985913079597621 -48.02711627508818
4.692709116165604 2.4557827515144455 1.0019058808510017 -48.02719805275788
4.669935517558317 2.4546293083121062 1.0051906566191837 -48.02728514005013
4.647127598522647 2.4534933260583767 1.0084447424244543 -48.027386479297924
4.624285844695732 2.4523781486907312 1.0116668249103695 -48.0274985762661
4.60141074795724 2.4512846951633516 1.0148554587361225 -48.02762044189883
4.578502811729316 2.4502132483143098 1.018009040295827 -48.027751758753304
4.555562553061688 2.4491640420959016 1.0211258763928788 -48.027892267079544
4.532590503167438 2.4481374296649787 1.0242042786633676 -48.028041580157165
4.509587207064493 2.4471361266369214 1.0272425980562983 -48.028196950743464
4.4865532237318035 2.44616351909735 1.0302393642876342 -48.028354926961384
4.463489123492521 2.4452203381906115 1.0331933326414957 -48.028514573948875
4.440395483403666 2.444307146393394 1.0361033384179243 -48.02867496813102
4.4172728858951045 2.4434242895134597 1.0389683846951911 -48.02883529188724
4.394121917341114 2.4425719369955785 1.041787726217583 -48.028994832821446
4.3709431664414256 2.441749997758436 1.0445609443804196 -48.02915309763282
4.347737222324067 2.440958240110534 1.047288001130359 -48.0293097165884
4.324504672480137 2.4401956745231 1.0499692903311741 -48.0294650729582
4.301246100218076 2.43946050826266 1.052605649441412 -48.029620360957914
4.277962082290172 2.4387540989706684 1.0551982833475908 -48.0297736873827
4.254653189174792 2.438077215084179 1.057748884939388 -48.029923984581984
4.2313199864073585 2.437429743755395 1.060259491887862 -48.030071358261075
4.207963036491418 2.436811131891387 1.062732318443389 -48.030216593753
4.18458289997456 2.4362206124058146 1.0651695896624094 -48.03036086215539
4.161180136174492 2.4356573339264016 1.0675733816139645 -48.03050551191807
4.137755303603585 2.4351204376751965 1.069945478124533 -48.03065190770082
4.114308960161799 2.434609058563751 1.0722872507337164 -48.030801345183356
4.090841663054086 2.4341224199002327 1.0745995700829185 -48.030954879682035
4.067353968405829 2.4336598447017015 1.0768827592708028 -48.03111324971797
4.043846430575323 2.433220763513994 1.079136589345407 -48.03127681926595
4.020319601169704 2.4328049650664396 1.0813603122270876 -48.03144530036946
3.996774027909097 2.43241175690154 1.0835527596674268 -48.031618581311854
3.9732102530061537 2.4320353995030866 1.085712547852607 -48.031801282463164
3.949628809040907 2.4316757620000544 1.087837989291245 -48.031992209405246
3.926030219947459 2.431341163986942 1.0899272072506216 -48.03218156668094
3.902415003524877 2.4310281044462663 1.091978692686522 -48.03237119836894
3.878783668848661 2.4307344198636187 1.0939913000381483 -48.032560847670034
3.855136699279062 2.4304774559705873 1.0959644234500996 -48.03272985077317
3.8314745395815977 2.430261709617792 1.097899127757581 -48.032869349703255
3.807797578145867 2.4300978429183333 1.0997987552874995 -48.03296378357749
3.7841061323582577 2.4299956426937155 1.1016693664452961 -48.03299781679987
3.7604004161634674 2.4299547489070252 1.1035194466382983 -48.03296547050124
3.7366805119635425 2.429969722154823 1.105359007655638 -48.032865808670024
3.7129463629760298 2.4300427078745126 1.1071988168365758 -48.03269066306733
3.6891977772491837 2.430190814518885 1.1090496539445758 -48.03241762307498
3.665434449614314 2.4303209338629626 1.1109237301677852 -48.032135448322244
3.641655973011686 2.430370185770994 1.1128324113612096 -48.0319068496559
3.617861851221669 2.4303597373313024 1.114783168576844 -48.03171377139301
3.594051558123399 2.4303059098925726 1.1167785891806905 -48.03154428443248
3.5702246093333794 2.430173069910082 1.1188174272855294 -48.031440199189475
3.546380612215871 2.4299687847549962 1.1208926479167811 -48.03140298165923
3.522519320116833 2.4296311329347513 1.1229909285453679 -48.03150412846855
3.4986406785284623 2.429185388509817 1.1250892789650286 -48.03172937534033
3.474744913740872 2.428774279798542 1.1271554991207833 -48.03194910778637
3.4508326168860983 2.4284117421882723 1.1291503307352935 -48.03216191366292
3.4269047824663046 2.428092239913126 1.1310281756709615 -48.032383053150916
3.4029627865680063 2.427791009723405 1.1327421546713716 -48.032643192341844
3.379008346409927 2.4274653322797946 1.1342518589436614 -48.032987635331025
3.355043427406176 2.4271538363222813 1.1355254483752641 -48.03337802351488
3.3310702009004483 2.4268524827808906 1.1365466195124418 -48.03381629759031
3.307090889617785 2.4266278300346427 1.137313603702601 -48.03423053278686
3.283107642967157 2.4265213190155794 1.13783785815046 -48.034571235253566
3.25912243932775 2.426539774514197 1.1381414260270437 -48.03482204480322
3.2351370205192365 2.426669898192598 1.138256751378271 -48.03498709513002
3.211152836606775 2.426967130449735 1.1382244481344024 -48.03500346189792
3.1871710486080214 2.427570866384329 1.1380930850088666 -48.03472784379628
3.1631925950441 2.429616620403859 1.1379219471760293 -48.0330227332399
3.1392185295072363 2.432120251210207 1.1377700622521119 -48.030872205716236
3.1152493989840027 2.434031636128196 1.137698406544438 -48.029330641750086
3.091285122269789 2.435448348803862 1.1377701150639954 -48.0283025628648
3.067325139724389 2.4367766270106315 1.138034820743184 -48.02737743964754
3.0433685668536032 2.438158466955694 1.138517835086429 -48.02640428658297
3.0194143244920433 2.439607259800661 1.139225938507922 -48.025359770576884
2.9954612329012598 2.441058512327672 1.1401500981993602 -48.024298654404845
2.9715080750589187 2.442354729365305 1.141272350692254 -48.023370051994384
2.9475536086916745 2.443587400876927 1.142567084217365 -48.02247456504241
2.923596628531557 2.4445404971028775 1.1440055512125298 -48.021819716437996
2.899635888765859 2.4448154045576445 1.145557953854605 -48.02179581886923
2.8756700531888137 2.4448581707720276 1.147182408284819 -48.02195138549242
2.851698004897515 2.444638158500533 1.1488399243526266 -48.02231900147873
2.827718818588217 2.4442883400706252 1.1504850628681538 -48.02277459784264
2.803731946304914 2.443746734218017 1.152073041410208 -48.02339695374829
2.7797373024515504 2.44306879545513 1.1535475984797592 -48.024150239690904
2.755735348645319 2.4425588001438463 1.15484344409745 -48.02474613678954
2.731727225079286 2.4421539057694606 1.1559014183626444 -48.02525921538168
2.7077146323483032 2.44168296455858 1.156670636434404 -48.025867868910446
2.6836996777686433 2.441201206690782 1.1571142158130578 -48.02652095923668
2.6596847464091904 2.4407684475998117 1.1572174756628004 -48.027161559501025
2.6356723612869395 2.440439976439505 1.1569857117088747 -48.02773722992794
2.611665078571377 2.440256308018391 1.1564405154663218 -48.02821055266424
2.5876654030697783 2.440195346052248 1.1556126551618904 -48.02860914218411
2.5636757624209374 2.4402118691636057 1.154538026254391 -48.02898698625604
2.5396985152958087 2.440251928231392 1.1532561442729847 -48.02941153038535
2.5157359815437315 2.440333398700666 1.1518065178214232 -48.029882602604076
2.491790516972551 2.440529693602571 1.1502261193765746 -48.03034137186102
2.467864506966072 2.4409004053104004 1.1485490630096908 -48.03073969660455
2.443960332851583 2.4415540176416948 1.1468074534162749 -48.03097475036069
2.420080313904457 2.4434432698592237 1.1450492743530654 -48.03008279366863
2.396226682336926 2.4465907105240334 1.1433068812885683 -48.02802883879949
2.3724013761376064 2.4506741903708313 1.1416062785971948 -48.02512088382211
2.3486059257361864 2.4560827720305296 1.1399877824687297 -48.02094088300008
2.3248414073342305 2.462980233646854 1.1384917480120436 -48.01529094433911
2.3011083396132004 2.46933771686457 1.1371279929154854 -48.01019486767297
2.277406475985749 2.4736520958634296 1.1359258214983246 -48.00714513850908
2.2537346611999283 2.4764727272131677 1.134938571775414 -48.005541033726686
2.2300908110308857 2.4780512836404758 1.1341948689067518 -48.005077909537334
2.2064719689566434 2.478745198499324 1.1337143115189083 -48.00534829493647
2.182874473759932 2.4795422476777778 1.1335062387451327 -48.005314040491854
2.15929432230822 2.4804809195701543 1.1335540865223348 -48.00491269338149
2.1357273914362276 2.481990827545561 1.1338268357328918 -48.00370496535267
2.1121698366079835 2.483759265021011 1.1342848305496187 -48.00200701316612
2.0886180291634306 2.4853600711081123 1.1348833314453413 -48.00025411267361
2.0650685737035306 2.4854819098176635 1.1355803844815102 -47.99977425609897
2.0415179905109566 2.4849182652651565 1.1363253657386112 -47.99980000630922
2.0179636486123393 2.4839403473894723 1.1370742961734033 -48.00009752342247
1.9944037246524386 2.4827620385139815 1.1377878311420742 -48.000504173035544
1.9708373888493467 2.481368484161101 1.1384279635832284 -48.00108789072176
1.947264736825203 2.47951628461078 1.1389374743496652 -48.00214190226794
1.9236867354363572 2.4764854421868776 1.139241019283394 -48.00443941395969
1.900105170232555 2.473250974900224 1.1392491141328989 -48.00706213119624
1.8765234476832295 2.4701108208147127 1.138884248643832 -48.00975579059777
1.8529460978139984 2.467399712703733 1.1380837035642306 -48.0122072364694
1.8293785023461164 2.4653624371909086 1.1368045092026327 -48.014173855966924
1.805826481281324 2.463674777862708 1.1350187315163662 -48.015971514142855
1.7822957688707837 2.4623853586036843 1.132727010197371 -48.0175363936139
1.7587919149095304 2.461847602961056 1.129964009219647 -48.01849141658499
1.7353201888586451 2.46187234833216 1.126775684722019 -48.01900574871961
1.7118853515980528 2.4620341076656653 1.123215931113364 -48.019494359869825
1.6884915919332948 2.4623367230144675 1.1193634670020505 -48.01994556547042
1.6651426329685308 2.464023189323779 1.1153552108308127 -48.01909373087065
1.6418417625243178 2.4678029146831895 1.1113180477248097 -48.01621180085498
1.618591681995781 2.4729245827521793 1.107314978393473 -48.012054317426355
1.595394428012378 2.478469406405238 1.1033943874292451 -48.00753991606804
1.5722514010284325 2.4837964818144016 1.099604641930075 -48.00329007700469
1.5491632857802393 2.486838038020526 1.0959418633699234 -48.00137608352083
1.5261297999634111 2.48865836245939 1.092535588621992 -48.00066739689948
1.5031496545259355 2.489032759666365 1.0894589691593248 -48.00134077015003
1.4802203982720483 2.4891993458842188 1.0868322591277786 -48.00207514123088
1.457338519235618 2.489341524732899 1.0847113095399863 -48.002624823676484
1.434499463437966 2.48922537585669 1.0831203913617313 -48.00317361467307
1.411697767457427 2.4890197329455717 1.0820674684889047 -48.00350338353707
1.388927545329394 2.48897879690868 1.0815273016945517 -48.00332547319854
1.3661828820097097 2.4902169712923428 1.0814413447433793 -48.001502612424694
1.3434585370098708 2.4928844090217055 1.0817254925085544 -47.99788818778064
1.320749949471488 2.4965995066657847 1.0822933593317534 -47.99288275080033
1.2980531240862172 2.498486019865943 1.0830811562486415 -47.98939857997139
1.2753631782974977 2.496953111412047 1.0839995799069553 -47.98906800527878
1.2526751443600483 2.4944607580208573 1.0848960269685466 -47.989487972353594
1.2299867943005234 2.4912357439972865 1.0856524939217822 -47.990498689772224
1.2072978471198141 2.4868984098377487 1.0861416557105217 -47.992560867838876
1.184610045379803 2.482286793615065 1.086201286964565 -47.994908610883556
1.1619274850858052 2.4785373548817 1.0856840235475447 -47.99645475209373
1.1392566658933152 2.47526614839442 1.0844743717476262 -47.99759091227045
1.1166049789243377 2.47246841772104 1.0824932206755025 -47.998314020454195
1.093980506874277 2.4700484938664844 1.0796958876072162 -47.99870128076393
1.0713914338305643 2.4677319729182097 1.07606687124439 -47.999001093123475
1.0488455439160367 2.465197872348666 1.071621342756774 -47.99950208289561
1.0263498763936703 2.4626960756739074 1.0664298189928865 -47.999914114065106
1.0039113040444465 2.460340846470353 1.0605898530559275 -48.00008546227351
