7.887785580898348 -3.0059008016887896 1.2882494531912088 -42.38642118545371
7.816637596044753 -3.0066401929230424 1.2918503108867292 -42.3862130765671
7.745469870611076 -3.0105501388884064 1.2954113391686655 -42.38939942197192
7.674326963428729 -3.0162771665555868 1.2985823500663736 -42.394578046067465
7.603240932153628 -3.017661867297984 1.3010530280818782 -42.3954854756823
7.5322247504033 -3.018199690474816 1.3027020475540176 -42.395555737190584
7.461281193092037 -3.0187338222536395 1.3035858431382872 -42.395577178428006
7.390403038532795 -3.0211841991338053 1.3037956431525455 -42.39743125299905
7.319575490819867 -3.0226900434657735 1.3034097660346817 -42.39818506435995
7.248770850315288 -3.0216568305122737 1.3025557975426776 -42.396185440144485
7.177962304636385 -3.02153591573294 1.3012222466318004 -42.39484490338176
7.107132145845165 -3.0241141728077436 1.2994872737299077 -42.39591143550908
7.03626694693314 -3.0297239572569086 1.2975061608497735 -42.399679339590385
6.965342932198545 -3.0381569936002304 1.2954249479163678 -42.4059093068326
6.894325992222546 -3.04852082866634 1.2934078591253095 -42.413698233849416
6.823181815291384 -3.0594604056580743 1.2916320151844956 -42.42170018586132
6.751875772581467 -3.0706622710563654 1.2902288830982718 -42.42960804304255
6.680374214290736 -3.0815899374046096 1.2893358860749797 -42.436905382515484
6.608646803917719 -3.0915563687700804 1.2890693956254735 -42.442940274758854
6.536667010408677 -3.1013350626384195 1.2894858076966 -42.44849003828865
6.464408981091798 -3.1103097199372516 1.290627409929024 -42.45298865405314
6.391849061142184 -3.1183181417700307 1.2924861483911727 -42.45631910955178
6.318968263557622 -3.123594195702761 1.2949988275150857 -42.45683090461044
6.245760618561892 -3.1220360006172942 1.2979920053614844 -42.45065458227306
6.17224569257609 -3.121815052040428 1.3013767247533532 -42.44570288650069
6.0984242886226605 -3.123838333400466 1.3049209106097788 -42.44292419867124
6.024284524895567 -3.125857236464701 1.308329356027512 -42.44026789094561
5.9497952196901815 -3.1269671358792372 1.3113964664812467 -42.43695875808752
5.874943820455399 -3.1244575336841702 1.3139403512032777 -42.43044118833555
5.79974951642441 -3.118299454549039 1.315902534991623 -42.42069143688089
5.724235040220494 -3.110426762182747 1.3172190845788636 -42.409563533683375
5.648416793519578 -3.1033322989334073 1.317799575367786 -42.39945659621297
5.572307014379464 -3.099032482095546 1.3175347840539486 -42.392323297146
5.495914743815617 -3.097987630243488 1.3163473647070125 -42.388611213959365
5.419253294022197 -3.0986033810288194 1.3142324144873034 -42.38676099995044
5.342343855578953 -3.096056760329944 1.3114065147668221 -42.38203766705052
5.265219909540513 -3.099515807999454 1.3075063728765333 -42.383390159145186
5.187902956319152 -3.1027099051290956 1.302995615881547 -42.38466321442066
5.110424058443545 -3.1022451460922658 1.298391421570882 -42.382490923223656
5.032820923758678 -3.1024199421583654 1.2937349861193888 -42.38106562337595
4.955113126609873 -3.10192887229356 1.2894326354728525 -42.37907505345842
4.877310912520802 -3.103067218294394 1.285680848439704 -42.37876087055601
4.799416611541951 -3.10558273146517 1.2826960989615335 -42.37985947122857
4.721427017958368 -3.108355558611856 1.280717855511284 -42.38125671788963
4.643334749849116 -3.111602764606931 1.2798870704654202 -42.383161287508955
4.565129647001398 -3.1154923601218054 1.2802992084925107 -42.38573984281706
4.486799555803592 -3.1196333665964096 1.2820010720800876 -42.388611564847224
4.4083322845382265 -3.123600199814146 1.2849682506697295 -42.391362272277775
4.32971727616827 -3.126821522985494 1.2891117783570876 -42.39343309189375
4.250948030804993 -3.12836774495916 1.2942705190210047 -42.393909222892276
4.172024694653533 -3.1286637828674593 1.3002583546006472 -42.39320933230093
4.092952318389535 -3.1287349409517433 1.3069034382836384 -42.392344953188726
4.013738730370378 -3.1294791533338038 1.3140293588749747 -42.392204412123625
3.9343893027414936 -3.129403671183776 1.3213469720547815 -42.39131971950886
3.8549051718234386 -3.1293083695198005 1.3286896771281016 -42.3904847807473
3.775284410588296 -3.129167356749378 1.3358842899143004 -42.38967965631536
3.6955229222675174 -3.1292911926551494 1.3428126596563135 -42.389216021939234
3.6156142337195276 -3.129842082674673 1.3493985402142596 -42.389258676763724
3.5355491738964573 -3.1305520127407416 1.3555621448987267 -42.389545952089605
3.4553167568736076 -3.130773945677407 1.3612128918175037 -42.38943778087282
3.3749078829871593 -3.1305004078460104 1.3662906614885777 -42.38892355720531
3.29431878626792 -3.129309248971076 1.3707607427508304 -42.38758140047991
3.2135502293066764 -3.1269457139760495 1.3746160502090232 -42.385151413578235
3.1326091266785365 -3.1248155038431165 1.37789458013119 -42.383021739874934
3.0515066294393107 -3.12498825733327 1.3806326654053713 -42.38325086828392
2.9702543264651444 -3.1270981872465002 1.3828714829427693 -42.38549191357852
2.8888657695939495 -3.130531905133077 1.3847168449061358 -42.38915219873011
2.8073552160288653 -3.1329057662573105 1.3863552415508182 -42.391873788107
2.725740119560436 -3.1345662708136652 1.3879933418040868 -42.39400574722848
2.644031520974085 -3.1363178500216775 1.3898189625626314 -42.39634657316963
2.5622374186641497 -3.138237288559908 1.3919893081734545 -42.39896811181525
2.4803656921601283 -3.1392436128439702 1.3946183200772886 -42.400784809183335
2.398425738250531 -3.139584134411002 1.3977837392332417 -42.40202966787103
2.3164282833360055 -3.1395085262919404 1.4015279021811413 -42.402939897536875
2.234385309327306 -3.1388038087993495 1.4058464564188216 -42.4032933691908
2.152309553460781 -3.137991233187862 1.4107187244684736 -42.40360248002248
2.0702142133699506 -3.1370459066169696 1.416085134761805 -42.40383903432612
1.9881122699728868 -3.1368752182289845 1.4218933681097088 -42.40490949735457
1.9060164052723072 -3.1367619909917663 1.4280431281117043 -42.40610234564022
1.8239372881889389 -3.1365097748017794 1.4344700941270396 -42.40722276438409
1.741883553244005 -3.135296827986794 1.4410918557419754 -42.40744959021391
1.6598617930631572 -3.1324266079978615 1.4478364655208529 -42.40608391204605
1.5778777770387877 -3.127517113844311 1.4546687295306986 -42.4027427323463
1.4959354915439895 -3.122541387688973 1.461676533876947 -42.39939844426357
1.4140372748303254 -3.1188400003164536 1.4689302729814382 -42.39740171461494
1.3321838089407083 -3.1162251208374947 1.4764347396140485 -42.39658538615958
1.2503757492162704 -3.1144310642820128 1.4842231847849325 -42.39671541936871
1.1686122271133523 -3.1127136577020913 1.4922915521070599 -42.39708432393227
1.0868912603610563 -3.1108769472305475 1.5006640091060321 -42.39753580259934
1.0052106517886774 -3.1086475104964943 1.509381508137617 -42.39784598088786
