7.803033587484226 -0.5163184127832995 1.7993335649217246 -20.06990246593338
7.713000633968964 -0.5052517249157611 1.8019198662356464 -20.061820873380903
7.622982811720843 -0.496739679398805 1.8047652411820234 -20.05635350313065
7.533052990864888 -0.4923496593270556 1.8078967261010235 -20.05508372332003
7.443246357421919 -0.4902893110786578 1.8111501381791175 -20.05619788244926
7.353564128576515 -0.4889746624954602 1.814325638751189 -20.0580650483203
7.263982564529388 -0.487755370406161 1.8172695304788986 -20.059975770801415
7.1744605283891385 -0.48466029677608335 1.8197630335132025 -20.059898708424377
7.084955746630683 -0.4824542834035879 1.8217501943765881 -20.06055275713453
6.995435072820419 -0.4814082521834184 1.823086262056126 -20.062187443381227
6.905881870629615 -0.48347392750488855 1.8236533179389418 -20.06675264760495
6.816278963782385 -0.48954506324257707 1.823293787421746 -20.07514489952753
6.726605080794215 -0.49807782915277204 1.8218503702294848 -20.085851003314943
6.636835306570032 -0.5069893956182708 1.8192754360803987 -20.096845158704625
6.546943847723399 -0.5152152261334967 1.8156436202035524 -20.10713030571079
6.456906975815245 -0.5235303733502092 1.81103703929549 -20.11754507751037
6.366701863874261 -0.5318331985800879 1.8055867892499815 -20.128073659394254
6.276306461147869 -0.5401535654254848 1.7994489272471696 -20.13884285094793
6.1856966787607925 -0.5484629263252175 1.7927863083924775 -20.149932795860266
6.0948387047470245 -0.5558425491788 1.7858110363156638 -20.16054039399757
6.003691455255958 -0.5588849216946612 1.7788798571014521 -20.167350100068603
5.912211174583595 -0.5570861737916617 1.7721660808988233 -20.169887351252463
5.820355106405487 -0.5440605257887797 1.7662065202456392 -20.161655964337506
5.72813249751136 -0.5299846285295293 1.7604108658834416 -20.152898338462094
5.635548882815725 -0.5169248207408875 1.7547021261328406 -20.145758471325294
5.54259605743321 -0.503860754317388 1.7492061081817423 -20.13921487946996
5.449248316291732 -0.48759891080628653 1.744304273724697 -20.129896090989384
5.35546192990897 -0.47596289940462444 1.7397889330387455 -20.125794852929303
5.261131703031096 -0.4591731590300946 1.736316997507459 -20.116531798045862
5.166234859784129 -0.43473639913435275 1.7340068858788518 -20.099249028761776
5.0708092298544445 -0.4055529008602483 1.7327397519439651 -20.07681106418977
4.9749071968592 -0.37445875180818045 1.7325017179808069 -20.0520999953065
4.878574461522358 -0.34760168512791473 1.733326604774841 -20.031513396393876
4.781836577779859 -0.3283017586755951 1.7353865446469028 -20.01851069738457
4.684716795425351 -0.3225647450846243 1.7390272697060534 -20.019375757910694
4.587224561986666 -0.32835786902813546 1.7444287018176137 -20.032006341967822
4.489376167565818 -0.3344697476338126 1.7510240002037558 -20.044729226106178
4.3912262219024285 -0.32918175476801737 1.7577634747786226 -20.04539490140894
4.292864206655277 -0.32164648525764755 1.7648326152883758 -20.043601696147512
4.194332479153565 -0.3141291988896582 1.77205110311052 -20.041765380809537
4.095646456958648 -0.30711964190778035 1.7791003648218235 -20.0404242025028
3.9968112323130156 -0.30022244273996423 1.7856659424223436 -20.039185807100523
3.8978274799741213 -0.29342828843315644 1.7915190612499836 -20.03804559496041
3.798696014352207 -0.2868037025254208 1.7964834698731775 -20.037076171295524
3.6994200071443806 -0.28025889545748306 1.8004237775279477 -20.036191499607078
3.60000662198548 -0.2739089646032277 1.8032624781521376 -20.03552176656231
3.500464450198094 -0.2676760524571092 1.8049600031715345 -20.035001550610154
3.400802767060426 -0.2615119339664517 1.8055210917538764 -20.034596399665887
3.3010297181651094 -0.2552599190591515 1.8049958172884424 -20.034156842245977
3.2011518684576306 -0.24903618191782653 1.8034721059989187 -20.03380993866648
3.101173715931888 -0.24265402475033981 1.8010941595063354 -20.03336618074141
3.0010981200622378 -0.23664751831290237 1.7980106198130634 -20.033372969660213
2.90092804598616 -0.2291245562063933 1.7945408927066644 -20.03188986869477
2.8006689519673063 -0.21956176358563192 1.790933231841679 -20.028396554308586
2.7003334502711716 -0.21007128974934652 1.7872461515576734 -20.025108635606173
2.5999377994058284 -0.20062923037599092 1.7836612928989297 -20.022077383209577
2.4994931379093646 -0.19161707841269182 1.7803291521916065 -20.019756435690333
2.399003733084405 -0.1829460427186603 1.7774065592721948 -20.018090596843933
2.2984672396795034 -0.174181807369635 1.7750183124084993 -20.01664748829667
2.1978764209021566 -0.16572153963634254 1.7731808894223278 -20.01583359485661
2.0972217623677993 -0.15766990837117945 1.7718780425775424 -20.015750101522798
1.996490400068974 -0.1496936874670246 1.771063283457987 -20.016044231626935
1.895666701652999 -0.14051766600214677 1.7707407479759814 -20.01538455744482
1.7947344971193806 -0.12983839296493696 1.7708899536232259 -20.013424437783016
1.6936880929711786 -0.11902449388321672 1.7714414307418023 -20.011549810992314
1.5925359256883274 -0.10955796106413469 1.7723846294878567 -20.011296310496675
1.4913004556465914 -0.10177401275377172 1.773767042185666 -20.013075112829107
1.3900115132723805 -0.09511127266269176 1.7756791652152757 -20.016413602658517
1.2887044837983619 -0.08981178171209164 1.778206004997523 -20.02170476195117
1.1874117208970076 -0.08373793106581397 1.7815374792490914 -20.026978057483348
1.0861694785572948 -0.07722480601567909 1.785822655201332 -20.03285081167372
