8.053778576699095 -0.7058412880294407 1.2145775233071443 -15.169016425397874
7.986454355841329 -0.7081035079500065 1.2135196547259735 -15.168631571895517
7.919139232008216 -0.7103873626679427 1.2132633979105352 -15.168281260803353
7.85184388050907 -0.7130844614156637 1.2138098917153748 -15.168442870486913
7.784573391668696 -0.7156802786847823 1.2151082419496892 -15.168640035999827
7.717325646164953 -0.7183896460111852 1.217085691861997 -15.169081512477918
7.650098218189418 -0.7215176615519541 1.2196650302252507 -15.170031129008718
7.582889385783505 -0.7245188933002105 1.2227443545384156 -15.17088765741631
7.5156955481096395 -0.7274303009188149 1.2262343899026318 -15.171632173989916
7.448515772200306 -0.7300529830039866 1.2300528015416308 -15.172004775595449
7.381352335576931 -0.732436952988291 1.234180404217967 -15.171976675135822
7.314208848496649 -0.7349363665096909 1.2386550686882472 -15.171829918110282
7.247090136093299 -0.7374875499816351 1.2435106392405997 -15.171458159499926
7.180000974096402 -0.7400001555902448 1.248794683277165 -15.170748863327676
7.112946936189887 -0.7424777514679379 1.2545676108776573 -15.169697281648304
7.045935215251697 -0.7453396112166298 1.2609146969350131 -15.16871748215685
6.978975038516053 -0.7488020291982206 1.2679003566763283 -15.16803166932493
6.91207639049683 -0.7525140432878386 1.2755337768133788 -15.16731759166414
6.84524895557365 -0.7561255410740119 1.2838002520747644 -15.166263359040228
6.778501969237892 -0.7598876418968223 1.2927195089622385 -15.16514418916386
6.711844235672619 -0.7637178901586232 1.3022623830345244 -15.16391027329311
6.645284142809765 -0.7676046656216113 1.3123983987307561 -15.162578754811081
6.578830087718435 -0.7716412458474763 1.323102538961569 -15.161265189110328
6.512490950641449 -0.7758469446971918 1.3343342497952624 -15.160010527129547
6.446275508432517 -0.7802602582362664 1.3460488161282809 -15.158871696605178
6.380192292483421 -0.7850470882835638 1.3582137611652796 -15.158026522965816
6.314249547414527 -0.7900804278325987 1.3707571069605156 -15.157372868718335
6.248454024349788 -0.79506551924367 1.38357439832866 -15.156650604091435
6.182810789092692 -0.8001333224981168 1.3966061076402974 -15.156010234923956
6.117324710254277 -0.8053775787508957 1.4097790403714687 -15.155570255597105
6.0519999836473275 -0.8106771558829757 1.4229836137838965 -15.155244849048522
5.986839348967368 -0.8164813980709975 1.4361767383948154 -15.15549699726286
5.921845561350405 -0.8225779939444702 1.449211089384074 -15.156156156239117
5.857020491771815 -0.8293400147654778 1.4619841154002569 -15.157611884091791
5.792365675416978 -0.8361543516848056 1.4742203425681208 -15.159301469132027
5.727876658182588 -0.8429045112159645 1.485713337920902 -15.161136499211999
5.663545799515985 -0.8491861282735683 1.4962864175073955 -15.162749919189329
5.599362949142224 -0.8546140332732797 1.5058381832908054 -15.163789669286142
5.535318909974362 -0.858591751553464 1.5143117673760793 -15.163689416652865
5.471406527179373 -0.8611013982902989 1.5217445494369637 -15.162434834822994
5.407621955991473 -0.863764003662173 1.5283132444254977 -15.161607480256368
5.343966064209111 -0.8661973630357234 1.534058516027808 -15.160830228102503
5.280436180887288 -0.8672127928456335 1.5390235857891021 -15.158929603367255
5.2170279466913225 -0.867237922582595 1.5433778699115566 -15.156305902743451
5.15374129141408 -0.8676743971477966 1.5473490771083362 -15.15430772762146
5.090578792326133 -0.8714659305630674 1.5512712849943655 -15.155813636663375
5.027545963273034 -0.873169811368507 1.5551836658475995 -15.155391166145737
4.964641047759604 -0.876016310511927 1.5595377238987769 -15.156196257213661
4.901859674565512 -0.8807973735922167 1.5646853227661186 -15.158996685024572
4.839195004211418 -0.8879123122012939 1.5709184021781972 -15.164192243464647
4.7766393253864505 -0.8975768491468306 1.5785248125152167 -15.172012801905975
4.714187639801883 -0.9083301340912765 1.5876136212883996 -15.181015625228998
4.651838542663882 -0.9188606480492635 1.5981835959805837 -15.189889466288715
4.589593767443357 -0.9280342240246934 1.610092337678347 -15.19748050040418
4.527455655452352 -0.9310678897191593 1.6225786700356104 -15.198980880311858
4.465421213753289 -0.93075531365528 1.6356677979698973 -15.1971458473447
4.403491195515356 -0.9304206401217333 1.6494793181811056 -15.195265365711714
4.3416704806512 -0.9227943618688866 1.6625915594758625 -15.186086142665351
4.279956291824461 -0.9187278823926657 1.6762093366848823 -15.180419902778027
4.218359669174379 -0.9208278515104025 1.6903012954768042 -15.180870895852784
4.156888913588656 -0.9239644601791496 1.7037329218830193 -15.18238224662846
4.095538908520119 -0.926464446652585 1.7160004611060506 -15.183373774213484
4.034301381124058 -0.9285371793819159 1.7270036967075892 -15.184138564951157
3.973170642208813 -0.9299972591630923 1.7367177085235006 -15.184556429897926
3.9121434706564906 -0.9308164960799672 1.745208177411323 -15.184643463532588
3.851218859326461 -0.9310755218832124 1.7525830512782323 -15.18450883669086
3.790397802025468 -0.9304600531444291 1.7589587864825762 -15.183843423081944
3.7296824757989544 -0.9291913272896123 1.764534511578126 -15.182854108148344
3.6690761914679135 -0.9277401804286738 1.7695346129617826 -15.181983118854808
3.608583365910285 -0.9270749890221666 1.7741999129616532 -15.182165843508223
3.5482088890828307 -0.9267250736069063 1.77868410807747 -15.182861687456866
3.4879548502616107 -0.9261291568606906 1.7831400333492826 -15.183444144431139
3.4278209661877668 -0.924847021977719 1.7877544565505465 -15.183409350284345
3.367806794068949 -0.9259693929859234 1.7929090076882281 -15.185874234008322
3.3079156874675655 -0.9290767349424525 1.7988486132283061 -15.190360094377859
3.248148845593753 -0.9303211416504128 1.8055021544671035 -15.192862184026271
3.188501988719301 -0.929729196835802 1.812888810695176 -15.193345771653673
3.128970195188301 -0.9285399707966276 1.8210352712669344 -15.193011415043097
3.069549193063445 -0.9280837813880236 1.8299455997606169 -15.193154286342603
3.0102350105823 -0.9267278827257908 1.8393006949239243 -15.192067305750994
2.951021452628565 -0.9257728644220811 1.8490012220827339 -15.1910657503961
2.8919034505559567 -0.9255495035446848 1.8588199690319864 -15.190507143696305
2.8328762372870457 -0.9274538988712435 1.8686008024764946 -15.191813019923291
2.7739336328417417 -0.9296211023440188 1.8778944872559997 -15.193123167334992
2.7150647000898798 -0.930532837534585 1.8863307883920928 -15.192978182689723
2.6562573200587867 -0.9312459752758542 1.893769772722223 -15.192519066562351
2.597501189248383 -0.9317100001512925 1.899989972356711 -15.191772219676707
2.538786479370002 -0.9332934713024802 1.9048869644106123 -15.192172920970632
2.480103391125209 -0.9354698051004643 1.9083099846439213 -15.193260170295368
2.421440936168086 -0.9372248085987724 1.910253142819723 -15.194085298211583
2.362789253001681 -0.9379555693754437 1.9108556677192081 -15.19409297024962
2.3041411442461013 -0.9380785680271753 1.9103429770105287 -15.193714630331081
2.2454919269598808 -0.9381064384988411 1.9089664741633123 -15.193449288715774
2.1868387039954995 -0.937324232277409 1.9070192723843946 -15.192543590563524
2.1281807196385483 -0.9374398579268148 1.9047330811762941 -15.192663636541399
2.069518551988391 -0.9399527780793563 1.9023581393663518 -15.195253809016481
2.010853776860498 -0.9436562351026515 1.900211323702821 -15.199076950319807
1.9521898617378093 -0.9462891010625668 1.89861955110528 -15.201860996087355
1.8935325195549728 -0.9473668271372477 1.8978009279076364 -15.203115910579527
1.834888894100516 -0.9484799503409465 1.897886073112327 -15.204440866444465
1.7762669718491242 -0.9510922742999397 1.8989838459378807 -15.207294722675524
1.717674959799926 -0.9543513105946049 1.90114091288677 -15.210783581814093
1.6591205751516986 -0.9562249794469881 1.90426212981712 -15.212819657445152
1.6006102255710277 -0.9569127076146698 1.9082469087212444 -15.213576866333232
1.5421492406616593 -0.9571342881415409 1.9129882427471048 -15.213764417539988
1.483741875475359 -0.9570725168768274 1.9182962366176528 -15.213565397971745
1.4253908679266698 -0.9530070623444996 1.9236528821015175 -15.209292775176188
1.3670965567076854 -0.9413051117895691 1.9284534033192782 -15.19739628882884
1.3088573274400583 -0.941217314128761 1.933679997100429 -15.197090037735414
1.25067351869254 -0.9423081995682764 1.9382884823095186 -15.198041577612019
1.192542468081791 -0.9440278108482927 1.9419574309142797 -15.199819879168805
1.1344604652975234 -0.9454514904105057 1.944416428609729 -15.201621947275413
1.0764233666705842 -0.9462549590508627 1.9455048339413596 -15.203228877759718
1.018427437671888 -0.9462662259517569 1.9451313024927985 -15.204557782904542
