7.944514969797789 -1.918247572014162 1.876911992027927 -28.752044452381185
7.824863671789069 -1.9158200644988257 1.8782527401670057 -28.748212160712164
7.705139937944235 -1.9170183760971686 1.8799463980198898 -28.747444337577797
7.585369278621536 -1.9177718417470178 1.8815926016406501 -28.745569704148984
7.465567837590715 -1.9194977521806045 1.8830805926769167 -28.743967460049973
7.345738293733774 -1.9221054679978617 1.8844122057366688 -28.742510120407445
7.225874999137246 -1.9257498564281368 1.8856757794316998 -28.741324594475998
7.105969845523838 -1.9301069498046992 1.8869779442045767 -28.740083176011908
6.986014385094958 -1.9362506854338317 1.8884742900572986 -28.739826286754628
6.865999000088443 -1.9444854558536984 1.8903129562978491 -28.740838567708387
6.745921547949989 -1.9540015642305526 1.8926529808085506 -28.742350657642277
6.625797411120644 -1.960746505111026 1.8956067869373454 -28.74054819376056
6.505650256553449 -1.970584516925923 1.899774221990064 -28.740919196841702
6.385516083060235 -1.9856907502535266 1.9058240512491327 -28.74533967423995
6.2654339337115585 -2.003261397346246 1.9141583309618968 -28.751037142510015
6.1454518506026075 -2.023942049547055 1.9253565708515206 -28.758458488830136
6.025632535308755 -2.046913593774565 1.9397650158948232 -28.76675691920179
5.906038500532336 -2.0710355119176556 1.9575007797186954 -28.774855681046027
5.786731597167759 -2.1026635212886093 1.9799699932122103 -28.78827385780979
5.667787195484611 -2.1428188664814467 2.00795341643981 -28.807673883515598
5.549274705584513 -2.186715401839431 2.04078980404746 -28.82865571974135
5.431238814726041 -2.2335322996740667 2.078407042461497 -28.85029392772082
5.313706152305255 -2.2819875541553896 2.1204556201711187 -28.87127447311007
5.196693392413515 -2.329897238262684 2.1660327049007293 -28.8895778221394
5.080206263142083 -2.3768603713843652 2.2144211574788475 -28.904614360523176
4.964244696074733 -2.424418481564277 2.2652663014619328 -28.917256659104126
4.848806751157042 -2.455787387057413 2.3111160104408035 -28.914600923239654
4.733793574350094 -2.46153024577457 2.3471691735776297 -28.890583774491247
4.619050230835093 -2.465423906885712 2.381565046639875 -28.86359223923281
4.504552829955157 -2.503692514505154 2.4261072346128127 -28.858470842864726
4.390448089787678 -2.5639554743422392 2.4737073934954714 -28.863710607730162
4.276834882593372 -2.632776419604281 2.5175785369640153 -28.868336977818757
4.163761998995535 -2.6881427465732415 2.5513249018319772 -28.858839977120077
4.051196326037359 -2.735894702050647 2.577403969156825 -28.84038169757428
3.93910762775513 -2.7895695852251547 2.5986863767826343 -28.82176970190705
3.8275119463914122 -2.843487955020999 2.614210440055874 -28.801282840809293
3.7163797984273383 -2.906820129207556 2.6247325817048868 -28.785177340200413
3.6056966076071175 -2.975808535536828 2.6293908727660407 -28.77309146474029
3.4954504690919967 -3.0382444299091063 2.6281163466412343 -28.76014120556927
3.385597176510724 -3.0982217007304262 2.6218415207291486 -28.749545356763527
3.2761051857348282 3.1313407607304975 2.6115463352980295 -28.739879145588873
3.166943778923132 3.0842208410564766 2.5982479017973032 -28.731363666967056
3.0580889190650833 3.0428471880291363 2.5828967550042585 -28.724521274168147
2.9495126218178274 3.0071374540415743 2.5664677816400037 -28.719257937055175
2.841185096343584 2.9657173864883903 2.54866814552852 -28.723483269115782
2.733099858973986 2.9210811010927173 2.530526011606735 -28.7356202549903
2.6252442946353107 2.888938118877031 2.514392935134552 -28.743040206144407
2.517578585875539 2.8662238578469563 2.500451542446393 -28.747095497961347
2.410064783410784 2.8510766859740326 2.4888515894184686 -28.74851449943496
2.302665917779758 2.8405792514913784 2.4796051502024317 -28.749278957748665
2.195348008102871 2.8324778781004865 2.472746341019622 -28.751089904588483
2.0880781928354626 2.8269512259573912 2.4683286369564277 -28.75353094071906
1.9808243266830268 2.8241848406966947 2.466286121066221 -28.756179747047575
1.8735575012791934 2.8248766865275035 2.4663888226765116 -28.758115627893567
1.7662534045293778 2.8300179152397646 2.4682508242416596 -28.758079394210696
1.6588916293717046 2.8386775322362525 2.4715111543681347 -28.756778450104065
1.5514561770652568 2.8489963996289545 2.4759004976356236 -28.75590435262407
1.4439348513894674 2.8606827859034794 2.4809861734855834 -28.755402639050686
1.3363195567983035 2.874569910066128 2.486119657421047 -28.753866481405524
1.22860730420675 2.889716756357957 2.490833126129091 -28.75182564800754
1.120802815709128 2.903246948157869 2.4948690445053705 -28.75202008959357
1.0129091721764798 2.9192071542598867 2.4971493596914334 -28.749213019083427
