7.874882523136286 0.3253038618856055 2.060825584893446 -57.762439429309836
7.803804346719524 0.32306784768892993 2.0586873673313755 -57.76532049114202
7.732740205271566 0.32380303554829226 2.056532472723387 -57.76576912256423
7.6617407976970835 0.3241632132601881 2.054535588136249 -57.76702341162728
7.590836405209339 0.32528475372446536 2.0528722426465738 -57.76768195990414
7.520034593790666 0.3269816113331182 2.0516046082628936 -57.76771048612324
7.449333374626872 0.3262622250670945 2.0507165445204523 -57.76998697164848
7.378718847275085 0.3277117124432937 2.050189176868351 -57.76956495986234
7.308158802169849 0.32928250419326777 2.0500860508831713 -57.76838332881032
7.23763012473321 0.33049293428520193 2.050491015289922 -57.76679169003233
7.167110722070213 0.3281753178279845 2.0515465785854343 -57.76785647099169
7.096581792212637 0.32324214764496306 2.053209445243076 -57.77053750626105
7.026017924963252 0.31499936073763957 2.055483170284467 -57.775418614480586
6.955388537375389 0.30281123897526485 2.0584066570952824 -57.783013627586236
6.884660699893412 0.28781702628350714 2.0619354113567776 -57.792106076661554
6.813801831746992 0.2708736504167709 2.066014091094466 -57.80179153916922
6.742779672512583 0.2519153221744737 2.0706244958965647 -57.81207189876382
6.671561605990536 0.23161189474931895 2.0756985490163564 -57.82227272617032
6.600116825854486 0.21107078433360696 2.0811246699583172 -57.83135395696677
6.528418214456199 0.19146199519861543 2.0867696725647917 -57.83827752517666
6.456441516647779 0.17397225956135767 2.092479024739174 -57.84205730185353
6.384166686718157 0.15588694878734685 2.0983523369447763 -57.84522054408831
6.311575099325914 0.1395547452452762 2.104168179275494 -57.84582927123459
6.23865796638337 0.13056224238806582 2.109490286662868 -57.839276006392375
6.165430987336154 0.117811483543005 2.1150444290733343 -57.83544590993905
6.09189362102443 0.1024286281145272 2.120718461558073 -57.833594151178254
6.0180246318613895 0.08628038183479492 2.1263982942182245 -57.83245775328059
5.943771057188743 0.07695837731829346 2.1315797373107728 -57.825847725277335
5.869112713846518 0.08042074514529533 2.135916092126408 -57.80880221773103
5.794074608109039 0.09112193765695664 2.1398473777225684 -57.786167639671525
5.718676199323974 0.10215634949898279 2.1440067117927617 -57.76400330435348
5.642927962475845 0.1064214452172276 2.1491095954013146 -57.74861603514537
5.5668325650526915 0.10291913926892465 2.1554450243629915 -57.74094789271806
5.490402746754699 0.09194953206624197 2.1631895330683952 -57.74074688326543
5.413658686311962 0.07897340443706687 2.1719508218126347 -57.7430649368207
5.336633295546962 0.061059215579493814 2.1819587939816243 -57.75053701998216
5.259355414173806 0.04087934841337231 2.1927845685866423 -57.760712904738284
5.1818620351775015 0.034444841334814326 2.202396838707626 -57.75880560424384
5.104222702312198 0.02768674095162136 2.2119002053582952 -57.7577113752764
5.026463987060911 0.020949581487110243 2.220834200701584 -57.75703150618893
4.948593520163363 0.014293740321300062 2.228816949970143 -57.75665319716203
4.870613099797183 0.0077329524942848565 2.2356014404470477 -57.75650333011414
4.792523951157592 0.0012094446277372067 2.2410006429719185 -57.75658721366901
4.714326807185259 -0.005122997743680031 2.2448461456375113 -57.75672439942492
4.636021613461156 -0.011148936687532507 2.247025801084148 -57.756784855532004
4.557608242300125 -0.016958111188883938 2.2475060890668175 -57.75684583622739
4.479088250227139 -0.022861552572368153 2.2463261128950958 -57.75719858375375
4.400463595041001 -0.028758081408401852 2.243577386799981 -57.75773893809368
4.3217354813439535 -0.03499343689262881 2.239400290708235 -57.75876854749261
4.242903158706387 -0.04021288009304082 2.2340247466129064 -57.758951313777935
4.16396729551719 -0.04501165210288542 2.2276794585439617 -57.75878540191897
4.084932857553705 -0.04897448044506191 2.2206618775932765 -57.75779563795775
4.0058048064793645 -0.052229976464062654 2.2132702435889953 -57.75603189956673
3.9265842524920496 -0.05595034343700922 2.2057264381746644 -57.75458641349869
3.8472680953622294 -0.060491286501602265 2.198271313159226 -57.75377313932839
3.767846612260121 -0.06532795260892021 2.1911645321416855 -57.753101952909226
3.6883033144820696 -0.07025745869198513 2.1846108995614006 -57.75240043449626
3.6086223052086863 -0.07535963823761792 2.178772619943626 -57.751772915355616
3.52879248837771 -0.08003794016409496 2.1737322169760818 -57.75069995927314
3.448807717771861 -0.08443000224810189 2.1694543511974076 -57.749358346231396
3.36866153392039 -0.08903260202116874 2.1658732038746664 -57.74826539956909
3.2883468960413564 -0.09369370123011268 2.1629096174351155 -57.74732561023703
3.207858835189243 -0.0975677495374116 2.160462188559528 -57.74578644537147
3.127196066344488 -0.10020219546931836 2.158408075524523 -57.74325906734811
3.0463632109998344 -0.10249230732559651 2.156631192982362 -57.74062507638398
2.9653709276521205 -0.10864183883813323 2.155034863212482 -57.74191704004914
2.8842295027112 -0.1137144625103406 2.1534207519343966 -57.74255320158781
2.8029573855930408 -0.11902380310417505 2.1516379321498857 -57.743856710743316
2.721563210487121 -0.12605786912275646 2.1495427386374946 -57.74731392723145
2.6400516115022254 -0.13260190089870544 2.1469896223747287 -57.750853931236
2.558429801263066 -0.13848347687967633 2.1438538336360087 -57.754345285392084
2.4767065205818457 -0.14380745243976617 2.1400437588844827 -57.75790582113282
2.3948926780994912 -0.1478520032317703 2.1355399438000613 -57.76082571331254
2.3130010465916837 -0.1504881070870212 2.130370420861003 -57.76294418673586
2.2310458993899 -0.15119769755845833 2.1246179396001548 -57.76369433498413
2.1490426443347372 -0.14993009676537453 2.1183773274580484 -57.76296287607136
2.0670064727907063 -0.14787986836594122 2.111703017140127 -57.76188390320951
1.984952364863813 -0.14646568422431216 2.104636017112008 -57.76183395064804
1.9028957387177612 -0.1453646683725482 2.097293703314522 -57.762453168591314
1.8208492645251064 -0.1440555945425122 2.089770052111161 -57.76316425715042
1.7388228100997352 -0.1418389917442682 2.0821576736789726 -57.76320076083167
1.6568241516167512 -0.13909829174052835 2.0744774341363743 -57.762892064167055
1.574861223884162 -0.13379617686389267 2.06682282947034 -57.76011432940839
1.4929389988943687 -0.12815297699902264 2.059058127530321 -57.757078620932745
1.4110607406628048 -0.12377008694903836 2.0510530936331297 -57.7553677590074
1.329229466638382 -0.12019860850730792 2.0427320419067945 -57.75449278979611
1.2474463483847096 -0.11704636602017439 2.034017532245698 -57.754039446151346
1.1657110135634108 -0.11405123964202785 2.024835931609201 -57.75373553970672
1.0840226126635937 -0.11120687043526487 2.0150954229585385 -57.75357841683165
1.00238125714369 -0.10843296185875716 2.0046812034462715 -57.753498944771636
