7.8883921198991755 0.049573776227567125 0.5045362756894859 -53.21133724919643
7.811611885883624 0.05186362667940686 0.5077744800432157 -53.21028640890387
7.7347412940817675 0.05560420328920953 0.5119710890548597 -53.207559280605686
7.6578021045067945 0.05827174519675183 0.5169341211095836 -53.205716574283805
7.580810134473716 0.06158638444784031 0.522130938304331 -53.202880082975746
7.503785822842262 0.06183582794928511 0.5274305853787045 -53.202587710474006
7.42674839026811 0.06059698793713408 0.5323299032305447 -53.20285733271445
7.34970571975457 0.05830977083832899 0.5365539086168146 -53.20280473613282
7.272662755953568 0.05494792992509217 0.5399864546369321 -53.20201365308945
7.195621636802707 0.04872041452992905 0.5427108343562695 -53.20181766691389
7.118590487820122 0.038223879430203375 0.5448404412523248 -53.20318687492008
7.0415830234917225 0.024323888896287164 0.5464474486795736 -53.20507828883478
6.964615220546847 0.007123936212184389 0.547691250499634 -53.20728220993944
6.887703471015117 -0.013208876983073957 0.5487672440490681 -53.20959387830625
6.810861382346549 -0.036449931340613334 0.5498928743877252 -53.21181506439488
6.734100750411622 -0.06230852484680834 0.5513111654016806 -53.21376225413814
6.657431645263741 -0.09092168882802418 0.5533088660422947 -53.21567316103099
6.580862986818995 -0.1222406990448873 0.5561894646201243 -53.21771119527894
6.504400944559635 -0.15410167037351574 0.5601641830672918 -53.21852239835817
6.42804667850594 -0.18549111722517717 0.5654400980300158 -53.21780054242609
6.351801934453427 -0.21592194019141595 0.5722028546746163 -53.2157373121922
6.275671536857235 -0.24562936128248167 0.5806546228121225 -53.213004329094815
6.199663420654878 -0.27365685184948796 0.5907964301132098 -53.209337085645195
6.1237846352624405 -0.29994827801072144 0.6025480772764525 -53.205160877561674
6.048041302762765 -0.32297784564099125 0.6154203802382164 -53.19967861165696
5.972442401607289 -0.3448817798204684 0.6292055071625352 -53.19482070903401
5.897005330810996 -0.3691779178642095 0.6438863066809708 -53.193675869632685
5.821735500185292 -0.39261730568015013 0.6584760566559803 -53.193730330857875
5.746617409650347 -0.4156285571224549 0.6724906537805212 -53.195209995109316
5.671627681274541 -0.4374790548925403 0.6853785107411253 -53.19732067720018
5.596745089112553 -0.45696798551784773 0.6966672059479622 -53.198790694380016
5.521951211443616 -0.47397656323495085 0.7061289183808591 -53.19909864288291
5.447230741567194 -0.4894758554091765 0.7137297799592688 -53.19861246642668
5.372579341770026 -0.5035518225659524 0.7194982040478801 -53.19693165630569
5.297999482596501 -0.5162798508795116 0.7236094429189941 -53.193685650462086
5.223500292960434 -0.5279676442038597 0.7263725597768669 -53.18881170792109
5.14909711739459 -0.5412386762148347 0.7282401207241033 -53.18434093547258
5.074811370652922 -0.556164720747692 0.7296724618568052 -53.180288194026886
5.000662211439114 -0.5733940920143353 0.731258662451034 -53.177402116770075
4.92666063501663 -0.5913581533332112 0.7335365978969945 -53.17459857151898
4.852806502392201 -0.6177475193483736 0.7374009378839884 -53.178492007395924
4.7791025939975205 -0.6467634418535865 0.7433329212662533 -53.18464922028941
4.705547683329264 -0.6747924259318827 0.751684439175531 -53.19056592727692
4.6321427995961875 -0.7070539284415753 0.7632980301117475 -53.20106577356866
4.558903765945277 -0.7364159153143771 0.7777024517858662 -53.21043550160113
4.485841124022699 -0.7600776472731532 0.7943025334894896 -53.21636168147717
4.412961055377969 -0.7822042128545003 0.8133511859852028 -53.22237590503423
4.3402682298569335 -0.7982384458416467 0.8337069874221009 -53.22423933674104
4.267756255247464 -0.8074105030704265 0.8546674756321994 -53.22098109804574
4.19541538434564 -0.8147348205641035 0.876638016546797 -53.2168949163056
4.123244285766803 -0.811909756204487 0.8971002057193435 -53.20429865308216
4.051232026185339 -0.8169784446179004 0.9194748718169526 -53.19955722456417
3.9794007903170137 -0.8240943367805604 0.9416747191672474 -53.1972689940554
3.907745871783683 -0.8326139990677492 0.9628975828239238 -53.1967570324977
3.8362531337038672 -0.8422219374617222 0.9825445816994983 -53.1976914735353
3.76490726456863 -0.8506451738553625 0.999849381116169 -53.1978868680457
3.693691402973117 -0.8585620485916998 1.0147864846624697 -53.19783883602472
3.622591480960161 -0.8660771935195847 1.0273489337975326 -53.19752259766908
3.551595392422067 -0.8734438881691432 1.0376227037183787 -53.19704626790089
3.4806942367509097 -0.8809597679959954 1.0457787995446588 -53.19655525438933
3.4098816460896377 -0.8886619645583786 1.0520338515211949 -53.195966005609215
3.339153646865727 -0.8967472657704493 1.0566632036577794 -53.195347539665384
3.26850863830392 -0.9051295773502978 1.0599584963427138 -53.19451075026202
3.197947393227617 -0.9128869090432964 1.0621980933397657 -53.19254738394098
3.1274715746091544 -0.91990023827915 1.0637036060470666 -53.18936570139892
3.0570839650750545 -0.9281089377693007 1.0648394084977224 -53.18679285436523
2.9867906546116796 -0.9380835578798052 1.065927431063362 -53.185455040157166
2.9165972967464526 -0.9485082842090182 1.067248517212736 -53.18433687546985
2.846506875124857 -0.9580870849398953 1.0690918947639854 -53.18242519827084
2.776520187109819 -0.9678325674443379 1.071785260715761 -53.180836476861344
2.706639235516041 -0.9755394468215806 1.0754811292284567 -53.17780469417416
2.636862446922495 -0.9829925846866326 1.080388859883511 -53.17520957216302
2.5671906055872973 -0.9899918684313239 1.0865144614075344 -53.17311929217901
2.497623418076788 -0.9959422117097415 1.0937234392234798 -53.17115246917758
2.428158893592816 -1.0014485043258992 1.1019082238344895 -53.16993370703589
2.3587947368011832 -1.0079601898874504 1.1109930505805254 -53.170847581081105
2.2895288389304405 -1.0122800706854735 1.1204030221509989 -53.17080651783211
2.2203546563871908 -1.015123620807885 1.1298595089909822 -53.17032804665592
2.1512654965282128 -1.0193176745519725 1.1392740488510529 -53.17199011354422
2.0822557880777666 -1.0200861908846923 1.14785390996759 -53.17105488514774
2.013314743020637 -1.018322172837255 1.1554341003431978 -53.168310633858454
1.944432278895965 -1.017089024944323 1.1620074075759907 -53.166695371017084
1.8755993884295734 -1.0175438534446397 1.1673765837735819 -53.16729265362949
1.8068068086633098 -1.0182678414660145 1.1713073974984702 -53.16862537079638
1.7380449518950352 -1.0185317035152834 1.173733760167655 -53.16984573909787
1.6693057451605515 -1.018138239544272 1.1747312174833147 -53.170644108627535
1.600583181438398 -1.0168355939994715 1.1744774617406308 -53.17067198384055
1.531873070273809 -1.0151481936554987 1.1732164093254775 -53.170378790607465
1.463172230497297 -1.013475123319663 1.1711882241445066 -53.17009069920133
1.394478500151001 -1.0118431515017157 1.168624247208174 -53.16978326403725
1.32579112458141 -1.0109987850129225 1.1657071154093839 -53.17018002193378
1.2571106416170632 -1.012041421655897 1.1625822138025308 -53.17237786376199
1.1884394675803662 -1.015794391375978 1.159460059540643 -53.17720471338413
1.119782742876123 -1.0218995674778388 1.1566451275824063 -53.184337123106324
1.0511485648874814 -1.0279577825400255 1.154483368073226 -53.19148628050554
