7.992118439144676 0.0176014943112896 2.311126120051533 -7.1411792860597645
7.9160022444026295 0.015462780748624163 2.3092305312296384 -7.134759118800113
7.8397275490497345 0.012718325937026802 2.308670400718772 -7.12991008084888
7.763311789081243 0.010027838441362059 2.3094720751064046 -7.1260871867741225
7.686766725638763 0.0064648163934914 2.3116751469451473 -7.124233038611895
7.610099179015156 -0.0005205657943818513 2.3154309548077685 -7.126881601555746
7.533312411282379 -0.011013540904052538 2.320776821395038 -7.134297235055374
7.456416130203342 -0.01587664866380711 2.3269629450370215 -7.137731872547176
7.379431554089285 -0.015385949767491183 2.3337654242545383 -7.137494673626734
7.30238774040825 -0.01447738325297121 2.3414215271057848 -7.1386693268009935
7.225318334745544 -0.009939200586099473 2.3493567000154627 -7.138190258121451
7.148259961508985 -0.006054776765202874 2.3577389975373517 -7.140813067859246
7.071244475509811 -0.0003757578725632001 2.3659482623131365 -7.144246982856391
6.994302456979957 0.007089843039858664 2.3736148357113023 -7.148675432344152
6.917466595345764 0.01781477480711711 2.3802205714460456 -7.152438507838567
6.840765488895349 0.031477728470603004 2.3855154804300502 -7.1558193777275365
6.764226118165586 0.04808199586664664 2.3893129421774244 -7.1586988981809645
6.687872237520679 0.0675214869483039 2.391507150469827 -7.160998140915418
6.6117252657432415 0.09014864146682594 2.392043188553794 -7.161865639113355
6.53580210130412 0.11709721083419385 2.3909856941584957 -7.159168837072007
6.460102639592934 0.14564782209373345 2.3886297559667953 -7.155854965152776
6.384630615154305 0.17542985057209626 2.385314980466209 -7.151675506798845
6.30938527711915 0.20512371359845674 2.381456582098174 -7.147828196879506
6.234361001195968 0.23336161647738526 2.3773698791795197 -7.145678175490924
6.159549819342146 0.2611921468296821 2.3733641417367926 -7.143095308389732
6.08494260647095 0.2858296517020888 2.369550544310226 -7.143211398694047
6.010537649123606 0.309478252931182 2.366031751423962 -7.142449079545659
5.936309057948492 0.33165453902114844 2.3629091600984933 -7.141163316899829
5.862230017183728 0.3519477708847258 2.360262601751325 -7.13972875437173
5.788277909879957 0.3698115368062367 2.358114026432069 -7.138762024391657
5.714435586905193 0.3855153458091256 2.3564396583963596 -7.137923830321742
5.640684998348552 0.39915243325673205 2.3551903846939717 -7.1371628142502255
5.567009211566768 0.41056576309203724 2.3543154794679375 -7.136752809669419
5.493391459754166 0.4197668045347381 2.3537502710526716 -7.136791651165623
5.419814593243257 0.42678533539727465 2.353394244397322 -7.137385094323576
5.346262146724746 0.43167384268143655 2.3531208364012843 -7.138632594136983
5.272718455090667 0.43503190050444907 2.3527861012923 -7.140069825498991
5.199170143041844 0.438264072154862 2.352248483196653 -7.140414136502346
5.125606489309683 0.44303584575495214 2.351391573187257 -7.138206415069489
5.052027280904057 0.4522580742780596 2.3501330104225113 -7.130783558827453
4.978443735171468 0.4600305011603623 2.3485288830595623 -7.124653025299684
4.904876223954211 0.4642405884020532 2.3467708082087246 -7.122447232759241
4.831341379121807 0.46847012141931255 2.3450292005330065 -7.120919703459368
4.7578431130158565 0.46924623116535963 2.343438559807699 -7.124182072881457
4.684379468909684 0.46419932877555214 2.3421048836011495 -7.13533992461804
4.610955164822808 0.45943007419748333 2.3411444708840294 -7.148336875668099
4.537578419955972 0.45575367600592404 2.340644019061214 -7.1625798535100555
4.464266451350959 0.45358159252255864 2.3406176484625125 -7.177780767150209
4.391041009731673 0.4546298794659784 2.3409695153683017 -7.191995338194693
4.317925553240003 0.4581193321663622 2.3415548787138087 -7.206030218833565
4.244946548443079 0.46817067111559585 2.3420804758701106 -7.214573150288832
4.172123712960944 0.48443688592761347 2.342312643218812 -7.217495128345964
4.09947529299464 0.5061439715379966 2.342048457916817 -7.215163842059907
4.027018643198378 0.5321379976027466 2.34114213377033 -7.208413176000686
3.954768160199511 0.5621579378967755 2.3394576348561613 -7.196886496978638
3.882727745099058 0.5913013111916948 2.3367643034258467 -7.186393624968046
3.8109164586995616 0.6196044072374992 2.332915293643171 -7.1762054365314905
3.7393477353861777 0.6418664777004658 2.3275767830953815 -7.172318617001733
3.6680421916304855 0.6597219594076603 2.3206805602173413 -7.171771154752207
3.5970022657566685 0.6777664555796554 2.312571227704959 -7.168250380444566
3.5262033485188944 0.693739921484878 2.3032778186293643 -7.164313941711632
3.455626985922626 0.7075301258381808 2.293042270069215 -7.160106291881361
3.3852575949695476 0.7159936355033997 2.281695959968971 -7.159228022793754
3.315088078808693 0.7218195551459378 2.269767293935644 -7.158741881975685
3.245103859085312 0.7245532717421943 2.2574219374560354 -7.159324068323362
3.17529046338514 0.724633514898898 2.2449537787790126 -7.1607143138980005
3.105632369897653 0.7236175605246745 2.2327930851126414 -7.161516178552365
3.0361102110353277 0.7202202405096806 2.2210394850023976 -7.163282632744452
2.966705152114752 0.7140462923313683 2.2099050419824984 -7.166636458216685
2.897397861953204 0.7086651602072997 2.1999445140242244 -7.168258549387882
2.828165010611261 0.7053604054941017 2.1913465244193193 -7.167129939003272
2.7589839433217582 0.7012599247067339 2.1839236826520394 -7.166269389549331
2.689836291184513 0.6965621058920403 2.1777245590987606 -7.16565175043391
2.620705403275142 0.7013903171725726 2.1731603942713695 -7.155629666053386
2.5515762499217995 0.7019671388663176 2.1694797261171206 -7.149793193494009
2.482442084788018 0.698221255601866 2.1667438044362584 -7.148430042881995
2.413295075026748 0.6938436685021078 2.165007639859582 -7.1482095202590274
2.3441283153229326 0.6906691807621478 2.16428453065465 -7.147591161328474
2.274936574421427 0.6858650844486714 2.1645948217180897 -7.149625931699531
2.2057180490530532 0.6820943663063528 2.1659353712054736 -7.151833084855183
2.1364767953979364 0.6804499902112017 2.168233447930575 -7.153142806801041
2.067218606067916 0.6807156079212638 2.171413198762721 -7.153736305243392
1.997950951490188 0.6803569692510641 2.1755283215004075 -7.1561984286651095
1.9286832160368237 0.6833298213051773 2.1803215122097686 -7.156273018204396
1.859423460271477 0.6894835377126481 2.1856648278701565 -7.153965290669913
1.7901802571541832 0.6991225867604227 2.191293616539765 -7.148733722522266
1.7209641407686231 0.7144712715332917 2.196674686267329 -7.1378288274899475
1.6517842347554972 0.7244473917572228 2.2020697254968375 -7.132784204152745
1.582651780511557 0.7311191680807201 2.206773821160448 -7.130895368070913
1.5135730519552726 0.7351331359048198 2.2103259364790606 -7.131076416534252
1.4445520534740321 0.7381000886668092 2.2123504655405384 -7.131267105686232
1.3755887972115837 0.7395414032782419 2.212729361332777 -7.131795204743911
1.306682045890828 0.7394026451624434 2.2114316787034727 -7.13263971967642
1.237830851063524 0.7381047528903393 2.20849565153875 -7.1333372315828285
1.1690337066883023 0.7356988735322708 2.2040132254653013 -7.133858551165725
1.1002883012624087 0.7321980887438905 2.1981181141044086 -7.13425708156224
1.0315912763942694 0.7273331226838347 2.1909565126497377 -7.134896075225959
