7.860990564357818 -0.10218987621391455 1.6601249239615374 -45.89041179656718
7.793607803045718 -0.10187183424949293 1.6564876563492092 -45.888600538271
7.726246097271898 -0.10345862013761724 1.6534647490669425 -45.88865507919655
7.658919573870992 -0.10506508389994028 1.651246177894455 -45.888694219486055
7.591628016427148 -0.10671664845925191 1.6498631300538884 -45.88874956303403
7.52436654192021 -0.10848918148421931 1.6492624524933068 -45.88890184001068
7.45713059226973 -0.11067481374403036 1.649342746851832 -45.88944355665389
7.389917962040208 -0.11343008245155876 1.6499863504984316 -45.89052698873067
7.32272605320843 -0.11619546813038954 1.6510600810811766 -45.89158924860262
7.255550386097791 -0.11870263325104967 1.65244105126841 -45.89236101772238
7.188389518306941 -0.12049940451758544 1.654008082147007 -45.89238586424796
7.121243463081699 -0.12168880110583771 1.6556853436970294 -45.89175714891017
7.0541149142085935 -0.12282078899696448 1.6574425193095972 -45.8910137768527
6.987009419688768 -0.12370054737663502 1.6592641142916504 -45.88995444594664
6.919932903767049 -0.1243033827417663 1.661160037780611 -45.888549414613685
6.852893165983181 -0.12505843337397013 1.663169703813239 -45.887221080398554
6.785899778056524 -0.126340930697369 1.665336430103108 -45.88633873053808
6.7189633027078735 -0.12800715224385614 1.6676891470576478 -45.88575806253072
6.652094259652062 -0.1297057774707968 1.6702428679438754 -45.885132333658476
6.585303196423723 -0.13101321390633397 1.6729989552713758 -45.88404683642267
6.518600379206046 -0.13226274132342025 1.6759684725403412 -45.88283845056484
6.451995726393389 -0.1334397959954542 1.6791293371783653 -45.88150106989938
6.385498795955665 -0.1345311050896428 1.6824439825371869 -45.88003073540499
6.319119062405512 -0.1356317103224143 1.6858679666511454 -45.87853059798325
6.2528661554601035 -0.13697471707245845 1.689353583615785 -45.877239856073174
6.186749796296133 -0.13873424255991457 1.6928448283847786 -45.876339162323
6.120778918957279 -0.1406440921892006 1.6962702834965258 -45.87557525632891
6.054960059813675 -0.14240783495766374 1.6995471503737074 -45.8746675818667
5.989298001305024 -0.1442365682403649 1.702611228442357 -45.87383778510944
5.923797318767171 -0.14620985969676706 1.7053947927378057 -45.87317816546504
5.858461696163233 -0.14836750286679107 1.7078299252928164 -45.87274165006285
5.793293764300308 -0.15068354230061415 1.7098377180387823 -45.87251624865314
5.7282956775224525 -0.1541458698978325 1.7113359103117303 -45.873492167935495
5.6634716768860125 -0.15784071858298526 1.712155270598097 -45.874777587543754
5.59882021581404 -0.1614898756136293 1.712097258669532 -45.87611056043505
5.53433612336425 -0.16483105014471952 1.7110123521323262 -45.87724369534163
5.4700110434046 -0.1678142838852048 1.7088419595061097 -45.87813779289442
5.405837299638717 -0.1700603414520641 1.7056170458443711 -45.87842029826513
5.341807659348551 -0.17074440711778466 1.701448961115455 -45.87726927572297
5.277915198455758 -0.17093403250015632 1.696426963173864 -45.87573946443316
5.214157846831249 -0.17118840640384023 1.6906930907534987 -45.874374837948885
5.150534214981574 -0.1704689754138535 1.6845526578379497 -45.87212474687063
5.087040743073971 -0.1688582862408103 1.678295100375977 -45.86905275660854
5.023677079084379 -0.17016411872035975 1.6719557574179875 -45.86893218932291
4.960448599379496 -0.1738903311460772 1.6658777519631551 -45.871240139951375
4.8973589681297405 -0.17399727617043298 1.6606713382986311 -45.869917833249424
4.834403468711792 -0.17577758929944776 1.6562582395993548 -45.87022732575069
4.7715788362387235 -0.17840656151125675 1.652823376689399 -45.871340944613735
4.708876579008519 -0.18319615565934047 1.6504058856835289 -45.87458376283889
4.646290282078386 -0.19174845344501348 1.649132664416672 -45.88157700634737
4.583817543467434 -0.2018062860976038 1.6492145378358374 -45.8900897396405
4.521457943373091 -0.21096281889886057 1.6507774076271948 -45.89773627619929
4.459211153744905 -0.21694646585906066 1.653791126378839 -45.90226084988831
4.3970763206182815 -0.21884204763992185 1.658092750495208 -45.90275613775433
4.335052356910022 -0.21844913038786323 1.6635273194429625 -45.90102271361492
4.2731404305344345 -0.21837183866598933 1.6699719119849803 -45.899663595321535
4.211345325931921 -0.21654438804688766 1.6769541726141768 -45.89661169767001
4.1496696458865445 -0.212219926373649 1.6840131717570588 -45.891112044873466
4.088115525656707 -0.21323962338416522 1.6913056630237966 -45.890993597233205
4.026693895112524 -0.21624373276793138 1.6981108960540898 -45.8928905081382
3.96540177540006 -0.21880689210394536 1.7038296103877428 -45.89439605494236
3.904231241355846 -0.22086327822620458 1.7081263517933338 -45.89546822054178
3.843174534368939 -0.22244132788993948 1.710854607406536 -45.896155832791294
3.7822265657177945 -0.2238102308729221 1.7119887626784656 -45.89673889581389
3.7213847732112026 -0.22484787949545115 1.7115622928941543 -45.89709676559443
3.6606480253867164 -0.2256192070504085 1.7096631266890967 -45.897289575162056
3.600016637503114 -0.22582028744030958 1.7064600494536122 -45.89699899318223
3.5394908181096363 -0.2252269060429431 1.7021999458446326 -45.895982818449696
3.4790714342391817 -0.22539054822142046 1.6970973376883478 -45.895778977124245
3.4187623946619756 -0.22612824419872252 1.6914587112587247 -45.8961722510272
3.3585659456605783 -0.2271676685209432 1.6855728490249298 -45.89686457763148
3.2984828182239725 -0.227872681886313 1.679756984713432 -45.89719960392363
3.238512569789396 -0.22860792873823213 1.6742851006467752 -45.89753582830903
3.1786560370060926 -0.2311316169264099 1.6693474590910258 -45.899638307295525
3.1189148100454447 -0.2346630749365846 1.6653013967126689 -45.90272755043787
3.0592884984213295 -0.2363640487238558 1.6625192754288267 -45.90395712900226
2.999772854439552 -0.236646730816223 1.661137391459457 -45.903753567718695
2.9403636352163565 -0.23674424784562534 1.6612340524456368 -45.903365638900574
2.881057569187415 -0.23782863072320914 1.66285172264969 -45.9039754883819
2.8218519955849604 -0.2375883899040076 1.665879232768509 -45.90325375443997
2.7627417398220624 -0.23721836722230547 1.6701241635051545 -45.902398003226416
2.703722441844951 -0.2365851874130029 1.6752371126184389 -45.901269580082996
2.644789695890778 -0.2379169324030602 1.6809682010539817 -45.90209858677232
2.5859396364882024 -0.24020842412988472 1.6869708843220905 -45.90385997065222
2.527163796824435 -0.24107109880660943 1.6928142530209742 -45.904163649138766
2.4684510775877655 -0.24131180639414235 1.698244489134212 -45.90383895016995
2.4097919788045603 -0.24125438893857304 1.7029813441137798 -45.90321998367543
2.35117757690753 -0.24212150201792512 1.7068305059559958 -45.90353094197492
2.2925986783051826 -0.24371635377094614 1.7095728729965907 -45.90457522908537
2.2340450904442335 -0.24506819572386404 1.7110920325294339 -45.905397642248914
2.1755074172134354 -0.24567111911254136 1.7113982407857664 -45.9055125119831
2.1169783445460015 -0.24588974353410814 1.710595028992552 -45.90529295230638
2.0584525572475263 -0.24610146820661968 1.7088294484818716 -45.90510993607025
1.9999263909057168 -0.2458932340815221 1.7063138207542548 -45.90453770550215
1.9413980583600723 -0.2462358995583568 1.7032495380564119 -45.904529667060466
1.8828670962795895 -0.24784281841577932 1.699861480266607 -45.90577784874486
1.824334208706274 -0.25216969858704036 1.6963181492392734 -45.90972899207059
1.7658014159633173 -0.25639189532003864 1.6929004447853861 -45.91357254170194
1.7072735640261139 -0.25885621387363955 1.689846950733729 -45.9156775991835
1.6487574031496461 -0.2607119388116457 1.6872925582995033 -45.917222031239696
1.5902604255812351 -0.2632009605302358 1.6853502498908441 -45.919468273315765
1.5317903286859367 -0.26597020460385395 1.6841611338454623 -45.922074190780954
1.4733545355413016 -0.2669032936415421 1.6838050463513827 -45.922932103145044
1.4149594674812809 -0.2673455120805364 1.6842965308354128 -45.92340541303972
1.356610478051043 -0.2673548299842358 1.685585596944261 -45.923560164292645
1.2983118494311365 -0.2671228330216674 1.6875374998867823 -45.92359044354938
1.2400664468197746 -0.2643135277883564 1.689822378755469 -45.92115163235777
1.1818754106331162 -0.2547131784355137 1.6918802090338376 -45.91200985503053
1.1237387046216458 -0.2543017202417349 1.6940460827374293 -45.9121528109292
1.0656558329408026 -0.2548522741091311 1.6956554259470178 -45.91335209650616
1.0076256941039334 -0.25551862087887195 1.696364959923534 -45.91481404216349
