7.908286868485144 1.173325352250494 2.2124463385154516 -46.951356474371906
7.871217554490228 1.1747609133884753 2.2149328547908174 -46.95004762392593
7.834121226307006 1.175686493667342 2.2175487750449143 -46.949185769210175
7.797000196240563 1.1760786688711875 2.220194825534697 -46.94885414848439
7.759856150120584 1.1758530639088272 2.2227690025277655 -46.94921381527703
7.7226904312288225 1.1752776230638124 2.225128903247698 -46.95008919899984
7.685503253950446 1.1756556838730987 2.227098454476361 -46.95028895735246
7.648295043826122 1.1775908318707895 2.228520861318682 -46.94930352900775
7.611066171149141 1.1799579223193775 2.2292989540150114 -46.94833295657547
7.573820331570563 1.1822381201752645 2.229359528580792 -46.947981526553875
7.536563385984086 1.184820117792864 2.2286530913221543 -46.94792253335295
7.499302831994362 1.1878170621601725 2.2271565845114623 -46.94807899857899
7.462047350683791 1.1918578450952169 2.224880209725833 -46.94781571399033
7.424806426535138 1.1971645990136166 2.221856302152072 -46.94687569299686
7.387590521875723 1.2033962778499052 2.218120785854128 -46.94555646788048
7.350410157358648 1.2095895201629434 2.213676356091514 -46.94477558294543
7.313275740404498 1.215781285900619 2.208559174898033 -46.94438341133118
7.276196841042534 1.2222242730370247 2.202818220887487 -46.943980806787835
7.239181527071163 1.2287409621734122 2.196467723179009 -46.943603321046226
7.202237753109294 1.2354979168218665 2.189533951972154 -46.94291588307745
7.1653724145858995 1.242645700822784 2.182051718186266 -46.94160259935089
7.128591675996259 1.2493160408634616 2.1739855692700503 -46.94044432979065
7.091902819645726 1.2552727495826481 2.165390937670974 -46.939610552709205
7.055311622305426 1.2608215410488488 2.156394313237387 -46.93873096013428
7.018821128072446 1.2640387138949025 2.146901247996744 -46.93973596399882
6.982434306123726 1.2660575148921407 2.1371112033127195 -46.9413769210863
6.946148727385528 1.2674174821638031 2.1271667711900903 -46.94302181516856
6.9099586461503915 1.2684214568135654 2.1171828514057336 -46.944313654952886
6.873857111663529 1.269221968641034 2.107244691891021 -46.94508686997644
6.8378376866694 1.2696302561802617 2.0973787258841363 -46.945570837555124
6.801896607441964 1.269481606139957 2.087602241400162 -46.94599299450289
6.766032514041075 1.2688086538487615 2.0779463158933402 -46.946397725643465
6.73024535670231 1.2681163840429521 2.0684866158013144 -46.94637559095114
6.6945351153764845 1.2691598187055357 2.0594155128800784 -46.94430712384038
6.658901041917034 1.2729148950815667 2.050845179785141 -46.93934649115697
6.623341813875071 1.2786017532669984 2.042734088480208 -46.93236762038718
6.587857626559408 1.2839980435680594 2.0349441712805647 -46.925657227717466
6.552452369017092 1.2844037527200358 2.0271594530602184 -46.923921231155674
6.517131836737729 1.2824646679794482 2.0196238230951327 -46.92470715744003
6.481897369024276 1.2812865107079991 2.01246677182818 -46.925085701473265
6.44674507779236 1.280775940130318 2.005508714200507 -46.9252127024865
6.411668141037956 1.2783817877001247 1.9984263732973058 -46.927675295781015
6.376661414199113 1.275542663768594 1.9912277866486927 -46.93113796667572
6.341718221918694 1.2737109462435245 1.9839862171227265 -46.934213090860574
6.306833360482059 1.2729344658962858 1.9767463486486772 -46.93687655563165
6.272004692180843 1.2731131725575677 1.969590730590604 -46.93922572160935
6.2372315492627814 1.2722758342169749 1.962469743458846 -46.94322144211441
6.202515301030317 1.2766950992319228 1.955907784132407 -46.94235526482851
6.167853943493496 1.28167986690989 1.9496208476594548 -46.94130272702086
6.1332490572605005 1.2905499601039507 1.9437913183830724 -46.93646093253761
6.098702071934053 1.3106762228944693 1.9388060386059187 -46.920016039767994
6.0642122683742326 1.3183985650979566 1.933068201945479 -46.91626726731615
6.029797898053061 1.3214739320653404 1.9269764525082793 -46.91697747717489
5.995463032569973 1.3237164195192355 1.920684009805363 -46.91804726536509
5.9612056247548 1.325653068020615 1.9141269728837937 -46.91881903183553
5.927023142548068 1.3269572575929633 1.9071939564971396 -46.91957682232224
5.8929152670808085 1.3276457278813372 1.8998150283884863 -46.92030823451268
5.858883660859827 1.328001920307598 1.8919541081725888 -46.920765738476874
5.824931266671097 1.3284522938072798 1.8836007113166766 -46.92058781525456
5.7910624222526135 1.3289191625873709 1.874725803300127 -46.91994058842141
5.757283421571702 1.3291148793063596 1.8653139807607966 -46.91921460604713
5.723601642723122 1.3279095340432503 1.8553015132940534 -46.91963700900836
5.690025350961542 1.3257936651689912 1.8448156382063698 -46.9208447183523
5.656559077711452 1.322956740900303 1.8339675356164589 -46.922757083336414
5.623204884127638 1.3207094028306718 1.8229408909315765 -46.92416204547848
5.589960972256744 1.319686727743981 1.8118424057719715 -46.92449415938694
5.556825131533551 1.3184758462841908 1.8005959757493333 -46.92519093905143
5.52379795127894 1.3153579173031615 1.78907586655508 -46.92798351904029
5.490880763796294 1.3112369733746498 1.7774894577124707 -46.93199902444972
5.458073279327683 1.3103800628278421 1.7664480695697995 -46.93300157069022
5.425370804338104 1.3113391543698552 1.7559278948669383 -46.93239527831548
5.392768353305434 1.3124991964719892 1.7458768223099284 -46.931745104471034
5.360262653560796 1.3140479618705228 1.7363891712181045 -46.9308154835811
5.327850929808507 1.31669075690511 1.7275488421449692 -46.92884925718248
5.295530377793402 1.3177253681550938 1.7191230103146846 -46.92849610206583
5.263299152324147 1.3172411644476338 1.7112008082333376 -46.929643873521954
5.231150460583478 1.3171110660722063 1.7039750260193327 -46.93040603231417
5.199073625911993 1.3169958804640032 1.6974423833345935 -46.93110800894529
5.167059378220308 1.3169601947915353 1.6916428870417157 -46.93168238165019
5.135098712064255 1.31691289130085 1.6865855980851012 -46.93222523982742
5.103182781851524 1.3165636435781711 1.682219890434833 -46.93303252003471
5.07130353961737 1.316767152621455 1.6784929991435518 -46.93325658815017
5.039454032965841 1.3172827130714895 1.6752592789928953 -46.933137949406486
5.007630466908869 1.3179564016560361 1.6723664392760602 -46.93283096154324
4.975831388889369 1.3222811959658984 1.6697643481479736 -46.928858734294344
4.944056312886726 1.329372385410577 1.6673054050635623 -46.922110187131814
4.91230695184603 1.3295888539645937 1.6646342410399657 -46.92219469918464
4.880588852513737 1.3281510784895434 1.661791842485839 -46.92392865876684
4.848905261303163 1.324491658161546 1.6585925330455336 -46.927875290960394
4.817258017107827 1.321844407778394 1.6549176095289173 -46.930801963139395
4.785648750355235 1.3191346583948325 1.6505915443273673 -46.933769706779344
4.7540807130188405 1.3168980684972997 1.6455837016790107 -46.93624030322493
4.722557221566076 1.3110646258423655 1.6396685951370156 -46.9422497714204
4.691085623330458 1.303558422725602 1.6329995086512001 -46.949878164513486
4.659672996323411 1.2954080921867828 1.6257822295322466 -46.95809536893467
4.62832490110871 1.2897734898812276 1.6184031983963496 -46.96374794568551
4.597045104575963 1.2894038016838545 1.6112348772118208 -46.96409224756218
4.565835035382736 1.290143816419155 1.6041391085207979 -46.96323907265788
4.534697894838639 1.2917387349200746 1.5971960154537292 -46.96142752183112
4.50363543058867 1.307744597642975 1.5913823793999142 -46.94524264523745
4.472640586856236 1.317714294374112 1.5852482892778443 -46.934934037373125
4.441721797557388 1.3180366083996544 1.5785466823524095 -46.934067149477514
4.410886105536134 1.3161057770549105 1.5717741385774522 -46.935347379951224
4.380131436745065 1.3144489215274142 1.56507990126476 -46.93630799685124
4.349453120070607 1.31283581070613 1.5584111745181184 -46.93720574841471
4.31884666752555 1.3111635585280061 1.5517291800064679 -46.93816849528771
4.288308319298125 1.3097335123125082 1.54503220811441 -46.938921855851156
4.257835270031237 1.3088197251633773 1.5383325446220357 -46.939216280413284
4.227425715014707 1.30799989127622 1.5316095256715243 -46.939488306229705
4.197079123787919 1.3073473347877826 1.52489098257387 -46.939683929187105
4.166795291459378 1.3091669382812874 1.5183735385648165 -46.93753634665871
4.136572874551032 1.3132475411797684 1.5120966992235245 -46.933261454913676
4.106410712921783 1.3186131299560935 1.5060522550226974 -46.92782879232257
4.076307998490916 1.3222505879688835 1.5001032733141426 -46.92422776160349
4.046265250370954 1.321129478910308 1.4941021030227561 -46.92546249180871
4.0162835567537485 1.3194719692546424 1.4882920301541025 -46.9273080367196
3.986361471486303 1.3174249046212794 1.4826061955227379 -46.92957814466846
3.9564976174112036 1.3147519253098185 1.4769379824160558 -46.93246410533943
3.9266907437635052 1.3118958022779057 1.4712466655460101 -46.93548016424598
3.8969393894744635 1.308404508613896 1.4654847441627366 -46.93903030216557
3.8672434839973366 1.3044719965305385 1.459685114089766 -46.942882142274954
3.837602946914959 1.3010975583773479 1.4539563014094443 -46.946013001299896
3.808017279275618 1.2993097652552703 1.448419402849255 -46.94738585562521
3.7784855711135603 1.2983328681766269 1.4430977825440872 -46.94776365849161
3.7490073214894153 1.2971806850780987 1.4379965802124215 -46.94812883943642
3.719582485778517 1.2963677343978128 1.4331626673230549 -46.9479979253341
3.690210745677976 1.3022337434680813 1.4288577453484776 -46.94118202653407
3.6608895650676776 1.3080612215431822 1.4247325034677918 -46.93433965159827
3.6316194110088507 1.3063057617899805 1.4204650221059558 -46.9349366303126
3.602401933340787 1.3040636858770103 1.4163838032900633 -46.93606555601062
3.57323321000951 1.3018446095208724 1.4125022769788347 -46.937275860674596
3.5441092070167404 1.299883353809851 1.4088024634009204 -46.93837568703917
3.5150261155494884 1.2983404972816952 1.4052561408617061 -46.93923169952616
3.4859806130582522 1.2972248431970794 1.401831424125121 -46.93984489208137
3.4569701131083086 1.2964100216146628 1.3985018040226538 -46.940338969666705
3.427992726416675 1.2957173253482068 1.3952539764622547 -46.94088340940136
3.399047012975385 1.2960563037423856 1.392125998426666 -46.94056278004789
3.3701314665193234 1.298344114539893 1.3891670566594387 -46.93844721767652
3.341244473317784 1.3026622901645124 1.386402127850115 -46.93443458586251
3.3123846543473814 1.3066867417696906 1.3837845884745945 -46.93082018593459
3.2835509951802586 1.3064295537415551 1.3812254885933282 -46.9315602918951
3.2547426961545174 1.3055970534268668 1.378796153090828 -46.932916182594724
3.225958590912586 1.3044337795372567 1.3764499619080734 -46.93460369061142
3.1971977511258625 1.3024120730932165 1.3740921058396414 -46.93711096467861
3.1684599553769983 1.29986336732491 1.3716360473071498 -46.94006598495598
3.1397458347237737 1.2979753000310137 1.3690425519466738 -46.942246594097305
3.111056569040752 1.2966072548274081 1.3663032158638193 -46.94376369479067
3.0823940220018793 1.2953118581465681 1.3634384066228975 -46.94504367710187
3.053760197187816 1.2940677156505918 1.3604789074073065 -46.946096881019386
3.0251569958819933 1.292676738684285 1.3574434905649901 -46.94711733909422
2.9965862420666807 1.2910709594449123 1.3543472938432004 -46.94817842309093
2.968049549912799 1.2893177790288486 1.3512005001440446 -46.94922715338914
2.9395483017255666 1.2880449768529894 1.348027590918489 -46.94966595386883
2.91108362250257 1.288867055982876 1.34488747597075 -46.94793716200155
2.882656333224885 1.2934124742455317 1.3418616209456926 -46.94248427363353
2.8542667439508 1.2943985937077336 1.3387434268842093 -46.94052548324134
2.8259160996938797 1.2921981542497831 1.3355565890739696 -46.94174278727542
2.7976044149586228 1.2897591296874724 1.3324316216095164 -46.94327677994248
2.7693296380283297 1.2876013913382975 1.329434449816309 -46.94464753553633
2.741089018411108 1.2857760730721723 1.3266112656747393 -46.94583361561724
2.712879593652355 1.2842437751333862 1.3239945053881652 -46.94689498485854
2.6846983310948915 1.2829935956508842 1.3216093989357474 -46.947856321238106
2.656542089142139 1.2820950715716193 1.319477675766632 -46.94865462853767
2.628407614312211 1.2816224040001407 1.3176181435923404 -46.949214009178135
2.6002915956074752 1.2822592801181651 1.3160640856409247 -46.94884380831605
2.5721906939555472 1.2841399131116047 1.314839517070726 -46.947393780050675
2.5441016179509695 1.2870110370363108 1.3139501501047812 -46.9450952616973
2.51602110480558 1.290222061469543 1.3133872488577274 -46.94257206392455
2.487945953713393 1.2918054404877806 1.313113931953244 -46.94176445307417
2.4598730056576756 1.2921470396658101 1.313096845330726 -46.94225104173041
2.431799570542156 1.2924523487243127 1.313284856538821 -46.942786790470656
2.403723831178615 1.292423212919017 1.3136045207753844 -46.94363833229879
2.375644777276329 1.2920102976317067 1.3139650869908706 -46.944825942364034
2.3475622410531263 1.2907408361765977 1.3142709358321605 -46.94679133814105
2.3194768145043154 1.2892396131186474 1.3144342672470957 -46.94887246707741
2.29139025191068 1.2875496941742488 1.3143937523442877 -46.95099773738811
2.2633053015331104 1.2858253090217964 1.3141168368194471 -46.953000274210815
2.235225091707101 1.284193269319837 1.3135959000871487 -46.95474909163159
2.207152859675415 1.282731803259407 1.3128383013489582 -46.956169804548225
2.179091769049347 1.281558700030933 1.3118610375118807 -46.95715631296718
2.151044793983486 1.280456399308317 1.3106797748291517 -46.95794181973349
2.12301462320065 1.279317461441498 1.3093046255943472 -46.958653959454374
2.095003675824379 1.27830387218889 1.3077456542669816 -46.959154723129906
2.067014146161669 1.2774975856647552 1.3060082856902808 -46.959386119039195
2.039048086483939 1.2783626707899889 1.3041414655148316 -46.95792308384471
2.011107371106659 1.2798008555105977 1.3021646076200235 -46.95588180817467
1.983193384163676 1.2819566879271989 1.3001327029607752 -46.95315068533735
1.955306817496315 1.2837746740808558 1.2980857137953679 -46.95080701127203
1.927447559258992 1.2842309812169734 1.2960767038006455 -46.949898000924726
1.8996145229646597 1.2840697680520545 1.2942071766168322 -46.94971659119945
1.871805624824663 1.283691607937148 1.292575040410133 -46.94988637620336
1.844017888791951 1.283650741999338 1.2912868195232534 -46.94986960998936
1.8162475228880646 1.2836889465457815 1.290424347293242 -46.94993500950543
1.7884898905843332 1.2841311019826247 1.2900576661480514 -46.94976237560329
1.7607397972121936 1.2849864402396758 1.29021455091983 -46.94933177855587
1.7329919113961596 1.286281869910147 1.2908870676930546 -46.94859645070367
1.7052411405664898 1.2879070411853264 1.2920524336834058 -46.947643842640566
1.677482724556873 1.2896972156322137 1.2936804326421665 -46.94661532990457
1.6497122740160466 1.2916324935959256 1.2957309798753536 -46.94550683514661
1.621925915216107 1.2936018208932973 1.298160118998013 -46.94440827767135
1.5941202786737974 1.295412277127045 1.3009090708360282 -46.94349478270933
1.566292559797729 1.2965343011379629 1.303908716744982 -46.94328505914584
1.538440424043168 1.297313035315211 1.3070547921957199 -46.943416710848744
1.5105627178469816 1.2981166022596933 1.3102389085764325 -46.94350136148081
1.4826595203403277 1.2988156695431246 1.3133789191618772 -46.943651232344706
1.454731692795854 1.298430206423836 1.3164202812381471 -46.944835038086644
1.4267802532622402 1.29705820594356 1.3192842015933819 -46.94693144040273
1.3988070848223229 1.2950301442339822 1.3219036327692917 -46.94958449714985
1.3708149269208219 1.292647658229886 1.3242282315123355 -46.95247360637357
1.3428072209209283 1.2901417406517868 1.326223197521366 -46.95535479198278
1.3147879094833843 1.2877272860968318 1.3278704300517996 -46.958006838739124
1.2867612613653314 1.2855041048630134 1.3291701101120086 -46.96033049948518
1.2587316071221117 1.2836040715278776 1.3301395687711945 -46.96220108552391
1.2307031649844347 1.2822445555393571 1.3308135142508632 -46.96341468362745
1.2026799632394245 1.2812241975427536 1.331239716630998 -46.96418809751131
1.1746655284373306 1.2803981903480146 1.3314732655457582 -46.96468106851752
1.1466628158575196 1.2803732596856048 1.3315837737455707 -46.96430292117559
1.1186744379642273 1.2825352142866024 1.3316632759035498 -46.96169155152115
1.0907029025551207 1.2853103721835895 1.3317939516150588 -46.95844773447917
1.0627492515488668 1.2875812899679087 1.3320709247254197 -46.955721148357554
1.034812974048802 1.288957093231655 1.3326046800407485 -46.95393438943932
1.0068922082928853 1.2888996340671273 1.333510662659634 -46.95363738763726
