7.913406250219323 0.8408646305102865 2.5011651239548613 -2.9747279167906022
7.8723831040611865 0.858312849484908 2.49867927024919 -2.9662936007140273
7.831408691394738 0.8735930021675277 2.4958548986289246 -2.960100822085736
7.790496798371858 0.8808997954489777 2.492603093442528 -2.96213350569207
7.749655534935922 0.8874664797491569 2.489477958609737 -2.9640931984513066
7.708874053222181 0.893290024480512 2.486698891084211 -2.9656128265473614
7.668139012857891 0.8996017037978038 2.4845306637495863 -2.9651404697957036
7.627433579490811 0.9050278020578245 2.483144357241815 -2.9639607215929424
7.586743036159848 0.9086728561183832 2.482712126335971 -2.962869359762915
7.546051482049914 0.9100696279478802 2.4834011146988657 -2.9622597220366433
7.505343038989554 0.9082710275066511 2.485362382343545 -2.9630314165439833
7.464601749745936 0.9035167881147363 2.488735518497726 -2.9649575812542124
7.4238133492013025 0.8963785239812715 2.4936275585410335 -2.96756706605953
7.382963112254705 0.8877234431557414 2.500095091797745 -2.970156576357894
7.342035847235198 0.8769944720067658 2.508259375456671 -2.9733484841321838
7.301016055391216 0.8642941800167143 2.5182104722529743 -2.9771433320322727
7.259886465912432 0.8502169188791229 2.529950873108827 -2.9810510913085806
7.218628362201843 0.8349439657556393 2.5434562899621853 -2.9849330071185447
7.177223034166534 0.8189563252553698 2.5585906655262116 -2.988376796954038
7.135654115777971 0.802599302903676 2.5751456244516193 -2.9911170029118184
7.093908413700165 0.7850013337077201 2.593008332312384 -2.993991702689221
7.051973759595613 0.7695867299592709 2.611397029212405 -2.9942417546087867
7.009840723476907 0.7544147942135923 2.6303122579836637 -2.9936738454043006
6.967495600612469 0.7396454412117723 2.64940177512554 -2.9922510170260326
6.924923404360921 0.723402010867246 2.668593317187111 -2.9916539020085997
6.882105224826174 0.7050459676315596 2.687665817370011 -2.9926193675257684
6.839037734781098 0.6804919935035308 2.707021737973251 -2.9987023907515424
6.795721623557745 0.6539963699428704 2.7258254035119065 -3.006434783373673
6.752177608823462 0.632113618561956 2.743077208356047 -3.010449230305282
6.708438858746309 0.613385718431459 2.7589696955106966 -3.0120137894354486
6.66452834103631 0.5958043873346153 2.7737693710678326 -3.0128297286760906
6.6204607431792715 0.5786366184571923 2.787563801326456 -3.0134560699085804
6.576247098122087 0.5616065618291541 2.8003954192004747 -3.014058532331924
6.531897245971559 0.5445508124067262 2.8123182606260984 -3.01470903004223
6.487420712455272 0.5280481727332531 2.8233466578383686 -3.0148519839664942
6.442827127090177 0.5125806016645721 2.833536056983957 -3.014000243201293
6.39812656728665 0.49797001208650277 2.843009552358135 -3.0121859173758794
6.353329201305265 0.482740149755427 2.851978581113823 -3.0104621118850967
6.308443614118066 0.46590155230901176 2.8606099358306962 -3.00936399362691
6.263473359604207 0.44647900133092033 2.8690361092302425 -3.0092133167340673
6.218417047622995 0.4251542832030484 2.8772451113603488 -3.0089004114274163
6.173269167696321 0.40122710272049456 2.885304544446861 -3.0085210066854327
6.128023800088408 0.3737093190095821 2.8932459909911925 -3.0084091939586397
6.082674267470975 0.3421720524175474 2.9010400553442253 -3.0084419664278927
6.037212521137559 0.3065246294208512 2.9086134643255814 -3.0082650362964083
5.991630350071677 0.2665271310206331 2.9158817715503975 -3.0076879764739166
5.945920679175085 0.22156641927137796 2.9227619142814576 -3.006834456201086
5.900077561082745 0.1711316746570119 2.9291498917606247 -3.0058194326174696
5.854095635159143 0.11477799941526001 2.9349277794385915 -3.0048232094771237
5.807969765163629 0.052376133470814566 2.939964346740305 -3.003980656813087
5.76169496820276 -0.014969471442024476 2.944120493286356 -3.0028840622456014
5.7152670907907295 -0.08698681817466979 2.9473093400801855 -3.0018122045231475
5.6686827436909075 -0.1639248934620897 2.9494540298686265 -3.0014593715064803
5.621937315113045 -0.24408053348237851 2.9504686778694085 -3.0015748239262416
5.575023433537774 -0.3243614425596479 2.950295829628856 -3.001327765619318
5.527934000883707 -0.40289841612687716 2.9489775508493192 -3.0005630643303
5.480665449978446 -0.479003164246925 2.94661643444709 -2.9996054708631728
5.433217411653719 -0.5512313144797053 2.9433730559913807 -2.998086992878891
5.385592468294039 -0.6192639501361318 2.939402023446718 -2.9960827545495157
5.337795639453847 -0.6831975438050748 2.934834546719785 -2.9938062894306396
5.289833731120385 -0.743896983340264 2.929753174019037 -2.9918984735201017
5.241714277885272 -0.8006892239595326 2.924283931077262 -2.990035686484359
5.193445371137676 -0.853730949760706 2.9185102708225634 -2.9883715962716106
5.14503647682792 -0.9035382242901082 2.912484910751478 -2.9872432674992595
5.096496406599356 -0.9500239344772163 2.9062726043911806 -2.9865834892032814
5.0478328310722835 -0.9930702702766188 2.899918371785596 -2.9862526005742414
4.99905211000685 -1.0325577048313028 2.8934503571975982 -2.986059134687375
4.950159086451032 -1.0687398148307337 2.886874036720294 -2.986080726484908
4.901157628878955 -1.1016321005441814 2.8802156805912316 -2.9862141406341802
4.852051214950987 -1.1313712116431338 2.873501447969414 -2.9864197614220958
4.802843357859355 -1.1581646369828122 2.8667566008069896 -2.986681260953305
4.753537532391509 -1.1821546471165956 2.8600055454585385 -2.9868954765475677
4.7041370437634935 -1.20338888561325 2.8532667629248594 -2.98684842288597
4.65464508396539 -1.2225155983279326 2.846499389683514 -2.986849027409744
4.605064309380913 -1.2399812042967104 2.8396478236055818 -2.987084313454691
4.555396017636649 -1.2558922741110115 2.832657236152839 -2.9875028270577237
4.505639841154887 -1.2703401388165332 2.8254743612347997 -2.9880542212151786
4.455794332518243 -1.28357184800754 2.81804070211334 -2.9888254943895554
4.405857239909212 -1.295340098123992 2.8103524540854297 -2.9894440741420936
4.355825814712971 -1.3055804206318058 2.8024205654355425 -2.9897090588610444
4.305697929088957 -1.314473501649244 2.794259859442995 -2.9896619959525026
4.255472418262867 -1.322172136328696 2.785899834890295 -2.9893254890517467
4.20514879061522 -1.3288370884596346 2.7773799497965226 -2.988724138009652
4.154727024199716 -1.3346904321187307 2.7687459256174387 -2.9879350701908
4.104207382196041 -1.339949881269967 2.7600527928893435 -2.9870418136091024
4.053590344873499 -1.344932208774418 2.751342713188248 -2.986238417410277
4.002876672322397 -1.3496997448659906 2.74267242218869 -2.9854798109661878
3.9520668932902843 -1.354409458456198 2.7340745892424656 -2.9848384404954063
3.901161468638719 -1.3590861919157675 2.725579913308302 -2.9842749766127596
3.850160718290498 -1.3637274614380406 2.7172075896593344 -2.9837433749173528
3.7990648899826036 -1.3682130449217431 2.7089767775677003 -2.98310288800597
3.7478745195084286 -1.3725622378898994 2.7008901426436935 -2.982365961134895
3.696590697438391 -1.3767871488733199 2.692951483363084 -2.981553691850815
3.6452150073112195 -1.3807523091519887 2.6851824680441054 -2.9805572930296518
3.5937496583306707 -1.3843091809262955 2.6776164579254584 -2.9792681707584006
3.5421977356100465 -1.388019210785002 2.6702504990566776 -2.978273526629666
3.4905631480186634 -1.3924435673341742 2.663098388285226 -2.9781480178448843
3.438850382899833 -1.3975349216128856 2.6562242121172774 -2.978854013324306
3.3870637242080837 -1.4030811003063302 2.6496900202866964 -2.9801898072516733
3.335206911638701 -1.4088576759600397 2.643553632882143 -2.9819565533644727
3.283283439242747 -1.4146594622452486 2.6378687064483124 -2.983984783258051
3.2312969356875305 -1.4203173352180403 2.6326854203489427 -2.9861446909628175
3.1792515278598983 -1.4257591146642596 2.628046818440277 -2.988400353431759
3.127152126458048 -1.43083596464123 2.6239943739927765 -2.9906298564832374
3.0750044203074856 -1.4352994242343668 2.6205626457129174 -2.9926012823685832
3.02281472613306 -1.4391011649232681 2.6177637388548782 -2.9942689315586843
2.970589760372708 -1.4422483500723258 2.6155909363496495 -2.995617695255494
2.9183364468730497 -1.444746213119706 2.6140175522679012 -2.99661786791901
2.8660616682141757 -1.4466584433418064 2.6129950357475082 -2.9972994566012123
2.813771989448407 -1.44796005282472 2.612458081616841 -2.997613050209049
2.7614734703636903 -1.4487212115242794 2.612328452410739 -2.9976184810680264
2.7091717739383436 -1.4492584017853138 2.612517944807389 -2.997610498935029
2.6568717725176283 -1.448607736263842 2.612929298498802 -2.9965445372051356
2.604576391685272 -1.4456585803243411 2.6134522315546773 -2.9932357119236355
2.5522868979272726 -1.4415246492316613 2.6139575384413987 -2.988809206682027
2.5000026818887218 -1.4384033179975866 2.6142988373067517 -2.9855552228583084
2.4477218578667803 -1.4377489201271938 2.6143242629952077 -2.984959442409572
2.3954411702425635 -1.437151074685818 2.6139386251125125 -2.9844360052007657
2.3431555672350926 -1.436392412531916 2.613100522877088 -2.983688818454519
2.2908594559412605 -1.4355070817647153 2.611802134280498 -2.982697590594797
2.2385475976018108 -1.4347019792104216 2.610058442373004 -2.9816248217552115
2.1862154863065757 -1.4340096368152175 2.6079083570621657 -2.9804558130713805
2.133859099156485 -1.4334835641132329 2.60540743992199 -2.9792200666382174
2.0814751258354356 -1.4332647855489324 2.6026184410406215 -2.978061706125122
2.0290612025636814 -1.4335327321909377 2.5996049181348666 -2.9771878075626184
1.9766157301557803 -1.4344150240895819 2.5964410226789574 -2.9767703882669254
1.9241377164057698 -1.4354059957105303 2.5932434828513147 -2.976346940369713
1.8716269700296073 -1.436845364989627 2.590123839651392 -2.976295027657062
1.819085353195363 -1.4392056679982177 2.587228225125309 -2.9771059460543094
1.7665152156024504 -1.4419216292707935 2.584767776101563 -2.9781742584573534
1.713919421586639 -1.4438483444532584 2.5829508696369095 -2.9783457348484585
1.6613016124906879 -1.4449489088546177 2.5819130481342536 -2.9775898417333897
1.608668327153224 -1.4458448994849802 2.5817500984948993 -2.9764688910090435
1.556028425320791 -1.4470190822044073 2.582530658447037 -2.9753646782626384
1.5033921030611987 -1.4484290737268157 2.584283149337749 -2.974109670250591
1.4507700264220655 -1.450683742842024 2.5870050740406865 -2.9732019918517674
1.398172896811828 -1.4537605910052007 2.5906549156359238 -2.9725009352730947
1.3456107016446457 -1.4577374433236296 2.595160523443843 -2.9719843760079647
1.2930924521144889 -1.4627727623231066 2.600420763503025 -2.9717379388566236
1.2406261018424145 -1.4688515895863241 2.606292456628585 -2.971721944434867
1.188218097900785 -1.4760073862146832 2.6126339539276127 -2.971992938515781
1.135873415615635 -1.48088737251033 2.6191117494818767 -2.9693079660414634
1.0835931142425732 -1.4872736431988482 2.6258516059168047 -2.9675658982856157
1.0313812094333847 -1.4943642998011537 2.632761715395836 -2.966085815732214
