7.903758398146732 -1.978602487769269 1.8869772014956903 -62.66710144360391
7.87652786539062 -1.9763888175938629 1.8858986726878029 -62.66619985450814
7.849277299157462 -1.9736790031112694 1.8844716962464778 -62.66488179533574
7.822004044015521 -1.9708078544170604 1.8827801807547069 -62.66344660997441
7.794707297025026 -1.9687167222731279 1.8809098705818132 -62.662809085133325
7.767387589118907 -1.967151669946416 1.8789909832348406 -62.662682267944454
7.740045507551109 -1.9662441202260226 1.8771616642159765 -62.66315777953241
7.712682417002474 -1.9656571914338372 1.8755748792328777 -62.66385007399576
7.6853002330193325 -1.9642748869428384 1.8743991015558341 -62.66359091702176
7.657901702457853 -1.962348852388338 1.8737613843288285 -62.66258891078608
7.630490639791207 -1.9604736382345755 1.8737461652176612 -62.661402074286336
7.6030728223651485 -1.9589396174839018 1.8743997004764625 -62.66028725249317
7.575655160407494 -1.9578070037565771 1.8757419159502768 -62.659277720305816
7.548245346747452 -1.9572223917303926 1.8777704945086782 -62.6585005803402
7.520851597684085 -1.9572014274529606 1.8804625259380197 -62.6579625465955
7.493482257998643 -1.9578488450324307 1.8837840463790794 -62.65776649489499
7.466145668845188 -1.9592416244185464 1.8876920225451816 -62.65799613691629
7.438849872350197 -1.960856956128904 1.8921176027557123 -62.65815812783314
7.411602268971451 -1.9625392019319607 1.8970069715030353 -62.65812802529129
7.384409701032536 -1.9647504717452968 1.9023460504716352 -62.65839178232317
7.357277553526949 -1.9663011806465474 1.9080657513033006 -62.657838636301655
7.330209372814961 -1.9663997094093058 1.9141203327847003 -62.655753971749625
7.30320953006605 -1.9658818486808554 1.9205330591526273 -62.65300514753283
7.27628301034243 -1.9658695675587867 1.9273196249948827 -62.65072881532038
7.249434002250363 -1.967201329418012 1.9344683807009315 -62.6497894404391
7.222665245280761 -1.9702882938179613 1.9419329575220716 -62.650651985049095
7.195976929562559 -1.9740679977913629 1.9495637104226708 -62.65237225726315
7.169365827114622 -1.9773412298053425 1.9572013367971062 -62.65386958919939
7.142826387968115 -1.9799993280720685 1.964780411296158 -62.655111686664455
7.116353581792362 -1.9820472494567407 1.9722557715840943 -62.656157551327794
7.089943380588582 -1.9834434293246166 1.9795860487128656 -62.65699790375766
7.063592523595772 -1.9842161172658093 1.9867365809388673 -62.65766938566287
7.037298440279834 -1.9830898584571384 1.9935833709059891 -62.656891742542825
7.011058302486752 -1.9790053724409473 2.0000268735898192 -62.6535668389183
6.984869496978007 -1.9717677931857085 2.0060209583313693 -62.647435590332215
6.958730032909618 -1.9639550710292244 2.0116766688763352 -62.64101428740026
6.932639622534413 -1.9557893218557527 2.016954300940325 -62.63445359065311
6.906596947419393 -1.9512198026046244 2.0220176481389034 -62.63165664686405
6.880601591483878 -1.9503968755591525 2.026827329854402 -62.63266712732981
6.85465244013242 -1.949794745231164 2.0312941995090408 -62.63378719226827
6.828747126135482 -1.9501997336330723 2.035605828466121 -62.635687400537904
6.802883441754924 -1.9513646264631257 2.0399059053593023 -62.63801049258894
6.777057848328593 -1.9542762262541107 2.0443274281325765 -62.64162355668919
6.751268489621489 -1.958705907629733 2.0488972212597028 -62.64617612807268
6.7255139070248005 -1.9638384480119708 2.0535714226342465 -62.650750616343856
6.699794155428757 -1.9699244262970057 2.0583177496737544 -62.65550488614636
6.674110852123782 -1.974962984580659 2.062993160296874 -62.658433969730844
6.648466005268893 -1.9784884528550164 2.0675191190708118 -62.65910190493913
6.6228623788386445 -1.981476379711074 2.0719006481029294 -62.658516438369745
6.597304110805684 -1.9844677590700224 2.076155007887863 -62.65730673544077
6.57179596379717 -1.9812599707498324 2.080093117307616 -62.64976503911566
6.546339827354204 -1.9755003671279332 2.083998119533922 -62.63956127193861
6.52094194105599 -1.9764959380613047 2.088409254726273 -62.63567879657216
6.495614290422336 -1.9826344493859793 2.0934097319398446 -62.63677004204038
6.470363656278832 -1.9888800920771659 2.0988695342024823 -62.63825271571197
6.445190320422296 -1.9943883255726453 2.1048164049774045 -62.6394876749148
6.420093354758697 -1.9991558621817538 2.1112864421185784 -62.64059286607299
6.395071654449795 -2.0031095042082083 2.1182683132243163 -62.64156645746249
6.370123887185019 -2.0061926244247705 2.125723784010425 -62.642381253051624
6.345248989329224 -2.0084313478235614 2.1336015789283342 -62.64306036744201
6.320446601559844 -2.0097733692769575 2.141823045622558 -62.64352900129882
6.295716758680599 -2.0089726449686176 2.1501863812671953 -62.64250589212083
6.271059481583988 -2.005784376906638 2.1585460136905756 -62.63966473350679
6.24647553311151 -2.0001852354676064 2.166769071513164 -62.634884618400804
6.2219649695987505 -1.9941086689280674 2.1748926631305663 -62.629996260191554
6.197528795948906 -1.9900051975643556 2.1829990756383384 -62.62734348089849
6.173169297280382 -1.989841722324178 2.1911384311768893 -62.628767215979956
6.148888354241183 -1.9899029463207207 2.1989478780421026 -62.630353245060945
6.124683691633169 -1.9902247840689749 2.2064738927786 -62.63197229027613
6.100552465831777 -1.9912756266874487 2.2138158012606812 -62.63394798415571
6.076491609954876 -1.992943459653431 2.2210048924536085 -62.63602849486055
6.05249785000319 -1.9955700620265524 2.228061202703951 -62.638413464973844
6.028569284274377 -1.9989492723042754 2.234922841683664 -62.64078078640468
6.004703960772274 -2.002329360057365 2.241477739584764 -62.64232266209925
5.980899828497817 -2.005518780046142 2.2476567312601 -62.642839401418506
5.957155132969035 -2.009571416519225 2.2534782983253314 -62.643386224537785
5.93346917720365 -2.0143237433057766 2.258922395431169 -62.64389545418374
5.909841510702344 -2.0189782557487765 2.2639933540959443 -62.643751671521905
5.886271871956026 -2.017209499856988 2.2685142809963197 -62.63718889549664
5.86275827041986 -2.0155578926384115 2.2728951146991916 -62.63059125749704
5.83930259206502 -2.021191402614069 2.2774728012816614 -62.63091703950156
5.815908197341848 -2.0277178890720933 2.2819987741521537 -62.632347576838946
5.792571969958087 -2.0336366413810074 2.2864555664262083 -62.63363396437591
5.769289768789768 -2.0387903885207384 2.2908938534391323 -62.63476659447653
5.746057761578096 -2.0430325039145627 2.2953612583641023 -62.63569339172856
5.722872913343949 -2.0462591150303244 2.299890968952161 -62.636346482253444
5.699733046396109 -2.0486575222588623 2.304507163752763 -62.63689018989507
5.676637087136857 -2.050016963956063 2.3091959333431222 -62.63706903824544
5.65358450070885 -2.0488388299761118 2.3138702105914972 -62.63533095966739
5.630574670436439 -2.044564984182263 2.3184745701069303 -62.63100727430434
5.607607505716133 -2.041041101632316 2.3231442233866386 -62.62778529537165
5.584684989568438 -2.041866583571265 2.3279944592272326 -62.62912257759334
5.5618091862023205 -2.0432173291965525 2.332825586517208 -62.63105574313502
5.538979455739137 -2.04532156783875 2.3376829662146386 -62.63364690114864
5.51619545200282 -2.0483634797661345 2.342673673075178 -62.63694363468116
5.493457191245472 -2.05141792974976 2.3478277375494203 -62.639862200340865
5.470765510325832 -2.053671650291665 2.3531188348231296 -62.64143058808741
5.448121641353664 -2.0564532763836474 2.3585493382687885 -62.64282143776993
5.425527883103328 -2.059701980335862 2.364013371024483 -62.64387254127449
5.402986076607838 -2.0636240252402893 2.3694331710244203 -62.644718425808954
5.380498292227276 -2.0683765699553893 2.3747595151196617 -62.64548871680376
5.358066939047842 -2.0738930582854715 2.379961471836302 -62.64614740919239
5.335694135452768 -2.080491857253102 2.385056049394916 -62.64707926725612
5.313382186743738 -2.0874156110492663 2.390041710907749 -62.64770677149558
5.291132467924846 -2.0914710407414105 2.394831915587107 -62.645233284522774
5.26894513922427 -2.0923135030946156 2.3994834496721014 -62.63955797478523
5.2468220185930585 -2.0978319211682788 2.404405490800637 -62.638202695782816
5.224768036796327 -2.1057408283605104 2.409527279262389 -62.6392589115809
5.202784270832433 -2.114031448977974 2.4147400755453354 -62.64104407123175
5.180868545252882 -2.1218038085519892 2.419987771889854 -62.642897879815905
5.159016886847701 -2.1287061755010286 2.4252535459857985 -62.64465698772879
5.137224770694139 -2.134559904259078 2.430527113039381 -62.64627028978885
5.11548778050703 -2.1391605690990243 2.4357868643231044 -62.64760666034704
5.093801916993499 -2.1425436331760133 2.4410114544661092 -62.648715405019395
5.072163755404558 -2.144884834970632 2.446176299356357 -62.649738196404755
5.0505703136742985 -2.1447546374169235 2.4511711850940485 -62.649196566786884
5.029018297027502 -2.1414893513072832 2.45591689962243 -62.64631013448965
5.007504422621622 -2.1358549855949436 2.4603986530528723 -62.64169572812775
4.986026080028405 -2.1295678385257744 2.4646469924525647 -62.636926117339314
4.9645811717541575 -2.124115184992011 2.4686810602047538 -62.633341450308826
4.943167841721045 -2.123069449030883 2.4725922253192656 -62.634352701556914
4.921784893777247 -2.1226947464020456 2.4762367943795183 -62.63593687895564
4.9004306513221785 -2.123440020146182 2.4796960408878315 -62.63830666811246
4.879104017351736 -2.1255461783376104 2.483066110230292 -62.64148651622353
4.8578043016994314 -2.128438656423884 2.4864085782564636 -62.64468722600482
4.836531400182248 -2.1319117370622 2.4897436081813953 -62.647509236451256
4.815286598741284 -2.13589130522942 2.4930404032649154 -62.64972965345592
4.794071459425441 -2.140522360628467 2.4962670224927104 -62.65138258970277
4.772888033076834 -2.145653032476406 2.4993838862181805 -62.65226502278531
4.751738904892044 -2.1514808673206693 2.50236823738329 -62.65256805295124
4.730627208678549 -2.1583059845844637 2.5052143301307144 -62.65263971206564
4.709556377332919 -2.1664739144254654 2.5079417280002834 -62.652938627973235
4.688529801469722 -2.175241363841127 2.5105813325465265 -62.65299015610431
4.667550155249066 -2.182620183820312 2.513165715049246 -62.65123417938768
4.646619790422033 -2.1887806782223804 2.515820904301269 -62.648096157300536
4.625741980852351 -2.1965180991922395 2.5187439632184585 -62.64634218995046
4.604921193282743 -2.2059463390441154 2.521995524991092 -62.64626895901598
4.58416043469557 -2.216305462456537 2.5255676233121673 -62.64736202075772
4.563460645529206 -2.2263463062338102 2.529436177578254 -62.6486899719113
4.5428208756612465 -2.235741456987757 2.5335921103421133 -62.650140451833785
4.52223919305566 -2.243941615433095 2.538001682379383 -62.651366890319494
4.5017129956762725 -2.2509107434581033 2.5426349140490703 -62.65244014053776
4.481239758273269 -2.2567361879489773 2.5474526850760433 -62.6534998999243
4.460817050932278 -2.261346273617011 2.5523956438753364 -62.6544992775302
4.440442307000072 -2.2644277835596993 2.5573846188620037 -62.6551277937418
4.420112553511275 -2.264918250906727 2.562296719888539 -62.654289633637816
4.399824266204975 -2.2622679015005587 2.567029839622337 -62.65132870465521
4.379573791392344 -2.257140497989549 2.571529893333294 -62.64675230946267
4.35935783373162 -2.251773783357991 2.5758133022048715 -62.64263933449966
4.3391733179797916 -2.246480662890883 2.579814283546403 -62.63913652646002
4.319016500006581 -2.2446710977756976 2.5835891014170254 -62.639456507190836
4.29888430261327 -2.2435300141974435 2.586988811919657 -62.64045205494425
4.278774099768611 -2.2433260019511216 2.5900396839497835 -62.642077448428886
4.258684024960102 -2.2441797576821982 2.5927961243905364 -62.64417236657042
4.238612738363974 -2.246431492217474 2.595332464039309 -62.646819239259536
4.218559590691816 -2.2497885055240867 2.5977034578202622 -62.649506061840576
4.198524983694155 -2.25374580814732 2.599921455090221 -62.65156942328294
4.178510583541225 -2.2584306813786887 2.6019816143039485 -62.653028734971265
4.158518838895798 -2.263725539944936 2.60386918406923 -62.65373464399269
4.138552586120967 -2.2702130826995175 2.6055865245299055 -62.65426859400296
4.118614788940564 -2.277853439227352 2.60714443648075 -62.654692049629546
4.098708407374081 -2.2864785085773733 2.608575077752287 -62.65501410516997
4.078836252160037 -2.2960956271452493 2.609931043754608 -62.655444210316006
4.059001054703868 -2.3056065846007754 2.6112786679340005 -62.65521833020599
4.039205214356973 -2.314575756998177 2.612743478292521 -62.65416397528384
4.0194517090577015 -2.323307082295374 2.614449265429221 -62.65274435399143
3.9997439811991127 -2.3320621750043244 2.616451588364916 -62.65134184569727
3.9800850220599022 -2.3417964135933587 2.618769990469708 -62.65093845401918
3.960477128867502 -2.352139598379162 2.6213790081040518 -62.65132915512533
3.940921330324898 -2.3626797215510797 2.624243532929416 -62.652301683771825
3.9214173463352426 -2.3729796542328074 2.6273287394300473 -62.653643579978386
3.9019636663874397 -2.3823405102556925 2.630588454092688 -62.65489418130851
3.882557757788173 -2.390586226022948 2.6339969097062474 -62.656050328000674
3.8631967104891474 -2.3975980970730353 2.6375268746300917 -62.657118333549455
3.8438774319259172 -2.4033095882770454 2.641145597943058 -62.658114663752606
3.8245965363495005 -2.4073286755274026 2.644799495269359 -62.65869526585816
3.8053502972975903 -2.4088533357026676 2.648411506596812 -62.6580553010347
3.786134762988493 -2.4078971568656296 2.651911850520409 -62.656124027539114
3.7669460505150343 -2.4048519276110074 2.6552431427948573 -62.65315836381312
3.7477802080574825 -2.399741714377519 2.6583433477069116 -62.64900988623214
3.728633176609544 -2.3942348153108792 2.6612095754373453 -62.64514169471058
3.7095012200909983 -2.391248985406875 2.663861613117905 -62.644269627018616
3.690380945588916 -2.389605544630216 2.6662168269867466 -62.644917076254984
3.671269639718994 -2.3886272086332654 2.668249211430084 -62.64608160588898
3.65216551148983 -2.3885413395444757 2.669999874277348 -62.64769515845616
3.633067588240493 -2.390051386560677 2.6715316305690506 -62.65019542423925
3.613975613249602 -2.392450665944499 2.6728926323319557 -62.65260277162095
3.5948906339345186 -2.395627224657365 2.6741270422907384 -62.654598771370694
3.5758151083087584 -2.399410683104268 2.675228014194124 -62.655899958455485
3.5567521893646696 -2.404179005952253 2.676174226131094 -62.65683592737929
3.5377050117661732 -2.410137445266004 2.6769569393043926 -62.65763133055489
3.5186766347333682 -2.417162133451891 2.677585122144069 -62.658263099214444
3.499669982348457 -2.425306593968162 2.6780870492545867 -62.658920207054685
3.4806878639459735 -2.4343710142970836 2.6785139746753526 -62.65959033647292
3.4617329216231276 -2.443907866465816 2.6789436195275727 -62.66004155202116
3.4428077749212767 -2.453927347880684 2.679489050501573 -62.66043668937635
3.4239155063311637 -2.463916866459909 2.6802550197840853 -62.66044778990425
3.405059355964547 -2.4738682305757185 2.6813143636677816 -62.66018789901165
3.386242676218985 -2.4818378289915777 2.6826676047808755 -62.65800490850393
3.367468165062433 -2.4895753962802742 2.684307750067187 -62.655567588627065
3.3487381312124187 -2.4972552123200313 2.6861985920906317 -62.65314505958071
3.330053908245005 -2.5064134891336325 2.6883206307045393 -62.652268343349576
3.311416151999574 -2.5168344845105675 2.690633361596976 -62.65294858307791
3.2928241834220717 -2.527484025001223 2.6930756033461454 -62.654467823332425
3.274275812665644 -2.536701204505989 2.695590603805473 -62.655520460861105
3.255767640629197 -2.5445964134349897 2.6981559766922887 -62.65636896125578
3.237295930106754 -2.5509560151058004 2.700728203988777 -62.65696065266042
3.218856342762022 -2.5558667959929786 2.7032589385788257 -62.657484701416095
3.200443989795603 -2.559180918805587 2.705693433286569 -62.65785892342566
3.1820534010959145 -2.5606630905964476 2.7079761194380794 -62.657851377775046
3.163678820654295 -2.559054238278455 2.7100397611569162 -62.6561146750345
3.145314807499073 -2.554831364925181 2.711861255753937 -62.65291499786482
3.1269565502044196 -2.5489336630133814 2.7134295953157044 -62.64894618917331
3.108599922104354 -2.544347201462676 2.714764079409465 -62.64700085148516
3.0902409074587 -2.541579315210292 2.715838016152885 -62.64736120462125
3.0718759005707437 -2.5387928387638303 2.716629157313266 -62.64784449455304
3.0535028367860413 -2.536712995525722 2.717177053691493 -62.64887708555935
3.0351207972025964 -2.5362496151684093 2.717563442309646 -62.651086937446806
3.0167297054376685 -2.53713887043861 2.7178664587588015 -62.65386803256397
2.9983311876971124 -2.539111478728178 2.7181442376105442 -62.656625607797416
2.979928896554301 -2.542256286171367 2.7184219011591226 -62.65925084928803
2.96152719590741 -2.546625408707879 2.7187090867524115 -62.66167600356451
2.9431308466737227 -2.552293264164139 2.719008789069514 -62.663925486720366
2.924744824249228 -2.5593808868310957 2.7193191213366736 -62.666130117363934
2.9063740822864257 -2.567419482793844 2.7196377701826777 -62.6679193895994
2.888023354673336 -2.5758406409984738 2.7199673421948654 -62.6688884824181
2.8696969962044694 -2.5849448891717217 2.7203226195653007 -62.669477084473215
2.8513989399131288 -2.5951331117567134 2.7207354327699265 -62.67023288223046
2.833132648687831 -2.6054612151861924 2.721252263993612 -62.67048278627313
2.8149010749331262 -2.6141353931255966 2.7219254687077665 -62.66878416103707
2.796706863947804 -2.6199118610973757 2.7227866981973876 -62.66419800209812
2.7785521238094995 -2.6264444725554865 2.723870917038519 -62.66018296098006
2.7604386914780963 -2.633982294660255 2.725164947451464 -62.65717350170077
2.74236728949907 -2.644013331737975 2.7266579624750724 -62.65676367405628
2.724337558485258 -2.6549421196443923 2.7282994626653396 -62.657812172199584
2.706347528613726 -2.664799730122509 2.730053096230817 -62.65881548195294
2.6883939585868166 -2.6730282335176367 2.731887853407186 -62.65949195706759
2.670472710460057 -2.6795659630405106 2.7337679062008675 -62.659978395384414
2.652578845570564 -2.684418153682893 2.7356548528124027 -62.660430196719965
2.6347066820956724 -2.6873317808335697 2.7375054257838185 -62.66070533873792
2.6168499508857272 -2.6881951539313214 2.739279816787597 -62.66070711923683
2.599002199379996 -2.686746553020719 2.7409316367760135 -62.66007525799309
2.5811572706344585 -2.6820121298795936 2.7424056091928195 -62.657597481207986
2.56331003607214 -2.6758839836364703 2.743683995012635 -62.654903942669385
2.5454557085252882 -2.6696183507565605 2.7447369197351685 -62.65300329901263
2.527589895650816 -2.664275140765539 2.7455324933599954 -62.65272918325537
2.509708529040959 -2.659024999451762 2.7460394000131543 -62.652899723960616
2.491808940752203 -2.6541500506115554 2.7462687774386794 -62.65345909625116
2.4738896090041567 -2.650496158126361 2.7462760388240963 -62.654923370514155
2.4559501173014704 -2.6480554055758274 2.7461279998388917 -62.656909861706765
2.4379916246640008 -2.646809931187946 2.745876085534785 -62.65902017491208
2.420017204288101 -2.64703480904704 2.7455633760382154 -62.661284406129035
2.402030946424815 -2.6487108415470875 2.745219892735306 -62.66354225247353
2.384037579129321 -2.651717938997724 2.744867898403442 -62.66560384896771
2.3660422378461843 -2.6562029080873173 2.7445227087397726 -62.667614161305295
2.3480501324799223 -2.6620414574413265 2.7441996705001945 -62.66951573145097
2.330066375841773 -2.6688402010262355 2.743915049471362 -62.67104504682255
2.312095866851412 -2.67645930740394 2.743685087653393 -62.67222203327764
2.2941430839953982 -2.6848425612065685 2.74353353723363 -62.67317013859333
2.2762119429022767 -2.6936553920242003 2.7434963667073395 -62.673761308276354
2.2583058888607335 -2.702408681320585 2.743613965036107 -62.67371927426646
2.2404279770967617 -2.708389988131706 2.743918065891039 -62.67073357350286
2.2225809333096938 -2.713416348020449 2.744421154455319 -62.66664898069025
2.204766668827749 -2.7174564134156958 2.7451234243960787 -62.66164744326614
2.1869861157758734 -2.724246899691293 2.7460349288823664 -62.65938469867035
2.169239074295087 -2.732369030866797 2.747126876337954 -62.65887681068861
2.151524056091572 -2.740759659091534 2.74836822974759 -62.659443994115314
2.1338384046648113 -2.747830517435669 2.749708870179368 -62.65986468617826
2.1161784764305938 -2.7533943773344673 2.7511015906363347 -62.66016629341293
2.0985396723213277 -2.7573337181770654 2.7524979546285664 -62.66040572885405
2.080916544993341 -2.7593297837882425 2.7538478446579426 -62.660388396353945
2.0633030667345627 -2.7592624439411835 2.755111598811843 -62.659988117912675
2.045693139614386 -2.7572466748141635 2.7562509366878283 -62.659200842261804
2.0280809512714546 -2.753204758633943 2.757218171304356 -62.65772718490475
2.0104613932766187 -2.748116488501072 2.757979272517156 -62.65633447696815
1.992829622953321 -2.7424608552424146 2.758499060041765 -62.65528405456562
1.9751812817192285 -2.7362391762943026 2.758750521476088 -62.65434623500291
1.9575127782733062 -2.72989194250024 2.7587272718794993 -62.65374292464591
1.939821132438993 -2.7238516166045 2.758449219206325 -62.653673753045794
1.922104140888067 -2.7183457599229546 2.7579710025760815 -62.65407857010921
1.9043608335024895 -2.713363790513007 2.757377625104701 -62.654625469875924
1.8865918490877174 -2.709758170188669 2.7567143820490045 -62.65590322313416
1.8687986755033712 -2.7077219075167145 2.7560075234034183 -62.65784108723648
1.8509838730134467 -2.707413748159626 2.75528412004924 -62.66043069253043
1.833150716329002 -2.708281401390772 2.754589857398463 -62.66298567271362
1.8153034857719064 -2.710290527433858 2.753968603291378 -62.66539576019668
1.7974469963071231 -2.7134011977085386 2.753444761183691 -62.667594633220716
1.7795863189129602 -2.7175753963808837 2.7530297910785535 -62.66956996010355
1.7617265155959647 -2.7227030014874134 2.7527292921102804 -62.67128816706962
1.7438724453835426 -2.7285851780099932 2.7525463272576274 -62.67266922504494
1.7260286238441764 -2.7348992593233463 2.752485010728738 -62.67354666736998
1.7081991338382543 -2.7417563637740607 2.752556427929719 -62.67418474574762
1.6903874546941227 -2.7485966618528 2.75276990805227 -62.6742205668829
1.672596603723675 -2.7525905547915923 2.7531250146692607 -62.67116529135918
1.6548295772652235 -2.755632256599366 2.753622332675798 -62.666979266077
1.6370880153925365 -2.7580794739273284 2.7542604962312254 -62.66223232138704
1.6193724701278918 -2.7624007376751707 2.755056705987745 -62.65953108017989
1.6016817562798387 -2.7676850208399864 2.755992765818299 -62.65834416512836
1.5840136312460888 -2.7731498834352384 2.7570156621382504 -62.65819823794715
1.5663648167386004 -2.777670720523676 2.758059178858849 -62.65824321597717
1.5487312385729273 -2.780761577654619 2.759066388022634 -62.65819005772085
1.5311080729064488 -2.7820867563438347 2.759986722223677 -62.657802403021336
1.5134901004921253 -2.7817133312441187 2.7607806278919695 -62.65712461248369
1.4958719745549076 -2.7797302540756865 2.761414696578227 -62.656158178898046
1.4782484806170941 -2.7764136135984443 2.7618579774063665 -62.65505396413607
1.460614583728742 -2.7719789692531833 2.762081843498251 -62.653871806796545
1.4429656173140841 -2.7665447395671987 2.7620671983388614 -62.65255216386041
1.42529747118265 -2.7604334637032664 2.761806223982365 -62.651250714916166
1.4076064558942707 -2.7538474698167565 2.7613097330549183 -62.650000615852925
1.3898894379896292 -2.747359971450202 2.760611075345524 -62.64921857461843
1.3721436590051768 -2.7411638908961526 2.7597704907553227 -62.64889164048286
1.3543673916636705 -2.7352061171877278 2.758862902200988 -62.64871917314104
1.3365602751290806 -2.7295442179588125 2.7579507059903894 -62.648545565147856
1.3187230022476542 -2.725286506216275 2.7570610016983546 -62.64936466726312
1.3008561534764687 -2.7224886701749953 2.7562101786155373 -62.651045760100956
1.2829612370903969 -2.721048867338765 2.755406723140991 -62.65328807773737
1.2650407439565452 -2.720913075293883 2.754658575817205 -62.655885976686704
1.2470979197014775 -2.721981935475294 2.7539774325780466 -62.65862766098939
1.2291366234932797 -2.7241474576262577 2.7533756133043785 -62.66133304529265
1.2111611520820287 -2.7272711172171835 2.7528646009229325 -62.663834984586636
1.193176067504465 -2.7311807488533626 2.752453895179068 -62.665977856242066
1.1751860149602413 -2.7356883019896503 2.752150080484928 -62.66763483634255
1.1571955243189354 -2.7405588412145416 2.751956266004177 -62.6686743628133
1.1392088549027921 -2.7458322638944472 2.7518705329486335 -62.669268797181005
1.1212297472457085 -2.751500812588183 2.75188714202159 -62.669562333132156
1.1032613078373055 -2.7572637076161017 2.7519977932030684 -62.66942369809775
1.085306095395756 -2.760568911180785 2.752187239079044 -62.66655376222982
1.0673673558125405 -2.7639482688606583 2.752471621404937 -62.66358311988238
1.0494458204240589 -2.7677255474151696 2.752860403927014 -62.66109872874816
1.0315409255114387 -2.77170119409561 2.7533500427331545 -62.65920177066655
1.013651001973896 -2.7757620468234894 2.753891979039625 -62.65801280674635
0.9957732178132664 -2.7797033258549257 2.754425921533808 -62.657529651793425
