8.004953203072668 -0.6207079575026536 2.133270499013653 -63.70875771602497
7.982950882027902 -0.6172306211339708 2.1395216598968547 -63.70733337931067
7.960987595229506 -0.6081745708562194 2.1456335673229674 -63.70039560487765
7.939068866945923 -0.6048578937794462 2.152108484361285 -63.69941698254841
7.917200281468804 -0.6022111685514417 2.1581690646159637 -63.69917089179412
7.895377825408292 -0.5998678866103901 2.163439166008222 -63.69920791792761
7.873594611841162 -0.598492090249259 2.167667583003829 -63.70012452603833
7.851842358890113 -0.5977463451283113 2.1706242956131265 -63.70147640250317
7.830111195388194 -0.596162192116886 2.1721668369240397 -63.70168232191657
7.80839196939091 -0.5942258405282246 2.172290747408808 -63.701127357197585
7.786676159387512 -0.5922740598508449 2.1710104048715317 -63.70003915369207
7.764954360664608 -0.5909461244075557 2.16836178060445 -63.69895223165512
7.7432157888707085 -0.5905611605519269 2.1644030580402287 -63.69809294943238
7.721448240299536 -0.5911852663686223 2.159235582340374 -63.697478942115445
7.699639799403844 -0.5931527785332771 2.152987881543517 -63.697437257062425
7.6777788848554405 -0.5961143185438972 2.145864683643586 -63.69762991725378
7.6558536230471494 -0.5998413713345696 2.138117455873332 -63.69783875726136
7.633852341478893 -0.6042720590318286 2.1300228894817006 -63.698006392692065
7.611763508917509 -0.6092102571958573 2.121852296548701 -63.69796584816896
7.58957481845614 -0.6146090029872705 2.113840505746589 -63.69772635578794
7.56727392593917 -0.6218422214262528 2.1061136547730324 -63.69866060034348
7.5448494636576475 -0.6308550287385108 2.0988803560012403 -63.700810152305394
7.522294261727116 -0.6380830610525656 2.0924816663482444 -63.70097477436385
7.4996077194808235 -0.6445852046465829 2.0869191812492174 -63.700264036931635
7.476790277886109 -0.6509327056657104 2.0821775295103486 -63.69932742041231
7.453843780819237 -0.6578792537111418 2.078187489050494 -63.69896585851325
7.430771125163505 -0.6639793705576416 2.0749048919823787 -63.69792280543004
7.4075774633444516 -0.6693921249692574 2.0721884476899146 -63.69643693686989
7.384271016610357 -0.6759797479914728 2.069853747139104 -63.696340693321915
7.360860855121194 -0.6835692873733128 2.0677846271638782 -63.69756624670176
7.33735511788784 -0.6908235493529367 2.0658772820008555 -63.698921114790956
7.313759280838435 -0.6975458090939609 2.064023211322396 -63.700265445424165
7.290077701615125 -0.7037995874349483 2.0621401595783078 -63.701684268179996
7.266315151348029 -0.7095498782983429 2.0601758222437976 -63.70314507752614
7.242476996423245 -0.714443702052491 2.058104940318844 -63.704287493397686
7.218569141530184 -0.7184801052024495 2.055914636938446 -63.70506380359563
7.1945976134942615 -0.7217180988679798 2.0535871286561176 -63.7054644609736
7.170568093243852 -0.7238255738657317 2.0510994251428483 -63.70508279630676
7.146485401413482 -0.7268834161304675 2.0483369119237094 -63.705843774734994
7.122351830308494 -0.7303613656041669 2.045188444657247 -63.70713227177365
7.098165074776381 -0.7335502654030605 2.041607079697064 -63.70815555499656
7.073920827228266 -0.7362082236341729 2.0375477960233748 -63.70859099492242
7.049613601228993 -0.7388329399291654 2.032978806404188 -63.70887441089624
7.025237334031012 -0.7415623022691121 2.027891260302788 -63.709103084782036
7.0007852470717395 -0.7443517148054777 2.0222951135169063 -63.70920786683057
6.976250262064934 -0.747087512853171 2.016215990127903 -63.70906300854306
6.95162543819528 -0.7498015237865183 2.0096814111623957 -63.708694163400985
6.926904207524966 -0.7525883407272554 2.0027227328196804 -63.708199152030694
6.902080431534648 -0.7552894606220857 1.9953968387001968 -63.70744239073887
6.8771486811916525 -0.7578900161958408 1.9877621321336894 -63.70643425683065
6.852104462937058 -0.7601387866449884 1.9799029047336454 -63.704966152058844
6.826944600167972 -0.7623044696460022 1.9718721987927272 -63.703333283661685
6.801666884968004 -0.7659767873758296 1.9636271040654738 -63.70310013408177
6.776267691002077 -0.7695115211049351 1.9553836974892342 -63.70275331528999
6.750745503297339 -0.7726778513097363 1.9472371564254602 -63.7021444896558
6.725100480605272 -0.7761477498434715 1.9391927059152652 -63.70197046226146
6.699334544962591 -0.7801585810822949 1.9312872044327924 -63.702491489669455
6.6734505564890485 -0.7848277158655759 1.9235777884109657 -63.70383644426329
6.647452254535792 -0.7900969742157122 1.9161290463895702 -63.70595858996463
6.621343790010497 -0.7955385616496096 1.9090116397456038 -63.708450098284466
6.595129563398636 -0.8008830453163819 1.9022589049263101 -63.71105022551754
6.56881418851604 -0.805937355189781 1.895878042124586 -63.713567296002324
6.542402388940266 -0.8104816987793998 1.8898590018920463 -63.715779437850195
6.515898904413233 -0.8143869474051136 1.8841691129115417 -63.71754941953626
6.489308253292902 -0.8175772569407033 1.878759547341417 -63.718790168606596
6.462634498966322 -0.8203257327394734 1.8735574648427984 -63.71975520831264
6.435880722833575 -0.8226287623851983 1.8685035417019225 -63.720428073411306
6.409049248314939 -0.8243840953280138 1.8635460660690184 -63.72069477375797
6.382141939802113 -0.825882403858878 1.8586195283242009 -63.72082497788014
6.355160116921481 -0.8272158481964907 1.8536642935766068 -63.72089453950823
6.328104705578105 -0.8286340987983726 1.8486087008685188 -63.72113344215732
6.300976214483197 -0.8303168553739139 1.8433917478762898 -63.721702935097554
6.273774161634388 -0.8319012191551286 1.8379895485237139 -63.722232731161284
6.246497206682257 -0.8332600701520708 1.8323956891002244 -63.722583995562296
6.2191439127823145 -0.8343603086447292 1.8266195892015944 -63.72271354369633
6.19171312264578 -0.8351789300244928 1.820682026581504 -63.72259216617987
6.164204126503924 -0.8357567125680838 1.8146063517970221 -63.72225681895469
6.136616651131688 -0.8361465586451043 1.8084195569402877 -63.72175850077061
6.108950756228882 -0.8365540070552923 1.8021413184162267 -63.72129986228887
6.081206618958462 -0.836915366032099 1.7958076453721084 -63.7208189163992
6.0533843125591025 -0.8375196799540491 1.7894310774731677 -63.720601681446276
6.025483694402997 -0.8383093990305875 1.7830419901748689 -63.720592123066545
5.9975047084975595 -0.8392343626646828 1.7766659244397134 -63.720740968377385
5.969447283589846 -0.8402221054488264 1.7703258894480103 -63.72097711197404
5.941311328270834 -0.8412305846566963 1.7640392367280249 -63.72125950423937
5.913096783961131 -0.8422306318796139 1.7578194880124955 -63.72155973273113
5.884803649288011 -0.8431652926123715 1.7516790282718653 -63.72182177771909
5.856432034129443 -0.8440159728680126 1.7456259349360692 -63.722027162857
5.827982191532649 -0.8447817007102486 1.739664792224632 -63.722174423794364
5.799454491972173 -0.8454590479267388 1.733797235893493 -63.72225967600699
5.770849377864611 -0.8460537906873914 1.7280218136853103 -63.72228866427053
5.742167358241125 -0.8465732224523325 1.7223355261479747 -63.72226955687775
5.713409038331391 -0.8469915821823553 1.7167370996557572 -63.722179002925934
5.684575209032717 -0.8474240174558479 1.7112185595192428 -63.72213401496487
5.655666820867754 -0.8478716360223334 1.705778240681594 -63.72213858779119
5.6266848732390935 -0.8483264293048882 1.7004145680831397 -63.72218667597054
5.597630385602908 -0.8487842083595273 1.6951253482972453 -63.72227518016287
5.568504390665648 -0.8492466048784095 1.6899075875115273 -63.72240612374371
5.5393079132666285 -0.8496997668510912 1.684758619916815 -63.722565704582394
5.5100419519342285 -0.850135507505495 1.6796750994596163 -63.72274530122415
5.480707479362136 -0.8505485494344484 1.6746534119152188 -63.72293886910187
5.451305441491777 -0.8509352881975611 1.6696898792487935 -63.723141811935484
5.421836757271463 -0.8512943225553945 1.6647806168196002 -63.72335158119311
5.392302314419266 -0.8516353727275736 1.659921332495351 -63.723576586692786
5.362702959522285 -0.8519451526972869 1.6551091491992342 -63.72380237890674
5.333039495360512 -0.8522065367525345 1.6503416253596461 -63.724010629792346
5.303312676614996 -0.8524127484999815 1.6456162773919054 -63.72419328625945
5.2735232032748955 -0.8525669562311358 1.6409307973972633 -63.72435222267687
5.243671752282328 -0.8526750778693487 1.6362835629543946 -63.72449208722884
5.213758988649479 -0.8527432385889252 1.631673762132476 -63.724617784103074
5.183785569731532 -0.8527768473164495 1.6271013732096447 -63.724733567629606
5.153752147581576 -0.8527802502125956 1.6225670728807469 -63.72484270735465
5.123659370804832 -0.8527567699421029 1.618072106038125 -63.724947533371584
5.093507886376388 -0.8527143473252844 1.6136178927094507 -63.72505505096074
5.063298337510335 -0.852651705546342 1.6092064938502821 -63.7251631791069
5.033031358040113 -0.8525636925993001 1.6048401312406317 -63.72526602260605
5.00270757546906 -0.8524476569766858 1.6005208080111681 -63.72536021067611
4.972327615718561 -0.8523025549671691 1.596250395474869 -63.72544402707138
4.941892109794124 -0.8521278648640626 1.5920305979515454 -63.725516330050276
4.911401696470665 -0.8519243628980792 1.587862839894348 -63.72557732119144
4.880857022729772 -0.8516923867843137 1.5837482841315687 -63.72562681071526
4.850258742535956 -0.8514462084455529 1.5796871902246734 -63.725678520210415
4.819607510517877 -0.8511873455948625 1.5756800033479914 -63.72573350326708
4.788903992245921 -0.8509186506974545 1.5717268289894173 -63.725794175387826
4.758148862441932 -0.850641012586783 1.567827619476481 -63.7258610184118
4.7273428019046975 -0.8503552451687632 1.5639821239745508 -63.72593444538205
4.696486496923609 -0.8500619866194116 1.5601899579710403 -63.72601469599822
4.665580638390261 -0.8497616930234042 1.5564506614953035 -63.72610182733086
4.63462592089687 -0.8494546305898842 1.5527637512084869 -63.72619570452685
4.60362304187053 -0.8491408953112143 1.5491287648621241 -63.72629602020535
4.572572700819205 -0.8488204507605593 1.5455452970428811 -63.72640233285625
4.541475598715974 -0.8484929741290301 1.5420130298503143 -63.72651391455271
4.510332437563603 -0.8481584946967826 1.538531727835729 -63.726630389470735
4.479143920073169 -0.8478161593723407 1.5351012849646124 -63.726750505058
4.447910747095691 -0.847463969306787 1.5317220808556746 -63.72687188137607
4.416633617934898 -0.8471006562578229 1.5283949876704135 -63.72699288819091
4.3853132314572205 -0.8467249621862873 1.5251212980329376 -63.72711192853067
4.3539502867879145 -0.8463375289094593 1.5219025590848916 -63.72722932342621
4.322545493655159 -0.8459402447476426 1.5187404532191755 -63.72734668262985
4.291099576974238 -0.845535149849932 1.5156366729713668 -63.72746580383327
4.259613277096697 -0.8451179268504699 1.5125929869000414 -63.7275821576282
4.228087351536244 -0.8446884904502837 1.5096108163365374 -63.72769544140237
4.196522563107093 -0.8442469306054724 1.5066915667793885 -63.72780551852203
4.164919680493305 -0.8437924422687257 1.5038365914888752 -63.72791134958242
4.133279478618559 -0.8433266958581408 1.501047022289962 -63.72801435571763
4.101602738411421 -0.842851231794824 1.4983237554058977 -63.72811581668367
4.069890246623676 -0.8423671501473051 1.4956673625094759 -63.72821655559178
4.038142795517744 -0.8418757537745297 1.4930780067303735 -63.72831757727263
4.006361181743729 -0.8413783396655123 1.4905554341805078 -63.7284198590559
3.974546204908823 -0.8408762665505308 1.488098979208687 -63.72852441834483
3.9426986661428587 -0.8403708010684411 1.485707597831964 -63.72863216122413
3.9108193665262174 -0.839862590694615 1.483379931075122 -63.728743359516045
3.878909105628774 -0.8393514406000645 1.481114385238515 -63.728857433048795
3.8469686781640995 -0.8388384571279162 1.4789092930382617 -63.72897509896228
3.8149988746431056 -0.8383226183848559 1.476763081438521 -63.729094959369206
3.7830004804637163 -0.8377998051806798 1.474674534177285 -63.72921253709647
3.7509742809183533 -0.8372764458749832 1.4726428351236325 -63.72933392639309
3.718921067245265 -0.8367529538734468 1.470668004939539 -63.729459276337124
3.6868416362762524 -0.8362284868397634 1.4687509594780381 -63.72958753818252
3.6547367947318374 -0.835702785201659 1.4668935054198158 -63.72971831115686
3.622607361746597 -0.8351754699704304 1.4650982498144935 -63.72985114107625
3.5904541688702225 -0.8346457732294323 1.4633684146562982 -63.72998523861936
3.5582780589362946 -0.8341124385306447 1.4617075875165535 -63.73011936028044
3.5260798845497447 -0.8335672142839602 1.4601195458641698 -63.73024528276602
3.4938605088252452 -0.8330164936391824 1.4586076104028032 -63.73036940615159
3.4616208106272737 -0.8324655247850464 1.4571741770336617 -63.730497030601335
3.4293616598407866 -0.8319163433123958 1.4558199812115744 -63.7306301975227
3.397083894591473 -0.8313689485090869 1.4545435595677134 -63.730768781660736
3.36478830543934 -0.8308125670763264 1.4533411511240448 -63.73090170981627
3.3324756293140645 -0.8302309043889861 1.4522067774031409 -63.73101219077741
3.3001465548966222 -0.8296169621820406 1.451132361643555 -63.73109258037535
3.267801724982179 -0.8289696085215634 1.4501079876995044 -63.731141035461555
3.235441738714431 -0.8283001414573379 1.4491220576251185 -63.73116815210185
3.203067143084899 -0.827617384599569 1.4481616820803491 -63.73118210814738
3.170678411952819 -0.8269132527737759 1.4472134159265606 -63.73117419162607
3.1382759428812603 -0.8262004093401912 1.446263864352202 -63.73115646311686
3.1058600382428088 -0.8255201935403682 1.4453015420389257 -63.73116975732412
3.0734309140143874 -0.8248705063781224 1.4443187286526886 -63.731211666474735
3.0409887129360746 -0.8242305681386982 1.4433124777100197 -63.731261215032454
3.0085335678451615 -0.8236198712466546 1.4422848251352705 -63.731337972423724
2.976065660024127 -0.8230771229389438 1.4412430996971113 -63.7314812476739
2.943585230981454 -0.8225855707392954 1.4402011937140033 -63.731675378440784
2.911092574350109 -0.8221788148111657 1.4391785845376015 -63.73195514075448
2.878588061307758 -0.8218398383001311 1.438202458766798 -63.73230489319185
2.8460722154594285 -0.8214297357614809 1.4373084788413808 -63.73258740173939
2.813545812557617 -0.8209490049892779 1.4365347262846868 -63.73280490647107
2.781009932991763 -0.8204413273031952 1.4359164963790805 -63.73300332143037
2.7484658794304133 -0.8199443887915228 1.435481695569717 -63.733222774116605
2.7159150785747275 -0.8194373824924198 1.4352461386762132 -63.73344461376558
2.683358881385896 -0.8188875437149437 1.4352134291046792 -63.733636936612854
2.6507984919967775 -0.8182700349972047 1.4353761117269455 -63.733774275936646
2.618234950914577 -0.8175842061405821 1.435717286347183 -63.73385402394088
2.585669133796891 -0.8167394456435141 1.436212437091132 -63.73378249658626
2.5531017869474684 -0.8154929115776337 1.4368323412722397 -63.73331289437883
2.5205336669566116 -0.8136015202422696 1.437544705234355 -63.73219835555657
2.4879655295703174 -0.8112765649854181 1.4383164366895227 -63.73064698243699
2.455398013251429 -0.8091729132760721 1.4391152487656742 -63.72931111855035
2.4228315492617285 -0.807853951502953 1.4399071617828532 -63.72875184407257
2.39026634156929 -0.8070061556926537 1.4406548869581957 -63.728652674255315
2.357702571899581 -0.8062878110148337 1.441332202983909 -63.72866942305253
2.3251404823925457 -0.8056482988566512 1.4419286435869056 -63.72875029474237
2.29258032654768 -0.8050288761453384 1.4424485608984063 -63.72883630236301
2.2600224868046004 -0.8044582646529577 1.4429100868605593 -63.72895729946183
2.227467550382856 -0.80401538556445 1.4433421325338502 -63.72919498812798
2.1949163046994986 -0.8037295842106306 1.4437802205210317 -63.72958250065755
2.1623697140100875 -0.8035936843008198 1.444266312973914 -63.730116571672966
2.1298289156582375 -0.8035372533673496 1.4448453500333207 -63.73072981967611
2.097295277006338 -0.8032901367702652 1.445563082494614 -63.73115416813395
2.0647704910768154 -0.8027653249024506 1.4464666456558237 -63.731304294043845
2.032256748699579 -0.8021704415226726 1.4475957380130624 -63.73139144576619
1.9997564992675423 -0.801591810235974 1.4489717139029639 -63.73150654389257
1.9672720754109254 -0.8009414339320272 1.4505943415187632 -63.73156432520192
1.9348054741286882 -0.7991949971994785 1.4524297550740541 -63.73053984350995
1.9023583004640097 -0.7955944280055979 1.4544325955260127 -63.72767172974104
1.8699316861896023 -0.790735572392044 1.4565754024690887 -63.72355158239466
1.837526390282656 -0.7851609428774392 1.4588227441640809 -63.71871887722876
1.8051427229738086 -0.7794447565280491 1.4611363454078707 -63.71374611860353
1.7727804561924518 -0.775004156987339 1.463481221959836 -63.71004882686957
1.74043868308428 -0.7726923578870425 1.4657925923543489 -63.70847641072029
1.7081156559752675 -0.7712894169341221 1.4679651983932716 -63.70780083602809
1.6758089552860387 -0.7703628648239659 1.4699410750517186 -63.70758096530569
1.643515901873267 -0.7693859929365959 1.4716853847738363 -63.70728330668709
1.6112338008267395 -0.7682030486456171 1.4731906319705999 -63.70674825451687
1.5789600647229716 -0.7671668409091474 1.474473957045917 -63.70632794418861
1.546692246423909 -0.7661553635153276 1.4755599429793924 -63.7059018765188
1.5144282001683584 -0.7649126438957597 1.4764846573746935 -63.70521678579733
1.4821662258330108 -0.7638482070563547 1.4772984754608018 -63.70468532916245
1.4499050787500936 -0.7633494159104786 1.4780638579148404 -63.704700183783146
1.417644043389498 -0.7632209911774739 1.4788542077869313 -63.70507373607691
1.3853831778456707 -0.7634605671089095 1.4797594096279418 -63.70581214073944
1.3531233558744502 -0.764423250847993 1.4808840907664473 -63.7072756012781
1.3208663906354905 -0.7656959488742753 1.4823390098270113 -63.709053067808256
1.2886153623967613 -0.7669576254751339 1.4842394038574203 -63.710823145635345
1.2563746298374499 -0.7675587999356663 1.4866735851609736 -63.71193804463656
1.2241492063754809 -0.7674691823897966 1.4897087130208437 -63.71236448502201
1.191944365332702 -0.7672527692449003 1.4933914939767143 -63.712662590215174
1.1597652483663554 -0.7670585795264094 1.4977194847757485 -63.712977482217774
1.127616456982962 -0.7667674167170679 1.502638067901869 -63.71317907723665
1.095501878728712 -0.7663189307985786 1.508070930791314 -63.71318938778231
1.0634247928323926 -0.7658802254182618 1.5139432073700618 -63.713157706033286
1.031388033252922 -0.7640871050610446 1.520091263672127 -63.71170090939978
0.9993940708681047 -0.7621401777781089 1.5264949004007886 -63.71001099420132
