7.837441642609915 -2.9222975111913954 1.1818710057460766 -61.22401890691679
7.769725224072642 -2.924203134898942 1.1879718248959819 -61.22451813429035
7.702050690093695 -2.9250447844995047 1.193194521369068 -61.22403094669389
7.634417064647788 -2.92543151928212 1.1973170037810679 -61.22316200017562
7.566816273305114 -2.925665826856096 1.200206957472706 -61.22221110556357
7.499238174901236 -2.92576425846228 1.2018534663550449 -61.2211909678551
7.431673594285019 -2.9260218056587934 1.202363897540192 -61.2203927600819
7.36411754830023 -2.9267551882227485 1.201928155983537 -61.22012838873304
7.2965690057263455 -2.92756072749602 1.2007925769073298 -61.21998622659031
7.229029018175065 -2.928523916502474 1.1992182574296355 -61.2200463680952
7.1614993084938225 -2.9295913144469594 1.1974481425913202 -61.22025105981925
7.093986415342784 -2.9304996332419355 1.1957232491389966 -61.220332120483086
7.026496111175725 -2.931339961825993 1.1942612273279767 -61.220384073288635
6.959034909645686 -2.931980129062207 1.1932096796208 -61.220278862423754
6.89160854847588 -2.932101112538508 1.1926513007930328 -61.219701828329974
6.824223550582474 -2.9316745039376344 1.1926068425571268 -61.21863100355819
6.756888521658738 -2.9315648262410163 1.1930773193281017 -61.217941123510215
6.689615428104326 -2.93188015634839 1.194037217453785 -61.21774324764783
6.622416697783301 -2.932478247800414 1.1954419588534493 -61.21789477727461
6.555304905307559 -2.9327139960375646 1.1972321220485889 -61.21774215403209
6.488292233098853 -2.9323497824250278 1.1993460838848853 -61.21703893301936
6.421391397902959 -2.9314793964439043 1.2017345688854046 -61.21586773531488
6.354615162569893 -2.9306864415859923 1.2043739461110348 -61.214802189832845
6.287975666695274 -2.9297180117309636 1.2072255010779411 -61.21357071922155
6.221482303504767 -2.9281698932371567 1.210263131912742 -61.21175001283747
6.155142493946024 -2.926866768979741 1.213520208569123 -61.21015939680898
6.088965217005883 -2.925999979181344 1.2170338879929332 -61.20897558300078
6.02295768040779 -2.9250212357248357 1.2208404053782749 -61.20762878816884
5.957123676818917 -2.9242312665060783 1.2250216073633686 -61.206410124866736
5.891466793207594 -2.9240160453766544 1.2296658097747202 -61.20569687327765
5.82599039789252 -2.924403793975541 1.2348553095589043 -61.205506052115155
5.760696495382054 -2.9254760289587054 1.2407135751323208 -61.20590830891865
5.695585724153249 -2.926777874543398 1.2473619373235894 -61.20643576789052
5.630654534725247 -2.928044230939158 1.2549493726997103 -61.206819494347286
5.565895718030468 -2.9295596411578115 1.2635862606114765 -61.20735459750525
5.501302267117977 -2.9307127816936145 1.2732180636195858 -61.2074449210961
5.436866245618722 -2.9307821219690604 1.2836938069640709 -61.206389851435475
5.37257982943999 -2.9297733982471557 1.2948737825592618 -61.20421777702071
5.30843760935384 -2.9287345514701575 1.3066844472374213 -61.20199442171789
5.244437280215532 -2.9278180311634667 1.3188775559353985 -61.1998858025992
5.180575893814769 -2.9255215179905947 1.3309234342774332 -61.19640406814236
5.116849302181403 -2.929304122305326 1.3434378571260304 -61.19900101009581
5.053266004781078 -2.9372293673345955 1.3558234624477363 -61.20573677761764
4.989829374479764 -2.9377170232315404 1.3664429076995053 -61.20504150688881
4.92652835545657 -2.9373546418571332 1.375909323673742 -61.203482806964395
4.863359266444016 -2.9386411100819236 1.3844504494004 -61.203551827078115
4.800317718884502 -2.9402687032414594 1.3919913280469662 -61.20395013201019
4.737395848569556 -2.944042260030262 1.398722203598078 -61.20649885791694
4.674590448972361 -2.951358387656412 1.404672281220882 -61.21261217388311
4.611903591701278 -2.959732584070665 1.409578299215202 -61.21982033464966
4.5493375270856475 -2.9657461694086233 1.4132090562603603 -61.2247139687017
4.48689224339535 -2.96876824036934 1.4155607470635354 -61.22666697813475
4.424567746789038 -2.9687564931489394 1.4167312200376923 -61.22563869932535
4.3623642041277675 -2.9682842538001157 1.416905208991365 -61.22420080867666
4.300285123632294 -2.96866255627083 1.4162816186160008 -61.22365803913042
4.238335840046631 -2.9667373548007387 1.4151561244918873 -61.22084446168178
4.176516993211774 -2.9655910472018063 1.4138486134937127 -61.21882508581786
4.114835456500292 -2.9665465755244855 1.4127580608221415 -61.21888950606634
4.053295475326549 -2.969281848127975 1.4122875223658764 -61.22069706600017
3.9918981793585866 -2.9715779875584483 1.412794352199916 -61.22202325327738
3.9306389440104947 -2.9734671346695114 1.414554616146689 -61.22290725954324
3.8695123906847444 -2.9751543417092043 1.4177050474732553 -61.22356758610607
3.8085142025999157 -2.9767713272387737 1.4222776089173101 -61.22414915179088
3.7476412651664326 -2.9783634653408355 1.428228192424174 -61.22470852105484
3.6868914305747063 -2.9799585347704265 1.4354535532495154 -61.22528236333062
3.626262784804459 -2.9810980598619796 1.443746866273175 -61.22542309299823
3.5657532594494885 -2.9812869471113377 1.4528355449731516 -61.224645544948054
3.5053607985589728 -2.9807988907897536 1.4624743677436107 -61.22322561537949
3.445083973780184 -2.9804889309180704 1.472452884214176 -61.22201189237564
3.384922138439448 -2.9804155152138376 1.48242673439353 -61.221053962528515
3.3248739811460557 -2.981521458045086 1.4921739083514645 -61.22127751625391
3.264939754011023 -2.983911074917447 1.50144497691694 -61.22276432745526
3.205119841082557 -2.9880714608115166 1.5100776746816045 -61.22598097578117
3.1454139300166175 -2.9933321941784135 1.5178234609555075 -61.23025723300095
3.085819721608363 -2.998405021135615 1.5244432451168048 -61.23432551954511
3.026334372971161 -3.0031079631369924 1.5297992840796641 -61.23802641864611
2.9669553050201403 -3.0076065174489566 1.5338144654298018 -61.241547419927855
2.907680674365225 -3.0100677897245083 1.5363994250948187 -61.24307877041561
2.848507172620274 -3.010269390971502 1.5376471958139324 -61.24241279469757
2.789431135618621 -3.0104314626411175 1.5377770016919485 -61.24177329211642
2.730450692050612 -3.0102409630904483 1.5370257510973477 -61.24085256696378
2.6715637878013383 -3.0101080157428624 1.5356733754828753 -61.24005630089491
2.6127685080120227 -3.0118403042985538 1.533933139903517 -61.24117860071663
2.5540623633153254 -3.013478601804224 1.5320112639594985 -61.24226590164047
2.4954389223834785 -3.0151826357723257 1.5300910962719294 -61.24349689166306
2.436891006955942 -3.0167158688787654 1.5283676084906406 -61.24465237346182
2.37841029095759 -3.0175078949946386 1.5270193234339842 -61.245179943679425
2.3199875658288183 -3.0177976041443633 1.5261685858681233 -61.24533204240643
2.2616134028886727 -3.0181340672073294 1.5258936608346425 -61.24566255784528
2.203278057725463 -3.018566392150445 1.5262275369333587 -61.24622075294604
2.144971674415924 -3.01913061656957 1.52715569629072 -61.24704245137352
2.086684899088455 -3.0192811085561964 1.5286154071775706 -61.24758048736841
2.028409383326778 -3.0190398993350698 1.5305248930359598 -61.24785480832664
1.9701380045980879 -3.018108857515246 1.5327786401765056 -61.24756056174549
1.911864986971499 -3.0153016866657376 1.5352159049594505 -61.245500248043314
1.8535862717039058 -3.014395197196194 1.5378093730180025 -61.245438737745644
1.795297855471384 -3.0142283277311783 1.5404049380143088 -61.24619290905837
1.736997839650095 -3.01671783182392 1.5429711078288044 -61.24966297016995
1.6786859793866937 -3.0196701754372386 1.5453727896958271 -61.25364269763242
1.6203659866403122 -3.0219476274482537 1.5475148889277752 -61.25701066990204
1.5620448213858673 -3.022893440657177 1.5492722864184725 -61.25914812960967
1.5037317015230804 -3.023925339001935 1.5505664862777737 -61.26152440497169
1.4454362321162124 -3.0251862396275646 1.5512558592532815 -61.26432576548078
1.3871685656620156 -3.026475800556397 1.5511959879031896 -61.26740287726252
1.3289391741879866 -3.0263998448086844 1.550280677747245 -61.269426981705244
1.2707576577333588 -3.024021032409231 1.548485021942279 -61.26952485360807
1.21263221886321 -3.020803383333183 1.5458404998811897 -61.26922110335819
1.1545689775328418 -3.016772485678916 1.5424825469888668 -61.268590773564746
1.0965717359159162 -3.005007967771564 1.5388928344470432 -61.260761455467154
1.0386440219952713 -2.993737304138568 1.5350622701560663 -61.25404351008407
