7.851638518661014 -2.6464212602141934 1.6442963051433723 -17.97242061774999
7.820561900282024 -2.6337066574571275 1.6449442981264037 -17.960611465927038
7.789526561701505 -2.6316856386046226 1.6457818376530389 -17.959495185651875
7.758541494357789 -2.6321395258425677 1.6466999454534559 -17.960845340881605
7.7276026546021 -2.632715689583906 1.647640030218658 -17.962307206960716
7.6967014879061315 -2.6332035641080918 1.6485660232473167 -17.96367122601395
7.665828241497753 -2.632247925843941 1.6494073445325552 -17.963583137222535
7.634970666931768 -2.6305504621449165 1.650075467898169 -17.96274415936775
7.604116918324155 -2.628655192916707 1.6504800404025695 -17.961697271761516
7.573254518331454 -2.626837006897246 1.6505387614051688 -17.96071462573623
7.542370550888572 -2.62509071884481 1.6501836131619205 -17.95978611817565
7.51145203517828 -2.623534687332687 1.6493477142382769 -17.95902219291809
7.480486326046548 -2.622208064057312 1.6479558152057532 -17.95845098823579
7.449461115489765 -2.6210420503093603 1.6459173257189192 -17.95798979293084
7.418364648879885 -2.6199817387030984 1.6431223164011703 -17.957567685048282
7.387185460937606 -2.619327581910693 1.6394391185227992 -17.957467343234796
7.355912335286626 -2.619167081936786 1.6347724889143223 -17.957760505760618
7.324533686962777 -2.619915092107833 1.6290431853123493 -17.958847067813387
7.2930364855686145 -2.6208631504442814 1.6222734347000811 -17.96001322931189
7.261406775857242 -2.621636429207988 1.6145274880311267 -17.96088409721147
7.229632354728719 -2.6224812622595572 1.605859498374474 -17.96170761187365
7.197702811977194 -2.621918043114562 1.5964980594820573 -17.96102735835759
7.165614750291839 -2.6205216107376557 1.586530034349845 -17.959428659730477
7.1333668725706225 -2.6197998447900934 1.5759768394546085 -17.95841994966831
7.100957183351091 -2.6191821126923918 1.5650930840987582 -17.957451495151318
7.0683843940959115 -2.617452310628165 1.5542500385338731 -17.95533643637988
7.035652045019023 -2.61614720496753 1.5434874075379652 -17.95360796498162
7.002767300072361 -2.617379082478687 1.532709710597899 -17.954367669842064
6.969736003590808 -2.6185996591861964 1.5222780526109136 -17.955116046543488
6.936568684049431 -2.620337302676408 1.512193257240815 -17.956386940320932
6.903271113843521 -2.6223444873717696 1.5025287188958298 -17.957939647405894
6.869847348463807 -2.624400051799402 1.4933421441062684 -17.959555030108383
6.836301434452845 -2.6263881853066695 1.4846596963097407 -17.961115947732893
6.802637766710892 -2.6282397576982484 1.4764814120566592 -17.96255012186215
6.768861092585446 -2.6297177948749226 1.4688005633721277 -17.963618466059103
6.734976665120976 -2.6305449249787283 1.4615939069865769 -17.96404082493398
6.70098930485684 -2.631413261488886 1.4547627748514562 -17.964489058410557
6.666901636571395 -2.632895510925758 1.4482229712107137 -17.965508722494384
6.632713945311381 -2.6350290080746728 1.4419148170796574 -17.96710983531524
6.598423514397324 -2.637274916492744 1.4357533963523184 -17.968735763251978
6.564024658849636 -2.6391383033525115 1.429675275203711 -17.96987964947853
6.529511633389226 -2.64074983026835 1.423628729256397 -17.970657949989246
6.494879844402571 -2.6421935385267847 1.4175747803531975 -17.97114437203254
6.46012546140703 -2.6435327013525827 1.4114756764166327 -17.971394209793097
6.4252451401279 -2.644948721926419 1.40529199231194 -17.971580875082438
6.390235791715695 -2.646538053580775 1.3989958055858374 -17.971796798982403
6.35509460037677 -2.6483667085017673 1.3925682009469724 -17.972107440598023
6.319818934339796 -2.6502815387765097 1.3860112121858634 -17.972367481049062
6.284406636430314 -2.652817855159098 1.3792980006892521 -17.973106246362732
6.24885525064191 -2.6554238086105197 1.3724834659598761 -17.973797127884296
6.213162193309008 -2.657572588457368 1.3656476389624443 -17.973942381203038
6.177326104285941 -2.6597583335968773 1.3588189337119987 -17.974036449416957
6.141346920360073 -2.662111432615537 1.352027991190073 -17.97421691456332
6.10522541913227 -2.664713108088843 1.3452988888322295 -17.974573190485863
6.0689628990888025 -2.6675192655326767 1.338656240631179 -17.975072618267625
6.032561225217229 -2.6705083642928353 1.3321154556482357 -17.975703200812397
5.9960225382471455 -2.6736826350527947 1.3256867512240869 -17.97647444877599
5.959349093485492 -2.6770010317707094 1.3193818637693067 -17.977352858496964
5.922543279951487 -2.680442123964265 1.3132118062093172 -17.97832354702406
5.885607503134334 -2.6839689344674973 1.3071830107776365 -17.979355898738305
5.84854413219615 -2.687536442013173 1.3012984230648075 -17.98041047048367
5.811355478777147 -2.691099036277952 1.2955591373184743 -17.981445982728133
5.774043784108056 -2.694615621349447 1.2899655024083052 -17.982424142406757
5.736611206449419 -2.698052486689303 1.2845178278638545 -17.983312393208003
5.699059805981623 -2.7013484029177657 1.2792184654684335 -17.9840502263051
5.661391570820098 -2.7044356905041522 1.274070794310087 -17.984569734457054
5.623608447429226 -2.707400476334955 1.2690706623189023 -17.984950877358905
5.585712180116521 -2.710313095554647 1.2642123011358652 -17.98525778391052
5.547704283738441 -2.71324461192565 1.259489751153651 -17.985555867266328
5.5095860558414005 -2.716218477296072 1.254898885921155 -17.98586556348284
5.471358643690329 -2.7192423836034076 1.250435377664542 -17.98619291593601
5.433023085767121 -2.7223210513970453 1.246093925720897 -17.98654186250178
5.394580337437684 -2.725456000381214 1.2418682933380725 -17.986913961034915
5.35603129295096 -2.7286459035408033 1.2377515048372365 -17.98730866175879
5.317376805426796 -2.7318870800413273 1.2337361334476415 -17.987723707284715
5.278617705128493 -2.7351741814707053 1.2298146173810487 -17.988155714834868
5.239754816017483 -2.738502080927481 1.225979530508365 -17.98860191759048
5.200788969146856 -2.741882186880089 1.2222233818273551 -17.989075799507162
5.161720993709536 -2.7452927141324923 1.2185403330733573 -17.98955905418078
5.122551706150806 -2.7487162940863166 1.21492475997842 -17.990037596775842
5.083281953211646 -2.75214013314867 1.211371838017686 -17.990501799754036
5.043912639069419 -2.755554540859279 1.2078778641117962 -17.990945117755025
5.004444738778956 -2.7589525060915943 1.2044403702666442 -17.991363713861205
4.964879307364408 -2.7623293797908186 1.2010581944511844 -17.99175617766703
4.925217485549704 -2.7656827030492743 1.1977314823300858 -17.992123372620682
4.885460502259752 -2.7690117072774383 1.1944616278039597 -17.992467957037114
4.845609674343535 -2.7723307115009344 1.1912508039183194 -17.992807274115442
4.805666390578747 -2.7756567735715154 1.1881020857885651 -17.993161416239886
4.765632069722317 -2.778988163542088 1.185019323460835 -17.993532229706943
4.725508124795194 -2.782328553818933 1.1820056872143048 -17.99392630553254
4.6852959764466275 -2.7856771051539737 1.1790640023240455 -17.994345804420348
4.6449970704136065 -2.7890287531438793 1.1761967812776986 -17.99478897288246
4.604612869163025 -2.7923764560725046 1.173406216154462 -17.995252263323557
4.564144854874034 -2.7957045979009445 1.1706942446127633 -17.99572394855347
4.523594547904388 -2.799015891969878 1.168061936808567 -17.99621005402379
4.482963520567764 -2.802317457027617 1.165508216669335 -17.99672123132713
4.4422533963458495 -2.8055607749554548 1.1630311066886967 -17.997214717257037
4.401465887065557 -2.8087563799406667 1.1606265778238742 -17.997704947873054
4.36060282474047 -2.8119285664298537 1.1582906653118212 -17.99821942272355
4.319666106783411 -2.815062797780205 1.1560205493255447 -17.998747539314778
4.27865764028163 -2.818146012263969 1.153814158584919 -17.999279223013488
4.237579322120885 -2.8211667292609675 1.1516700269573288 -17.999805014437158
4.196433019542499 -2.8241166780554314 1.149587122895101 -18.000317675595852
4.155220551249953 -2.826982663566237 1.1475647980536665 -18.000804378918815
4.1139436461975105 -2.829745627802716 1.1456028927697022 -18.001245874486656
4.072603913966508 -2.8323996192779903 1.143701533249033 -18.00163506245665
4.031202876015237 -2.8349454074396943 1.141860636279433 -18.001971094089285
3.9897419823375535 -2.8373864155956086 1.1400796928294024 -18.002255632914988
3.9482226228987916 -2.8397249533365505 1.1383577025933875 -18.00248935652084
3.906646142049876 -2.8419503612213393 1.1366935055797047 -18.002660388899827
3.8650138560029283 -2.844041431195269 1.1350861968758685 -18.002746455569373
3.823327011930206 -2.845995255276666 1.1335351780490324 -18.002743175446305
3.78158675830754 -2.84786742909542 1.1320398831001033 -18.002703580589902
3.7397942020417356 -2.8496951056227475 1.1305998296760753 -18.002663403979483
3.6979504534794945 -2.851469746663731 1.1292140556179169 -18.00261471246708
3.6560566706529305 -2.853186448951697 1.127880787052374 -18.00255441004836
3.614114083369078 -2.8548443024239227 1.12659699503422 -18.002484525537568
3.5721239937403118 -2.8564601282487807 1.1253582727139377 -18.00242536970549
3.5300877572530585 -2.858080749257118 1.1241590467433888 -18.002427219728766
3.4880067105250983 -2.859700330478311 1.1229932843857817 -18.00248894878375
3.445882197227278 -2.86128072502072 1.1218549258041821 -18.00257770014766
3.40371553928927 -2.8627981934257885 1.1207382005628357 -18.002675099802232
3.3615081109015583 -2.8642375963491182 1.1196363666313704 -18.002771122513025
3.3192613392261068 -2.8656218051221547 1.1185416932563201 -18.00289230898742
3.2769766537836293 -2.866951774620426 1.117446184548106 -18.003042781756292
3.234655472771192 -2.8682208486131078 1.116341762462595 -18.003218300667413
3.1922992007936317 -2.8694221986341573 1.1152209175389556 -18.003413438897425
3.149909222313281 -2.8705488246318773 1.1140773984253414 -18.003621563208377
3.1074868978160723 -2.8715937338557573 1.1129068395880855 -18.003835107688786
3.0650335644590903 -2.872532383409573 1.111707276536912 -18.004028492489084
3.0225505486010014 -2.8733644999469865 1.1104793953714993 -18.004199644513456
2.9800391962855657 -2.8740895362896404 1.1092274870551901 -18.004346237922775
2.9375008738302832 -2.8747054364612725 1.1079593741428966 -18.004464934016987
2.894936981681649 -2.8752017772649094 1.1066857164144086 -18.004545042138787
2.8523489635320294 -2.8755713234675686 1.1054199288435667 -18.00458119376863
2.809738354504484 -2.87585988866742 1.1041769270042916 -18.00462375917794
2.767106830736292 -2.876065355554971 1.1029711905737762 -18.00467915240923
2.7244562697769146 -2.876278134069561 1.1018147064272628 -18.004848878534105
2.6817887676942416 -2.87646270398513 1.1007167576277694 -18.005112098187666
2.6391065687391717 -2.876624804804575 1.0996797090140513 -18.005489215364264
2.596412090085958 -2.8767487185737233 1.098701221727998 -18.00597734024234
2.5537078589250504 -2.8767859747895073 1.0977775416185238 -18.006538137053084
2.5109964722698095 -2.8766858965985818 1.0969053398067037 -18.007127814191428
2.4682805854441416 -2.8763960117363734 1.0960815829752497 -18.007697500679008
2.4255629075727927 -2.875867212560551 1.0953023907674324 -18.00819767880632
2.382846176736557 -2.87509262957649 1.0945614321937887 -18.00861592750674
2.340133079506595 -2.874104058462734 1.0938501080039993 -18.008973145857276
2.297426045783491 -2.8729120650083604 1.0931611793994986 -18.009263344908774
2.254727172852164 -2.8712058306588224 1.0924902932830018 -18.00915227475526
2.2120381728987493 -2.868127876206678 1.0918359293095592 -18.00775244834552
2.1693603472016525 -2.8643283056682054 1.091209981187851 -18.00569961529009
2.1266946281874546 -2.85979941539464 1.0906172715521711 -18.00296305610857
2.0840414361716113 -2.854419240673319 1.090060577315679 -17.99939278828706
2.0414007255544373 -2.848656885454201 1.0895448479085124 -17.99543248944981
1.9987719489146967 -2.8432822930708195 1.0890714327339412 -17.991826159050618
1.956153915610419 -2.83881274747818 1.088629060477306 -17.98905872423157
1.9135449158877655 -2.8356234179166537 1.0882039843368583 -17.987473948604027
1.8709429933108168 -2.832940387434107 1.0877763059586465 -17.986267215833017
1.8283457319696863 -2.830658866499101 1.0873304084990576 -17.985326526366954
1.7857506470216948 -2.8287127278929454 1.0868519178430345 -17.984593970487275
1.7431553855897859 -2.8271781774437046 1.086334210630658 -17.98416630769909
1.7005578911486143 -2.825925210049052 1.0857742501189953 -17.98394409903601
1.6579564773204711 -2.8251365602406406 1.0851644716369002 -17.984149980381687
1.6153501131530412 -2.8244982975711914 1.0844803021680254 -17.984520628667937
1.5727386377974204 -2.8240668450152837 1.0837060309742566 -17.985174107648106
1.5301227399258293 -2.8238171475031715 1.0828366471845672 -17.98616188795075
1.487503830472176 -2.823430135997821 1.0818640476892825 -17.987246730851147
1.4448845692224936 -2.822136143902082 1.0807785238787284 -17.98774189126641
1.4022687697181113 -2.820035615382178 1.0795531491450758 -17.98780974377265
1.3596609817630205 -2.8173468582125043 1.0781571830243062 -17.987706552046767
1.3170662867160576 -2.8141788484816352 1.0765598996007864 -17.98755738089387
1.2744899157423564 -2.810720039900868 1.0747328569614452 -17.98754765007225
1.2319369411511947 -2.807044817624789 1.0726559331400016 -17.987729375561976
1.1894117551945234 -2.802744134554521 1.0703482517813783 -17.987654026503925
1.1469179521642985 -2.7981094535411377 1.0678657964869727 -17.987594241634262
1.1044590058581003 -2.7931719737922545 1.0652901661159466 -17.987558680140815
1.0620381589546903 -2.787781470388373 1.0627311885035273 -17.987378948345146
1.0196587083449118 -2.7821124150423864 1.0603151672041249 -17.987238404395164
