7.784350532596264 3.013827851107439 1.3307692807606823 -36.44065636424048
7.665007603417728 3.0134301505132686 1.3331662682939325 -36.43803681460613
7.545568007716741 3.0102508572750883 1.3342428929210584 -36.438209423603006
7.426063585437097 3.0084286692381332 1.3336940189100552 -36.436994055274944
7.3065121404425755 3.007142008491404 1.331415940400031 -36.43519707302459
7.186919472473356 3.0057298403357433 1.3273327491673508 -36.43347749669954
7.067282427895896 3.0038576923401767 1.3213758512994023 -36.43217826232878
6.947593098696552 3.001077278324008 1.3134747813379957 -36.431762148578564
6.827842213207044 2.997600343006348 1.3036365444074227 -36.4320350469285
6.708015316531452 2.993700791486524 1.2919401960896073 -36.43275003904129
6.588103025226278 2.9911490519816493 1.2787459716729763 -36.43217193406005
6.468112578981542 2.9933445358848743 1.2647700962038047 -36.426938242569456
6.348067717795995 2.991932491245517 1.2490319952173308 -36.42543041372047
6.228003749409092 2.982937846625995 1.2309727358623568 -36.431677509906926
6.1079712063945575 2.9749931975240695 1.2121987967867507 -36.437111263375044
5.988032312608346 2.9729618385929584 1.1939269772672683 -36.43690265048714
5.868249361095695 2.9681690798889484 1.1751047149026472 -36.439825083838784
5.748692281778794 2.96145396569642 1.1563592939769887 -36.44514184903892
5.629428294005104 2.951955795805927 1.1379647844266376 -36.453871800319185
5.5105337396400085 2.939341325491758 1.1203669045097289 -36.466557533046235
5.392086200754717 2.92509651815769 1.1043273865132932 -36.48192586593319
5.274141341131374 2.909640074091623 1.0902801929973325 -36.49983936724825
5.156741045598952 2.8938847566221746 1.0784956424110648 -36.51965679270481
5.039911187750181 2.8783360511557237 1.0691088455916973 -36.541181828816235
4.923677131710968 2.860775714389571 1.0621456184306928 -36.56723248539949
4.808079627780769 2.845193786248095 1.0579131240329442 -36.59374443476919
4.6931384235602644 2.835034148715949 1.056268713895511 -36.61687790302859
4.5788451821614835 2.8512800625918544 1.0559903510081665 -36.611512993867656
4.464989280347077 2.890627068578045 1.0555823109820268 -36.58016940212596
4.351346743974776 2.916072870045669 1.055805680775161 -36.56660541549207
4.23801947724708 2.935701507020474 1.055324309071933 -36.56108473501047
4.125090941010444 2.954221910771666 1.0528502122749293 -36.5578168996742
4.012618145381807 2.973244820854709 1.0480320063388044 -36.5546935798498
3.900645125581283 2.998674865825746 1.0410686110666578 -36.54422391141691
3.789154100414139 3.0292078740716435 1.032193427433862 -36.52766033727538
3.6781147742840465 3.0536693375300024 1.020430421667559 -36.51841674638524
3.5675542565699905 3.076211456536664 1.0060995434575388 -36.51107464585448
3.4574681821164535 3.1036454657994486 0.9903893267100863 -36.497200920169526
3.3478010430788774 3.1304634905671165 0.9724506614874081 -36.483414642222456
3.238519712051302 -3.1283111519457654 0.9519084026364535 -36.47184209161181
3.1295912436352533 -3.1051476098438693 0.9291326194858818 -36.461100996986005
3.0209732495851784 -3.085175181142964 0.9038244654564667 -36.45345644705679
2.91263184452318 -3.054782379046511 0.880693905480299 -36.43310374727866
2.8044926555483225 -3.014035549247039 0.8608142167110526 -36.40026051631457
2.696505129663237 -2.977282164886891 0.8408321202520584 -36.371319151066395
2.5886815293160237 -2.952758407748439 0.8194219938664007 -36.35530632007219
2.4810340400903454 -2.9376672194114284 0.798149580940722 -36.34874990406399
2.3735541068385593 -2.9292864326133885 0.7780317722969553 -36.34836920037906
2.2662173322665398 -2.9245084357363846 0.7598493801749833 -36.3505518348091
2.1589904865192406 -2.923426287182503 0.7436618397790609 -36.35518168295721
2.0518393242684625 -2.9254223269869915 0.7296216983853085 -36.3613899604035
1.9447275844889393 -2.929749200362603 0.7178587703577697 -36.36820077733666
1.8376189477963665 -2.9367867163434322 0.7083950928961189 -36.37583920061658
1.7304791749124595 -2.9462483092606266 0.7013171289796697 -36.383919293213566
1.6232769468926198 -2.957899100854184 0.6967097199133456 -36.392213894975164
1.515985233888663 -2.972379030304688 0.6946687153411605 -36.4014274293225
1.4085835050962077 -2.9860496127857585 0.6951858930328184 -36.40830900005375
1.3010611408311685 -3.003291703456539 0.6985413837901495 -36.41733121048507
1.193412140427417 -3.0112952258885293 0.703719260684508 -36.41689536525181
1.0856483967668604 -3.0250082423561047 0.711772766220748 -36.421392461933166
