7.864029369018921 3.1138821451772625 0.9963809616980087 -60.92158775417267
7.787072955627379 3.115274145535224 0.9905890724472635 -60.91945795416484
7.710059535170042 3.1166828817157803 0.9843754605413408 -60.91748296431917
7.633016526966786 3.117123660780795 0.9781401971314294 -60.916644355963676
7.555960011609943 3.117059706405679 0.9723647779766506 -60.91657314840817
7.478895129458016 3.1168053937501705 0.96731347206255 -60.91708015457916
7.401823098764481 3.1176252424507402 0.9632073293904665 -60.91704566457772
7.3247455604634855 3.119807549666852 0.9600924959969189 -60.916314696345225
7.247661294487031 3.123301130407211 0.9579226549221692 -60.91503268492665
7.170575428973828 3.127347034245538 0.9565308908146517 -60.91403463506624
7.09350192908473 3.131391347659808 0.9557583093810826 -60.913927460438856
7.016459693323228 3.136351464543685 0.9554905486807506 -60.91376381063497
6.939467411690987 -3.14099503372523 0.95559234268022 -60.91356775342199
6.862540658186422 -3.1342070160360205 0.9559362619066566 -60.91324192946985
6.785691786531225 -3.1263621273406472 0.9563962679166257 -60.91263769255772
6.708930059039205 -3.1176178977884375 0.956831106298385 -60.911880913598324
6.63226292278288 -3.108183637203233 0.9570927296231428 -60.91114475321009
6.555693509540599 -3.0986727915554333 0.9570130097018366 -60.911037315959874
6.4792229337318785 -3.0875707419963154 0.9564671631426033 -60.9097706619693
6.402851260926355 -3.0749378330926627 0.9552865390148272 -60.90728917664282
6.326580434174446 -3.0615119545693754 0.9533230780322841 -60.9043151978463
6.250416260208637 -3.0471830077098665 0.950535113729712 -60.900620808534846
6.174364330546786 -3.0314127950756586 0.9470041114435943 -60.89544208186543
6.098429579167706 -3.0149956960865842 0.9428629728672439 -60.88950040825851
6.0226244605925405 -2.9984750670040654 0.9384110115652763 -60.88321070317532
5.9469648689278065 -2.985805165977166 0.9336830294601951 -60.88080572548345
5.87145875991816 -2.9758828979191905 0.9291973498071774 -60.88084316601004
5.796092653797527 -2.9679326746191212 0.9254378788113518 -60.882298510406834
5.720844549031023 -2.9609104446442203 0.9227747347487623 -60.88392252515889
5.6456945291888205 -2.9536166687688823 0.9215115697076482 -60.884418997263595
5.570626124962912 -2.945869877524163 0.9218870137399398 -60.88366798913759
5.495634139497897 -2.9373123817305156 0.9240593845636024 -60.88140550051223
5.420721868644377 -2.9278163671713355 0.9280432098630271 -60.87765555895025
5.3459005760475105 -2.9173046833577794 0.9337522042455592 -60.87249299227482
5.271188494858112 -2.9072759257689627 0.9411028336696512 -60.86765794644676
5.196608040003457 -2.897921255416569 0.9497832076756032 -60.863473769877714
5.122179099456317 -2.8897337547561097 0.9593106562580356 -60.860558619296135
5.047912323212563 -2.8815067951165845 0.9690524107824823 -60.85771597317093
4.973806627400841 -2.87545260338633 0.9787113496260297 -60.85744112778261
4.899857858391856 -2.8748729357369207 0.987957472753061 -60.863434091364404
4.826070167245115 -2.870351595803585 0.995461964133743 -60.865642902560076
4.752436507490008 -2.8695618205399906 1.0012299387218035 -60.87244544965866
4.678971486935752 -2.869660703837501 1.004785109167753 -60.88082071719305
4.605689461323181 -2.86749939047199 1.0060109347298587 -60.88731321996993
4.532598473969064 -2.8653969925650236 1.005045206503207 -60.89443136014002
4.459704364454882 -2.8586517579734543 1.0023013499218811 -60.8969211478754
4.3869997131897325 -2.8462227399085527 0.9982584108559347 -60.893489603822054
4.314471946193503 -2.8327410089989242 0.9930660933349057 -60.88912286209787
4.242118959728913 -2.81392622540111 0.9875101979225243 -60.878787730446334
4.169935381442649 -2.8014767523651924 0.9809587125598295 -60.87534621914924
4.097942265485792 -2.7911139565617407 0.9743293687013761 -60.873667088190665
4.026131323401176 -2.782655642908421 0.9680939268451285 -60.87330227545677
3.9544851956267904 -2.776296655518064 0.9626238509060496 -60.8742714021445
3.882985773745413 -2.770391742892364 0.958292901940225 -60.874647220530186
3.811613840036138 -2.765343826549938 0.9552835552568404 -60.87483929280961
3.74035318276341 -2.7612916916727968 0.9537550145435613 -60.8750107928265
3.669189643735732 -2.757963208148085 0.9538431084941087 -60.87492012501199
3.598110722219457 -2.755365262274453 0.9556259046284036 -60.87465655365026
3.5271072258936558 -2.7533649754387035 0.959125177496056 -60.874197018811095
3.4561736258047917 -2.7518277779737375 0.9643289566601189 -60.87353641475086
3.385308713995271 -2.7499942935436086 0.9711695882903363 -60.872038198998865
3.314514362138373 -2.746793110605991 0.9794425855199674 -60.868756384089274
3.2437943866150483 -2.7432124557762245 0.9889938351534603 -60.86482275620698
3.1731559284269766 -2.7410203381369396 0.9996986167891971 -60.86213485684561
3.1026083767849344 -2.739676772987765 1.0110966217409794 -60.860257224005046
3.0321581986154773 -2.737792449224347 1.0226059949486697 -60.85790318907879
2.961808009634402 -2.735936467932097 1.033873000712307 -60.855767315500536
2.891559845755351 -2.7344929143173555 1.0444755984894516 -60.85435639977251
2.821415710264143 -2.7312926365128853 1.0537318760274539 -60.85156485024864
2.7513757332549558 -2.7283218958056215 1.0613844859310602 -60.84945977837244
2.6814436801845267 -2.725805558760547 1.0671197996835287 -60.84827958043126
2.6116222654422017 -2.7235144491847234 1.0707622638895742 -60.847778499102496
2.5419126888330954 -2.7212830822287977 1.0722811159455716 -60.84775002768637
2.4723141336044474 -2.7201047304288166 1.071764054781012 -60.8491783724753
2.4028261998796148 -2.7165315411933357 1.0694699595308985 -60.84839921013433
2.3334429556042187 -2.7116558699763345 1.0657754278777292 -60.84642600014607
2.2641590507854 -2.709773381738208 1.0609948586014222 -60.84758023964299
2.194971498601189 -2.704299548146815 1.0558577626026957 -60.84487344326491
2.1258664849441993 -2.6988082898168138 1.0505235825257315 -60.84193364474942
2.0568335487010683 -2.696786166796499 1.0451557873200126 -60.842268824032885
1.9878637601122382 -2.6961563132738875 1.0402238657576763 -60.843634299331605
1.9189451032008116 -2.6963183692358403 1.0360003323639193 -60.84538229163605
1.8500658141504507 -2.6963173275197128 1.0327819110112901 -60.846528266480746
1.7812154295873504 -2.696410251119002 1.0307575504463509 -60.847353743085975
1.7123858655229818 -2.6963225488976854 1.0300255978905344 -60.847637750630014
1.643571367462576 -2.6959703630445646 1.0305809733098923 -60.84737690917206
1.5747682790953643 -2.695916085271696 1.0323699544110487 -60.84721188365615
1.5059746017714484 -2.695934020150068 1.0352776459818114 -60.846995441195666
1.4371893886360418 -2.695953612056178 1.0391436128959353 -60.84671894420285
1.3684129873183606 -2.697110751698058 1.0438140413714299 -60.84757320172404
1.299646430773109 -2.699823650452623 1.0490754622543617 -60.85004590011371
1.2308922202879582 -2.7065436174539217 1.0548535504723686 -60.856657670590884
1.1621547127597476 -2.7124639264469494 1.0606657563197306 -60.86278625780424
1.0934407491437457 -2.717998720609258 1.0663027442711757 -60.86895878103232
1.0247580829892966 -2.7221786752160866 1.0714577210566278 -60.87432015166176
