7.86326473427904 0.21407663795033735 1.6358048136019658 -7.82339286463131
7.806009552585866 0.2144352567369958 1.6357325515821026 -7.822230163186929
7.748712171678361 0.21398931571161478 1.635763378040643 -7.821806059509034
7.691382091111104 0.2134254444092141 1.6359859816922748 -7.821418547133403
7.634023254241908 0.21279981855521596 1.6364554411215861 -7.821002500962023
7.576637586970036 0.21130245515929885 1.6372154529116967 -7.821364469773484
7.519227191426741 0.20911424178196572 1.6383039540315545 -7.822319560910213
7.461796525862462 0.20638389847380859 1.6397487755636928 -7.823716006796132
7.404352610981134 0.20324626368600376 1.6415614123339657 -7.825416750028504
7.346904389115296 0.20011301749770471 1.6437262580311607 -7.827009743132303
7.289461932423645 0.1970643423642228 1.6461993540412754 -7.828415070199691
7.232036267241501 0.1939812822901988 1.6489011650408938 -7.82975033572586
7.174639958526646 0.19050067634230133 1.651745809549046 -7.831373624188953
7.117287038486608 0.186727464634188 1.6546274594213464 -7.8331757747303365
7.059991390776882 0.18289867467889218 1.6574404569458905 -7.834917738330246
7.0027669087928714 0.1797935722782331 1.66008409375096 -7.835826503106134
6.9456265411269325 0.1782961871641141 1.6624764835866066 -7.835030781473714
6.888582777549996 0.1764521036578535 1.6646079314718634 -7.834466849285862
6.831651234365096 0.1743276176504368 1.6664326368321138 -7.834075576667501
6.774843025539007 0.17227150119927914 1.6678711533419595 -7.833523031877727
6.718166245378311 0.17016197944471967 1.6688596562282503 -7.832941887557172
6.661627346948053 0.16820280116193578 1.6693531827851316 -7.832147552005885
6.605230217853316 0.16584075092761258 1.6692982979661741 -7.831702031984968
6.548979122674791 0.162078649350913 1.668585543835302 -7.832601499624851
6.492876748061928 0.15810204723443802 1.667067042440597 -7.833700234005073
6.436917986521984 0.1542501918885432 1.6645499251063431 -7.8346850579182785
6.381094107736001 0.1504352079739001 1.6608879203488118 -7.835663272633665
6.325395836751975 0.14677525209523468 1.6560093805243619 -7.836537352477942
6.26981568323632 0.1435602349221554 1.649909892372207 -7.837036138634052
6.21434796357447 0.14074269470199982 1.6426178110542566 -7.837215063499073
6.158989652461694 0.13891817377134857 1.6342788183418318 -7.836493695338945
6.1037383428418535 0.1383739520108651 1.6250879998057874 -7.834590438492226
6.048593431550333 0.13791064954015245 1.6151400878888003 -7.832683379514025
5.9935580459542965 0.13802893782954262 1.6047651748672842 -7.830275902858231
5.938633491187668 0.13866496686213173 1.5943241065022822 -7.827430478016501
5.883822860124367 0.1387512241958811 1.5840804553067007 -7.82519345909912
5.82913241476627 0.13722782217393462 1.5742514215695695 -7.824591217935467
5.774569837712115 0.13592773197944666 1.5653086539475005 -7.823780580419416
5.720133318464592 0.13485772121337236 1.5574598900064123 -7.822721132503173
5.6658137960442305 0.13335272256279668 1.55079180667718 -7.82204737403793
5.611600526321319 0.13113629294366638 1.5454576510120919 -7.8220243433281045
5.557483901603823 0.127406148547326 1.5416223003245635 -7.823446605130428
5.50345958339958 0.12198124747031411 1.5395010313579653 -7.8265025571840825
5.449527270946205 0.11492048062560052 1.5392278740299512 -7.831146498584114
5.395688811738689 0.10518357680133376 1.5408470440287814 -7.838419077771546
5.341947602931824 0.09924557950034313 1.5441734745047675 -7.841963960364304
5.288301304677474 0.09813801795174366 1.548818014177355 -7.840774848224234
5.234748605606966 0.09697056814731013 1.5545452065870766 -7.839667514705609
5.181294471317819 0.10464079879084896 1.5603943440103578 -7.829888448582563
5.127935868520591 0.10614250898058779 1.5666883815893873 -7.826198082051035
5.074688657809935 0.1024977050449402 1.5728500020328033 -7.827597014683152
5.021560037782437 0.09890065883277749 1.5780861372835229 -7.828976698201805
4.968546506675518 0.09586803135838659 1.5819313699666335 -7.8298271807973485
4.91564396091931 0.09280324729972213 1.5841316706331448 -7.830731529342974
4.862850800634567 0.09017946636528854 1.5845617383257942 -7.831215840414903
4.810166740331508 0.08808689118208979 1.5832070853220959 -7.831180602620771
4.757593709396928 0.08643390580237602 1.580135882009778 -7.830702938288163
4.705135719112918 0.08400181304477998 1.5754483464634685 -7.830969062135301
4.652799182389226 0.08103228502327169 1.5693869954617827 -7.831729967848193
4.600591346070809 0.07749316708068556 1.5622773272858765 -7.833011208377568
4.548517167090268 0.07458484129745895 1.5546153208940199 -7.833636868062129
4.496576660658466 0.07284299878638002 1.5468251765327576 -7.833086566243553
4.444767963272302 0.070387473641883 1.5390956694410722 -7.833211826655398
4.393092725574275 0.0635058899143921 1.531507700695274 -7.83766833424385
4.341557607084985 0.05387051860290714 1.5246056186422055 -7.844817985989422
4.290166451082944 0.04579065989118176 1.5189923084189785 -7.850433687258247
4.238916950837931 0.0398557200748882 1.5148712085411247 -7.853947701239336
4.1878054638651925 0.036116643587422434 1.512315993255043 -7.855328486362373
4.136827434891468 0.034983311896603066 1.5113017563928783 -7.854192974212775
4.085976784517554 0.03439161106296356 1.5116527007457659 -7.852580222477751
4.035249015977922 0.03362114336418175 1.5131241311423953 -7.851210685582631
3.984641329083765 0.03279161190603698 1.5153979374905553 -7.849974446861556
3.9341515620459764 0.029828401707176478 1.5182349759871876 -7.850927082195653
3.883776216802565 0.02578167932729847 1.5214295700901785 -7.853062308868697
3.8335057522113503 0.023411295595631654 1.5246942576799287 -7.853677523839925
3.783326239454704 0.02234460235979515 1.527797768106815 -7.853148467218366
3.7332256711047087 0.021948518206907863 1.5304995417686422 -7.852109113329395
3.6831938635419568 0.021493960683235423 1.5326085685690098 -7.851287453955082
3.6332208668253627 0.020565588510660232 1.533981867411921 -7.851098118105142
3.5832959638335256 0.019026415216645644 1.53454103526625 -7.851673346413158
3.533408055003191 0.016896691641964473 1.53427258872501 -7.8529793658503335
3.4835465694734915 0.015421822384100446 1.5332366928168446 -7.853753338803073
3.4337024796618647 0.014855675347620743 1.5315221171880027 -7.853711173785216
3.3838700791930267 0.016808325421500913 1.52927407652838 -7.851210611093244
3.334047117186288 0.01819102844288448 1.5265459886383446 -7.849297301340727
3.2842335949731716 0.017007720935158815 1.5234356166429084 -7.849937493675905
3.2344315358939166 0.011850507474636052 1.5200619205638495 -7.8545091370207185
3.184643826242265 0.007711676079327863 1.5167695149363394 -7.857989107325512
3.134874149453921 0.00464116770636579 1.5137359623623357 -7.8602986296458175
3.0851279566979293 -7.681897927877806e-05 1.5110574268997226 -7.864126937782549
3.035414215606663 -0.006259592887173855 1.5089220587011172 -7.869288154795456
2.985743768600479 -0.013056360939726414 1.5075324226817828 -7.87493895250009
2.9361280707200055 -0.021450113948199522 1.5070416581492803 -7.882065805016469
2.886579075704056 -0.03356708261839334 1.507632414865826 -7.892797014129787
2.8371093324023855 -0.04198767344867862 1.5094597749908791 -7.89981997599197
2.78772518925905 -0.04385944315718027 1.5124566315682746 -7.900333873292257
2.738428967250572 -0.04421125616171478 1.5165920557512083 -7.899322735532187
2.689224099359545 -0.041292171269912845 1.521529393726238 -7.8950718501697805
2.6401101659063704 -0.02422847767503547 1.5262471327870988 -7.876828367004352
2.5910771061983313 -0.021445881184911954 1.5318005321277748 -7.87267088034796
2.542134832664786 -0.02268716621836281 1.537241104290797 -7.8725225034589394
2.4932814263554666 -0.02570453324161339 1.5420443804449457 -7.874193413658113
2.444511454695451 -0.02850544891182197 1.5457874861462129 -7.875726623305091
2.3958176474327817 -0.030950729586283518 1.5482552663031468 -7.876986796946168
2.347192921989957 -0.033350666457685176 1.5493525589338588 -7.878279655794259
2.2986307988271806 -0.035299392653142594 1.5490749581848444 -7.879197461871513
2.2501252593097973 -0.036812312386518754 1.5474913517091096 -7.879747039326837
2.201670887068457 -0.03812908923100056 1.5447094369749865 -7.880157120249215
2.1532626378912316 -0.03922743005536868 1.5408776705136265 -7.880396362308391
2.104895589602482 -0.038485909356804474 1.5362574482178275 -7.878840454347914
2.05656478019062 -0.03450222605353847 1.5311638185407648 -7.874073843028243
2.008265559747347 -0.02911971279376282 1.52575845599421 -7.867909931200079
1.9599935047420545 -0.02557560457661836 1.52010149099576 -7.863562161226777
1.9117443450725802 -0.027070986203219263 1.514268695928573 -7.864225676061108
1.8635138413068315 -0.02920263768588207 1.5087785850194324 -7.865519862596292
1.8152991570624573 -0.031216300132247535 1.5038822974049926 -7.866676976283869
1.767099162355864 -0.03371063970051123 1.4997155901437085 -7.8682788129491295
1.718913953699893 -0.03781048914175845 1.496335468789281 -7.871437427565566
1.6707446883238728 -0.04192230440078716 1.49389366272165 -7.874561408513426
1.6225938339128594 -0.04594699244146832 1.4924660914584493 -7.8775488665869995
1.5744645065315543 -0.04901257547589376 1.4920790196870717 -7.879530870444516
1.5263601698999263 -0.05064224438721133 1.4926804422733766 -7.88002941165782
1.478284207023433 -0.05211590703608236 1.4941846845357252 -7.8803147533554245
1.4302393919260088 -0.0534205233020528 1.4964295917621955 -7.880374459727559
1.3822277048355154 -0.052159644670599095 1.4990713694004836 -7.877818262532729
1.3342502908535012 -0.04351684275377512 1.501580207848602 -7.8678218692134525
1.286308346695308 -0.04291796977399912 1.5043258915197786 -7.865705156640273
1.2383995254750728 -0.04445997674753751 1.5067874173253832 -7.865640200934193
1.190523080038251 -0.04674802370639462 1.5086205397780394 -7.8662518886974695
1.142678157447052 -0.04923733321217585 1.5095857877812804 -7.866995702161217
1.094863586246642 -0.05176979467161317 1.5095116045576256 -7.86770411294495
1.047078507171469 -0.054318227426588456 1.508283739721683 -7.8683350070652995
0.9993223924774056 -0.056982111483119026 1.5058379083483335 -7.868968638504313
