7.9986431349620135 2.2633977922984894 1.5338416740157668 -35.44624488335207
7.908942400253689 2.266475046055839 1.528233858406793 -35.446587483504494
7.819171067184086 2.2753102797377474 1.5222880001043122 -35.44108078043554
7.729379747211335 2.2867216060997686 1.5161560415059312 -35.43290051363803
7.639612528391523 2.2893718704435213 1.509394353304496 -35.43343519818863
7.549902378987037 2.293309971279721 1.5032522411159153 -35.43251444678286
7.460239078263251 2.2979065230741345 1.4981117607875332 -35.43072593041412
7.370614644788855 2.301713738348589 1.4942426551110315 -35.429486977752816
7.281022944600006 2.3048770821002758 1.491961198369606 -35.428629935971955
7.191451221100143 2.305768072025961 1.491498864396043 -35.42975947233634
7.1018819544861325 2.3051295554889255 1.4930901855646657 -35.43213541534156
7.012292415226709 2.3031480662295083 1.496825351237923 -35.43558407328254
6.922656605818814 2.299554807681731 1.5027529564615174 -35.44037919260676
6.832945336815356 2.292115189184535 1.5110446778378237 -35.44871972425372
6.743123803275724 2.2811828384560213 1.5217544662947708 -35.460262592523605
6.653155491962922 2.267731033043271 1.5348272804109837 -35.47407561679988
6.563004220249474 2.2539082175118397 1.5499856396043181 -35.48810620338608
6.4726357636217005 2.2411789422542245 1.5669399256569572 -35.500994147892264
6.382020108214922 2.2295593484131766 1.585553695466111 -35.512812198962536
6.2911301127457016 2.218859809229704 1.6057037543916548 -35.5238553493024
6.199939601803969 2.2082093591420078 1.6273806541224465 -35.53510578951695
6.108419434248844 2.199882135267871 1.649948536585488 -35.54449219608764
6.016544572318455 2.1953505250594696 1.6728043944662365 -35.550708667728195
5.9242991739379285 2.1998335504268747 1.6944131676962773 -35.548690464807805
5.831701702599292 2.2064322151109024 1.7159050383580374 -35.545318017490565
5.738767538049114 2.212657515559168 1.7375150392509993 -35.543215054244925
5.645485536093017 2.2202761382046345 1.7585324990392968 -35.54072795207079
5.551833134170594 2.230092419073217 1.7784486459046938 -35.53707982769599
5.457775575420739 2.242693381690764 1.7967918338342577 -35.53161449934384
5.363267009803965 2.2587959833173255 1.8131792917491254 -35.523432603204704
5.268277557127436 2.282367106643465 1.8267553198721882 -35.50812981623823
5.172815427798081 2.3103358948227903 1.8381194902653408 -35.48869336721302
5.076895339492419 2.337839117181208 1.8480224022866358 -35.47015684719128
4.980528224068587 2.3608103287303943 1.8569182145628924 -35.45685319782778
4.883723008090289 2.3779761746608736 1.8647676757400888 -35.450178471756615
4.786497023850305 2.3850385386894977 1.8717354104963402 -35.454876806766016
4.688861296595338 2.383227392569018 1.8774093266339607 -35.46966594462524
4.5908350474585395 2.3825175814867503 1.8811526292714327 -35.483475326842935
4.492477855077513 2.3913191242889393 1.8830162595336213 -35.486811438338165
4.393884422871622 2.4042764255345324 1.8836540306513725 -35.48545531804163
4.295111531556695 2.416988850236818 1.8834914716915172 -35.48418205161934
4.1961787946476345 2.4294310572855617 1.8828437417102966 -35.48291093949838
4.097094693298064 2.441757609420806 1.8819901389250686 -35.481383324888434
3.997860783245375 2.453606422965184 1.881151957607458 -35.47991521083633
3.898477011104582 2.465003842360258 1.8804854238366422 -35.47841839724939
3.7989474978338857 2.47579367213346 1.8801003993087158 -35.477033792419135
3.6992805610597927 2.4858712119541986 1.8800556762300356 -35.475876251096956
3.5994854171671 2.4952033929056414 1.8803763893468328 -35.475008263238834
3.4995704973630017 2.5038330553407353 1.8810487387140287 -35.47442810999923
3.399542736427353 2.5118889230767034 1.8820293485292605 -35.474053233434034
3.299408075474851 2.5195814761780295 1.883247654271662 -35.47372396216929
3.1991745012628887 2.5277862613401254 1.8845770754637348 -35.47259869448733
3.0988540257159216 2.536603494199958 1.885919278341153 -35.47066682669256
2.9984636078880467 2.545823024644078 1.8872010129877608 -35.46825106938576
2.8980230342038333 2.5544731201725877 1.8883762585330743 -35.46648002030828
2.797547071285644 2.562697186703785 1.8893971018237579 -35.46531744529375
2.6970404984654217 2.5707569235775045 1.8902283266586355 -35.46455617502397
2.5965019911758453 2.5786351212032046 1.8908602033435193 -35.46424951048201
2.495927231332176 2.5863598379277453 1.8912707370061064 -35.464386224567164
2.395309051518877 2.594247277159531 1.8914259002696836 -35.46463802249897
2.294638393040674 2.6024525174191755 1.8912875211467397 -35.46483274373663
2.1939072878778574 2.610903610050555 1.890811572877441 -35.4650366896904
2.093110010922769 2.6196581389289824 1.8899324112911728 -35.46518462418499
1.9922405675760169 2.628991572776082 1.8885630210818498 -35.46497242273497
1.8912923892244575 2.6393604212224897 1.8866029788106171 -35.46389201814101
1.7902619947225227 2.6539486852517755 1.8838136824063265 -35.45859319077008
1.6891560882619494 2.670988059830716 1.8801812295194946 -35.45088838919905
1.5879928187870225 2.6875727347205594 1.8756834831082152 -35.44377658289089
1.4868068790558802 2.7033988443278627 1.8701103998249902 -35.43758315803742
1.3856398787173572 2.7184532297345227 1.8631647118464585 -35.432347167308244
1.28453586053132 2.7315512590184903 1.8545369130357454 -35.42933984370669
1.183540580205855 2.743811174243464 1.8438078770835666 -35.427525264951896
1.0827062102457135 2.7564392104816813 1.8304871183363254 -35.42587860819533
