7.8512549389957815 0.14577706923794162 1.6148176758394672 -58.47919089858516
7.761192862564364 0.15697592126718235 1.6120758604524097 -58.47019778498247
7.671140901240629 0.16488564980645512 1.60923676000981 -58.46447133240772
7.581155720093045 0.16749297691815485 1.6064358902590639 -58.46406035457179
7.491267230952407 0.1684615193376099 1.60391277867147 -58.46534249670336
7.401471086038513 0.16898032725641518 1.601874140580277 -58.46715109008702
7.311738802884945 0.16927895703584786 1.6005024988280452 -58.46926919092191
7.222030862830574 0.17043415531353118 1.5998916669310674 -58.47063055199432
7.132309706113544 0.1716414819922297 1.6001073079358505 -58.47205060256043
7.042550819437471 0.17258949254712488 1.601092666375682 -58.47385276162517
6.9527384509304495 0.17053336298641794 1.6028723795224677 -58.47880459124182
6.862855652426853 0.16526227207312275 1.6054578742689551 -58.48713938725215
6.7728803999394485 0.15800786190526855 1.608834784392181 -58.497636140590366
6.682790918238478 0.1500821901037508 1.61299329585124 -58.50897993907122
6.592565670681716 0.14164842329905403 1.617986206146184 -58.52100061153559
6.502180646648959 0.13334693663121636 1.6238518017885446 -58.53303737412091
6.411610886152303 0.12509649384561733 1.6306663350335082 -58.545146410882246
6.3208293163994504 0.1172221633378089 1.6384752092496364 -58.556964738760705
6.229805360687814 0.11045789413560797 1.64726767002314 -58.567708029904246
6.138502501058249 0.10580031963923546 1.6569600252271037 -58.57631753714824
6.046874711479077 0.10280392343080279 1.667550173285013 -58.58317514392813
5.954865068326711 0.10349207677083806 1.6786763692720943 -58.586173753155975
5.862427787099748 0.11555322293120196 1.6891160288474472 -58.577564488872206
5.769589338656648 0.12660294411507955 1.7000892088390576 -58.56974443664022
5.676344901717111 0.1368897264890647 1.7114007225400054 -58.56243793752919
5.582678126851368 0.14885620806916988 1.7226124254911186 -58.553199117459954
5.488554548723118 0.1549838335338322 1.7345354258561982 -58.54944837665661
5.393903332121915 0.17021747214750593 1.7451837496696205 -58.53638362329321
5.298758087113551 0.1955452338109762 1.7544726512389002 -58.513107666659536
5.203171390000341 0.22531346667381957 1.7631673628255566 -58.485251189114884
5.107179973618785 0.25343884816262546 1.7721257210104366 -58.458834823148905
5.010801812302892 0.2793981695322581 1.781575508471506 -58.43439291621546
4.91405622356112 0.29389695780157377 1.7928076747977704 -58.421093072886805
4.816941240849782 0.29910639225396396 1.8057304280178308 -58.41680925388615
4.71947391946191 0.2999687661664534 1.8198178043130975 -58.41669804279068
4.621688359561645 0.29292411797920315 1.8355392847886216 -58.424321572950454
4.523611596224413 0.2808614654193633 1.852357385499507 -58.43689676713248
4.425276273732629 0.2782346203835133 1.8678557521780985 -58.44020119831013
4.326752588733905 0.28057452935864624 1.8824135163950826 -58.438722461953226
4.228089818023992 0.28246402883855404 1.8965575747242662 -58.43785853544917
4.129301860790929 0.284146579264872 1.9098670012377086 -58.437333751171465
4.030391908782193 0.2862283846894896 1.9219651607109032 -58.4364880717797
3.9313618100803898 0.2866076623863445 1.9327362249270916 -58.43733162815508
3.832206946272156 0.28480517037581393 1.941841494019827 -58.44026644398813
3.7329184214330717 0.28202512091933835 1.9488410479729215 -58.44404144035768
3.6334929506346967 0.2797469539373131 1.9535188909998362 -58.44717533389781
3.533935551862843 0.27843253164078413 1.9558786480112955 -58.44922075542735
3.4342539781020354 0.27813641739112965 1.9560444579092169 -58.45014909196637
3.3344573984315615 0.27731113072744085 1.954194668453615 -58.45150856304226
3.2345544018087384 0.27750587372962165 1.9506816918457477 -58.45183903398599
3.1345526037392686 0.27815533769603434 1.945906253229068 -58.451740655265965
3.034451306381862 0.27803305770709735 1.9402427896362324 -58.45243236328921
2.934245274518598 0.2804432382783801 1.9344461361316656 -58.45072012307574
2.833936130273413 0.28491911404919834 1.9289841380226485 -58.447071136607924
2.7335291022427217 0.2882480116693002 1.9241400987196564 -58.444619868855
2.6330261465375018 0.289793725707788 1.9202830614709556 -58.44403512873971
2.53241883592649 0.29140496654603054 1.9177673759361575 -58.44355520292038
2.4316974725473814 0.2934156213674406 1.916706998393486 -58.44287339127099
2.3308548723254394 0.2962925365608564 1.9171103180038447 -58.44154942093498
2.2298878207698944 0.29978446519337215 1.9188976041504517 -58.43983994587424
2.1287969498841504 0.30326636835773724 1.9219703031851236 -58.43837612322658
2.027584881329988 0.30667134011269714 1.9262320726988331 -58.43725180534575
1.9262565026317071 0.30989163855211566 1.9315792959012874 -58.43660593271068
1.8248178138644902 0.313088848187303 1.937890684544527 -58.436314598319136
1.7232763951516625 0.31734101388465175 1.9449897355312646 -58.43535241541697
1.621642948680718 0.3224029250341481 1.9527302766919377 -58.434002865147185
1.519934337535326 0.3252765184022357 1.9611017057601356 -58.43531861965838
1.4181724889051763 0.3271889878763676 1.9698604812424803 -58.43824936755616
1.3163841848192335 0.33020066195043496 1.978683641908711 -58.44097575140101
1.214592838927767 0.3344089453159861 1.9873406840552266 -58.44363084159813
1.1128170585175312 0.34070444955788926 1.995544355337847 -58.44555410870349
1.0110746897123493 0.3494210516661291 2.0031047646100086 -58.44667209290746
