8.059150347228247 0.8301493369679248 1.5472473687278638 -2.6233092178131905
8.02781413842584 0.840018060542359 1.5453803624097755 -2.6146637394532286
7.99652102346295 0.8468967116423616 1.5432749330162063 -2.6090089814981345
7.965279686789444 0.8462409035286763 1.5408957319096637 -2.61089309137516
7.9340939384633336 0.8467362050800193 1.538571011646252 -2.611575745860818
7.90295493828887 0.8465829353096885 1.536382194364133 -2.612849506108711
7.871854406614392 0.8471645234314871 1.534484822473947 -2.6133185635029474
7.840781630380707 0.8486219389190093 1.5330278126293948 -2.6128359438393014
7.809724788226403 0.8504982965383957 1.5321599344656756 -2.6118522565746525
7.7786713764659305 0.8521928253947973 1.5320061989771654 -2.610960587447134
7.747607052156247 0.8536951703744623 1.5326680288467884 -2.6101605426478276
7.716516858808528 0.8552223780682789 1.5342209498382868 -2.6092221694059656
7.68538625501674 0.8566245901263414 1.5367099250922616 -2.6082810326275983
7.654202184379746 0.8572261888807063 1.5402016137874435 -2.607993351012966
7.622952469831265 0.857426688408919 1.5447409694089693 -2.607943330500528
7.5916249950912995 0.8574827357024823 1.550381621413324 -2.6078590898555367
7.560207845867207 0.8570807926256219 1.5572110856506851 -2.6080374961289987
7.52868932490187 0.8548401178281134 1.5653885764065438 -2.609833620416307
7.4970550055823395 0.8520419302940613 1.5748401936055527 -2.6119813824888736
7.465288285445874 0.8498190938920573 1.5853898790431997 -2.6133819551865587
7.433375745343063 0.8471276107103276 1.597041175348711 -2.61509168181985
7.401304786911886 0.846673115278022 1.6093467338861647 -2.6144943981649424
7.369073011293946 0.8473994323918197 1.6222533819912748 -2.6126718496604364
7.3366788582077245 0.8478749166828806 1.635748913971073 -2.6110704016731403
7.304119167704311 0.8481691161147903 1.6496425566744153 -2.609658069591039
7.271393189219696 0.8490271605259087 1.6636648721204699 -2.607731744728572
7.238504142179698 0.8500885530332195 1.6776902120377772 -2.6056669516492894
7.205458854975961 0.8488702195381628 1.6918762250460486 -2.6059180262423265
7.172265273838826 0.8481706266904476 1.70564800766427 -2.60575248000309
7.138938507705476 0.8468708537329426 1.719005317428279 -2.6062801006076257
7.105486898188352 0.8452787039796712 1.7317997630202102 -2.6071855549200103
7.071914938710782 0.8435308586817765 1.7439145846189856 -2.608312077786422
7.038226639794696 0.8417089626529944 1.755276707455748 -2.6095554962895955
7.00442619349018 0.8399318135125194 1.7658561976418792 -2.6107756478139597
6.9705183373786035 0.8385965544968818 1.7756409438861869 -2.6115603428785983
6.9365088038110585 0.8374368296955494 1.7847236030427425 -2.612154812820112
6.902403641716306 0.8369429935657441 1.7931607585578113 -2.6120585948291284
6.868208450824036 0.8359612820044985 1.8011681341012262 -2.612384469689726
6.833926740126496 0.8340831042986221 1.8089068874380068 -2.6134959424327966
6.799558683923662 0.8314232585161525 1.8165480779233263 -2.6152451456791312
6.765099938947872 0.8291632172096677 1.824186846362947 -2.6164401554233834
6.730544037798044 0.8271828554773394 1.8319404231697975 -2.6171772439504095
6.6958845587809614 0.8252552800459872 1.8398717431552358 -2.6176648258802606
6.661115929290321 0.823334264163386 1.8480232691755383 -2.6179381010385976
6.6262329959824715 0.8214122233645047 1.8564260316117112 -2.617998347604181
6.5912309634021895 0.8194838456271442 1.8650999141787097 -2.6178487298487463
6.556105446327565 0.8175437315566052 1.874053144408097 -2.617497041719063
6.520852553918397 0.815337830262495 1.8833045144472542 -2.617196283404117
6.485468653612466 0.8129013198450462 1.892837545137096 -2.61692393563855
6.449950797980781 0.8095764821251509 1.902690689681093 -2.617329987742317
6.414295807077644 0.8060188059574717 1.9127613793745313 -2.6178047328382297
6.378500927405784 0.8024746291445136 1.922954407286141 -2.618138697819904
6.342564040577921 0.7990340891438826 1.9331757783470298 -2.618269025607763
6.306483916620555 0.7954185849962923 1.943375061732962 -2.61847846662618
6.270260608796491 0.7915688533927636 1.9535029462879687 -2.6188389206944924
6.2338953573101685 0.7873968886996077 1.9635298821257863 -2.6194500238034264
6.197390056461706 0.7831511321949824 1.9734068540543679 -2.620087833454468
6.160747395225606 0.7787907498864858 1.9831140301641612 -2.620805033682247
6.123970373907821 0.774262267380451 1.9926368927296736 -2.6216682766855053
6.087062112978688 0.7695732237489357 2.0019595553488565 -2.6226866447270973
6.05002578404817 0.7649729759244033 2.011051201414961 -2.623637373097625
6.012864847338751 0.7603419928169393 2.01991779147904 -2.624647834867964
5.975582899200491 0.7556727641386815 2.028557822018746 -2.625734464162655
5.938183587272257 0.7510118040538935 2.036967842439382 -2.626856368051671
5.900670503045033 0.7463953010589564 2.045147213893529 -2.6279760700144106
5.86304703037236 0.7420285393820408 2.053085186792089 -2.6288875608133004
5.825316213241667 0.737990132054832 2.0607812500876737 -2.629499543911168
5.7874806614188765 0.7342938242559455 2.0682387286203467 -2.62977753313836
5.749542579463378 0.7309232626025367 2.075462645999808 -2.629712075274343
5.711503782170646 0.727600810374236 2.0824743098107295 -2.6295411093454337
5.673365587519545 0.7240926885937442 2.0892932034172005 -2.629463233230882
5.635128867859328 0.7204181279027638 2.0959226963941955 -2.6294427680206827
5.596794253871065 0.7165991380314966 2.102368872543905 -2.6294471961878387
5.55836226885108 0.7126564772487674 2.1086412051415215 -2.6294505835277
5.519833338572892 0.7086056285433242 2.1147523225119405 -2.6294369961942525
5.481207800201057 0.7043351612426587 2.1207235694845576 -2.6295155553199514
5.442485804521939 0.6998192997153547 2.1265725830530737 -2.6297174941734403
5.403667420212905 0.6950950724173692 2.132314259722359 -2.6300175087955564
5.364752609197803 0.6902172440727333 2.1379624391680205 -2.630375318193318
5.325741294611825 0.6851507373689006 2.1435345827164447 -2.6308369474982
5.286633379301005 0.6799736744496647 2.1490412698677406 -2.631341906678448
5.247428781460379 0.6748099014549063 2.154491046451335 -2.6317849715037793
5.208127597871638 0.6697194531347856 2.159894778844934 -2.6321195041883243
5.168730147814183 0.6647068789903839 2.165267377933174 -2.632348124611169
5.129236863772411 0.659776679207935 2.17062413321062 -2.6324697625568314
5.089648181457673 0.6549150551174464 2.1759779727568676 -2.6324979213455073
5.049964506817317 0.6501087186776725 2.181336121274208 -2.6324443713484023
5.010186234106018 0.645324176642262 2.1866995913095373 -2.6323403544153576
4.970313815896129 0.6404956541044701 2.1920631326584883 -2.6322497684106585
4.930347822708529 0.635555531889709 2.1974135424785572 -2.632241885876641
4.890288994927069 0.6306475844820362 2.202720387548946 -2.6321914473320316
4.8501385133521415 0.6256965721611258 2.207956976146626 -2.6321857383531504
4.809898099124264 0.620547537389831 2.2131057021403384 -2.6323882407432952
4.769569714831267 0.6153421696145468 2.218138264944619 -2.6326820768014167
4.729155520659674 0.6101133456406433 2.223036788369177 -2.6330546618152266
4.6886579795087995 0.6048156494978153 2.227793281581958 -2.6335682362979576
4.64807978421934 0.5994754827127217 2.232400392194094 -2.6342155534312424
4.607423727507774 0.5940920554898951 2.2368545981769112 -2.635011924032094
4.566692596433202 0.588734057883265 2.2411520639980007 -2.6359029518453574
4.525889071453473 0.5834894377177203 2.2452901609805016 -2.6368106216286185
4.485015717962129 0.5784104299794307 2.249269184403596 -2.637685555173709
4.4440749855973705 0.5735284114745647 2.2530916404189596 -2.6384937448833035
4.403069203124678 0.568867671706591 2.256761616805429 -2.6392042224524923
4.362000517667726 0.5644532821639532 2.2602839701428095 -2.639782144807982
4.320870831608591 0.5602847777686487 2.2636644648754833 -2.6402146570085328
4.2796818380205774 0.5563167254582603 2.2669104540783467 -2.6405307897737385
4.238435021170194 0.552533857212893 2.2700289850934205 -2.6407307606493378
4.1971316324940515 0.5488533346231762 2.2730289190306645 -2.6408796209753227
4.15577269102649 0.5452538096377919 2.2759172059384007 -2.6409831116932816
4.114358874635929 0.5416994979128634 2.2786986034483916 -2.641059920607035
4.072890776591385 0.5381947933868065 2.281375108918847 -2.6410942088684957
4.031369044307894 0.5347249703448272 2.2839481400890396 -2.6410945268683776
3.9897944404626897 0.531293140116774 2.2864203241229224 -2.6410576077786243
3.9481678192754095 0.5278986830599204 2.2887966151693027 -2.640987506080509
3.906490102680799 0.5245271379440367 2.291084212297849 -2.640904907552435
3.8647622382983853 0.521200817932302 2.293291549267419 -2.6407977928781223
3.822985152351928 0.5179217050262507 2.2954286890516276 -2.6406746195506905
3.7811598252424856 0.5146853796540977 2.2975067313162767 -2.640550585817193
3.739287262426174 0.511491730839292 2.2995372998825445 -2.640436409760161
3.6973684770027275 0.508332308128077 2.301531579520008 -2.640349706409113
3.6554044542787603 0.5052011782317367 2.3034997232188568 -2.6403048085226577
3.6133961317326593 0.502125946951829 2.3054504359507364 -2.640283791004898
3.5713444295238714 0.49913199524464846 2.3073911466689117 -2.640271255536348
3.5292503181532244 0.4962426473554601 2.3093281013600815 -2.640254095366906
3.487114850895171 0.4934463113332742 2.311266611537433 -2.640253193851737
3.4449391598583388 0.4907630150050958 2.3132103616042388 -2.640259489472209
3.402724417643562 0.48820606918028664 2.315161364245265 -2.640269820516651
3.3604718662218 0.4857860921417945 2.3171200449380542 -2.6402829264540353
3.3181828257236323 0.48351199160538594 2.319085143587852 -2.6402983315705852
3.2758586966348058 0.4813911255245508 2.3210536227536074 -2.640316061797285
3.233500959625361 0.47942688455440785 2.323020681777504 -2.640338928430923
3.1911111728791512 0.4776141015347908 2.324979890980492 -2.6403770157425734
3.148690966436388 0.47595648846403255 2.326923215968543 -2.640430775876734
3.106242047430947 0.4744520806315456 2.3288412891228556 -2.6405052001070537
3.0637661887070315 0.47312804018023424 2.3307223677314197 -2.6405768240147163
3.021265242502957 0.471999766193946 2.332552109698446 -2.640635588337622
2.9787412132260753 0.4710631515166563 2.3343144622125016 -2.6406933533618533
2.9361962991225616 0.47017162834419846 2.3359944812641014 -2.6409049997791567
2.893632881085458 0.46937031907526333 2.337579670507104 -2.641238318092402
2.8510533148112747 0.46869163627959803 2.3390611677984263 -2.641673102815265
2.8084599894970865 0.468174639627556 2.3404338411563796 -2.6421813400699534
2.765855346143189 0.4678536581448143 2.3416946517094175 -2.6427359722659625
2.7232418546924775 0.46775875083047497 2.34284264634311 -2.6433100858904726
2.6806219811986214 0.46791245214334315 2.3438788581199983 -2.6438798901037677
2.6379981500076175 0.468376159576247 2.3448062012090585 -2.644378210509493
2.595372715849584 0.46916800160084426 2.3456291109619203 -2.6447756978429506
2.552747994380275 0.4702368648225958 2.34635624798119 -2.645103924536054
2.510126147789337 0.47155606750626955 2.3469984786581835 -2.645361118400671
2.4675090636631976 0.473147848078375 2.347566582074792 -2.6454894686717276
2.42489828510958 0.47561978237285973 2.3480736391942085 -2.6448350019262565
2.382295022344995 0.47922535154510537 2.3485347603351046 -2.643093054732381
2.339699906945673 0.4838013659307171 2.3489639710494825 -2.6403692372673753
2.297113151530176 0.4889238659972446 2.349377131861076 -2.637023486156274
2.254534387789622 0.4936869895668276 2.3497886146215086 -2.6338977295922854
2.2119625103119183 0.4975061778013666 2.3502219714837675 -2.631511897074789
2.1693958147955996 0.5001602078464731 2.35069944158565 -2.6300292256072137
2.126832208276481 0.5020154133355167 2.3512433559669534 -2.629045471774326
2.0842691367160753 0.503225636366224 2.3518755656499457 -2.628399741779874
2.041704008176565 0.5038737241816152 2.352610866573369 -2.628025597260668
1.999134356243169 0.5040513781123824 2.3534533473861186 -2.6278649205272453
1.9565579799767328 0.5037840242539705 2.3543950874447 -2.627937376713193
1.9139730648673163 0.5034282031175451 2.355421972456312 -2.6279478457429972
1.8713782307853093 0.5028942883146178 2.3565266691620415 -2.628058811168745
1.828772882560422 0.5021320589269567 2.357713161274831 -2.628414747854193
1.7861572870926503 0.5011993229824074 2.358975364312416 -2.6290756261345294
1.7435324127772416 0.5003137390369734 2.360299151924197 -2.6299595047481077
1.7009000806781667 0.4998929219413907 2.361673744234058 -2.6307920189534855
1.6582635097855591 0.5004850954773495 2.363098754941546 -2.6311477305282596
1.6156266592385744 0.5019810194864492 2.364589985083093 -2.6312116212890935
1.572994094622576 0.5042477841737074 2.366169920744481 -2.6311576624395325
1.5303707601617205 0.5071675867495998 2.3678634202306426 -2.6311149783883705
1.4877616806909095 0.5106736743103079 2.369694404378796 -2.631131041746263
1.4451716729208868 0.5146538603021535 2.3716807758608223 -2.6312732591096086
1.4026048664671396 0.5191525639901812 2.3738101122044872 -2.6314273297024156
1.3600646822802438 0.5241377041071195 2.3760346801096306 -2.6315524192300885
1.3175541605442347 0.5296080145747488 2.378280619356615 -2.631583511354651
1.2750763039994808 0.5353174728573824 2.380456912528667 -2.6317258797007073
1.2326343761377268 0.5414040952825123 2.3824534225682936 -2.6317984726996047
1.1902319115942381 0.5478391521254773 2.3841704864728497 -2.6318050776308963
1.1478728983341606 0.5546255617993819 2.3855579636837008 -2.6317189723982883
1.1055614927593047 0.5617544796721466 2.3866052972374905 -2.6315229406833462
1.0633018213310208 0.570228564130816 2.387338117160746 -2.630103688725592
1.021097504633723 0.5794631613392821 2.3877946482457606 -2.6280254489216404
