8.025287473475089 -2.5068637404570686 2.2646200744515315 -56.026455770625454
8.003107606794044 -2.509697761441988 2.2648398459074017 -56.026045147496426
7.980960811641534 -2.5142247200155703 2.264961819841634 -56.026765947883064
7.958855152159855 -2.5093583328441746 2.264979248334772 -56.01824687191021
7.936789403025681 -2.5136014713923087 2.2649056307642863 -56.018403805493655
7.9147676090482015 -2.516528691859105 2.2648090131527314 -56.017607136243846
7.892783087779748 -2.5197626563086435 2.264734905431506 -56.0176514965142
7.870828022197956 -2.5231445603746327 2.2647333804217804 -56.01860217818554
7.848892684330202 -2.5250517830017647 2.264813365310912 -56.01904947122042
7.82696676052871 -2.5252740354935996 2.264936155193429 -56.01888943583992
7.805040012992175 -2.523759992043126 2.265039312032241 -56.01813633394459
7.783101844712541 -2.520768455584403 2.265046489542545 -56.01707639077912
7.761141211890381 -2.516716700900126 2.264869886738566 -56.01611878481362
7.7391464741564935 -2.5117850626797895 2.2644225671163816 -56.01539019645489
7.717106007794552 -2.5060733208490062 2.263631464458448 -56.01488554461195
7.695009174281236 -2.499920057038821 2.262429346292038 -56.014811054493016
7.67284587160752 -2.493319522085181 2.2607310624647177 -56.0149767026477
7.650606153475662 -2.486193745175622 2.2584250255676195 -56.01508437698149
7.628280313949879 -2.4784081469838855 2.2553906455839106 -56.01475549464803
7.605859174603486 -2.470009639542547 2.2515490193570575 -56.01381863683484
7.583334490869653 -2.462461869900865 2.246790822240398 -56.013632021593686
7.560697969799511 -2.457323914486061 2.240997778778728 -56.01565546948311
7.537942215137498 -2.4518049014283623 2.2343804531815556 -56.016735429237045
7.515065263580326 -2.446091395449867 2.2270344426426028 -56.01697315567348
7.492067094181294 -2.440847936866159 2.219036572685772 -56.017026866440304
7.468948778470947 -2.437539358509305 2.210399209707684 -56.018430417559124
7.445711011932103 -2.434161091772233 2.2014496494812863 -56.01913517282531
7.4223580899624135 -2.430139845879813 2.1924025051916423 -56.01863554849876
7.398895376887526 -2.42635158706023 2.183357615828662 -56.01794666481776
7.375330198848653 -2.4236843479804357 2.174415480699946 -56.01808574633019
7.351670224481593 -2.4220505371779035 2.1657366835581033 -56.01905440293101
7.327921868413356 -2.4204905305267044 2.1575275159166907 -56.01996126833922
7.3040896506006545 -2.4188633329995297 2.1498997799393527 -56.02073468996613
7.280177196573498 -2.4172395829984885 2.142900031835619 -56.021497413883196
7.2561880161732235 -2.4156436599204314 2.1365352554482566 -56.02231022889987
7.2321256978091615 -2.413744214482342 2.1307959657301923 -56.02286319669099
7.207993898280147 -2.411161793664621 2.1256325527355378 -56.022792073191866
7.183796303715912 -2.4085715011372892 2.120904523969827 -56.02281001533891
7.159535600225461 -2.4064718526066713 2.11647099101625 -56.023468294267055
7.135212572805601 -2.404507741529546 2.112205017313656 -56.02443319568923
7.110825044757204 -2.4022341193149375 2.107983499107776 -56.025260081540594
7.086369573409205 -2.399189467929518 2.103706429254338 -56.02547840748009
7.061842120439426 -2.395629322830167 2.0992888634352953 -56.025335790648555
7.03723865300418 -2.3917821161660506 2.094661222053978 -56.02504890427053
7.012555134725307 -2.387674390978386 2.0897734707003197 -56.024622838397306
6.987787402615851 -2.3833915353862114 2.0845824518941933 -56.024120423518696
6.962931225164057 -2.378945916197929 2.0790613469423915 -56.02352680894976
6.93798240732935 -2.3742764211870373 2.0732010646426917 -56.02274887024066
6.912937081070244 -2.3695016618824507 2.066995446297168 -56.021879081703254
6.887791726980385 -2.365089839280017 2.06043554215802 -56.021373615508985
6.8625427622331605 -2.361462470325332 2.0535374963003363 -56.021641420899634
6.837186565679088 -2.3581070169723337 2.0464134091643578 -56.02212682213014
6.811721285518105 -2.3543102224107275 2.0392164076056423 -56.02207213911311
6.786147085661609 -2.3507903040292324 2.0319919892837666 -56.022208400676675
6.760464912855908 -2.3476676972904826 2.0248171025834325 -56.02265759280643
6.7346761968512805 -2.344818328692652 2.0177556711263342 -56.02329005526959
6.708782726777002 -2.342291800247625 2.010832679240973 -56.02415673443663
6.682786267691351 -2.340059711925332 2.0040587880024963 -56.025227150853425
6.65668860439886 -2.3380663638254284 1.997438734574705 -56.02644252100303
6.630491551790273 -2.336253041836344 1.9909728143504695 -56.02774171158258
6.604196958822118 -2.3345682300577404 1.9846581461875872 -56.02907241508365
6.577806702614021 -2.332961474459964 1.9784908556671754 -56.0303852915226
6.551322651040477 -2.331389480024058 1.9724659908540307 -56.03164011462898
6.52474662088152 -2.3298136320666276 1.9665778289951092 -56.03280298656616
6.498080343837478 -2.3281988413203787 1.9608197952240214 -56.033844608572565
6.471325436044977 -2.3264580262221335 1.9551879782475388 -56.03468339280451
6.444483429223833 -2.324668500033744 1.9496683636132053 -56.035405921817365
6.417555664509062 -2.3228763397014087 1.9442470692993044 -56.036066676540706
6.390543325852102 -2.3211014296386026 1.938913087528912 -56.036691843712354
6.363447441706768 -2.3193573399196548 1.9336574402268254 -56.037299708192045
6.336268895770529 -2.3176605061520914 1.9284721321665748 -56.03791016027564
6.309008435317929 -2.3160011541274144 1.9233513147758066 -56.03851529392873
6.281666693590649 -2.3143774176047773 1.9182890600955715 -56.039114334352
6.254244227146709 -2.3127905906926833 1.9132795108845055 -56.03970891247828
6.226741540860322 -2.3112427197078884 1.9083170834449998 -56.040300795288786
6.199159106248692 -2.3097398043848467 1.9033964236281835 -56.04089532575846
6.171497371846093 -2.308287109556499 1.8985127587991182 -56.04149683788337
6.14375676552481 -2.3068782682566686 1.8936624906126456 -56.042097778314776
6.115937702396692 -2.305509063819122 1.888842445467612 -56.042692828637264
6.0880405992582025 -2.3041772780694343 1.8840498662717764 -56.043278816004324
6.060065883299843 -2.302883982762209 1.8792823660817741 -56.04385607979497
6.032013996900711 -2.3016303995507 1.8745380143209662 -56.04442527493274
6.003885403035044 -2.3004156112151413 1.8698152822833551 -56.04498497346655
5.975680587760036 -2.2992376139249053 1.8651130925521524 -56.045532819394836
5.947400062943483 -2.2980938181760293 1.8604308512805448 -56.046066096602125
5.9190443682977785 -2.2969815395891025 1.8557684484646022 -56.04658226151825
5.89061407229233 -2.295898194812717 1.8511262474440366 -56.04707915544418
5.862109771817287 -2.2948414814182314 1.8465050502488667 -56.04755518138917
5.833532090869013 -2.29381502820539 1.8419057809569988 -56.048014980917685
5.804881673490346 -2.292810636768975 1.8373302724239693 -56.04845149574216
5.776159177441206 -2.2918250059869916 1.8327803186264782 -56.04886278699549
5.7473652793634775 -2.290857397661202 1.8282577410565284 -56.049249637347856
5.718500674051235 -2.2899084096957383 1.823764424188125 -56.04961427430832
5.689566071198999 -2.288979389597103 1.8193023088221991 -56.04995973897498
5.660562191185821 -2.2880720063742976 1.8148733638219405 -56.050289415354605
5.631489760728046 -2.287185744775644 1.8104796404911339 -56.05060447461207
5.602349510548127 -2.286315730385453 1.8061233073496876 -56.05090166050511
5.573142161296219 -2.285458549185941 1.8018065077692145 -56.05117911229532
5.543868416330682 -2.28461534947831 1.797531214961102 -56.05143944489296
5.514528973348843 -2.2837876938917177 1.7932991427191751 -56.05168555666961
5.485124526887502 -2.2829765313481865 1.7891116952115877 -56.051919597903456
5.45565576853441 -2.2821820132056843 1.7849699536626547 -56.0521427970133
5.426123386817534 -2.281403664964102 1.7808746863233151 -56.05235564918477
5.396528067364736 -2.2806405860049574 1.7768263777767264 -56.052558134430846
5.366870493320766 -2.279891439787588 1.772825279338592 -56.05274972655192
5.337151346158741 -2.279153704799309 1.7688714937280894 -56.05292866003573
5.307371307827514 -2.278423307224681 1.7649650504689813 -56.053091592758065
5.277531064509316 -2.2776976827039936 1.7611058778205044 -56.053236734730255
5.2476313040470135 -2.276975954812164 1.7572939013959143 -56.053364018802576
5.21767271468838 -2.2762584610309013 1.7535290903807734 -56.0534746117711
5.18765598383727 -2.2755462972176432 1.7498114676094356 -56.05357044268193
5.157581796741467 -2.2748409546997044 1.7461410931362535 -56.05365382465008
5.1274508352072035 -2.2741439066158162 1.7425180433697443 -56.05372702813109
5.097263776472844 -2.2734564753258852 1.7389423774612172 -56.053792138742224
5.067021292358424 -2.272779590940274 1.7354141143133923 -56.05385080980978
5.036724048831643 -2.272114736412946 1.7319331770639308 -56.05390520500324
5.006372705183142 -2.271461766417155 1.7284994573900487 -56.05395581717707
4.97596791330858 -2.2708192854828195 1.7251127869488785 -56.05400184747928
4.945510318776683 -2.2701864326930403 1.7217728817746258 -56.05404299497276
4.915000562696438 -2.2695625789900444 1.718479371804529 -56.05407916184647
4.88443928289865 -2.268947109926813 1.7152318339027943 -56.05411024400387
4.853827114813529 -2.2683394758878332 1.7120298165774248 -56.05413618813947
4.823164692347347 -2.2677521254819824 1.7088724439436878 -56.05416991706247
4.792452640262219 -2.2671849817313388 1.7057592402345787 -56.054211831053784
4.761691582390348 -2.2666367870901905 1.7026898014937728 -56.05426115143133
4.730882143446718 -2.26610645233446 1.6996637674064843 -56.05431727251106
4.700024949663688 -2.2655929771782284 1.6966808328188034 -56.05437968484723
4.669120629203431 -2.2650954673914705 1.6937407546721173 -56.054447993808836
4.638169812375001 -2.2646130578242376 1.690843357976947 -56.05452184302218
4.607173131927961 -2.264144950853692 1.6879885320812418 -56.05460095216176
4.576131223093326 -2.263690360170204 1.6851762290066508 -56.054685059607564
4.545044723607094 -2.263248579076088 1.6824064556585123 -56.05477398898204
4.513914273683606 -2.2628175119107237 1.6796793058715835 -56.054866181799866
4.482740513645914 -2.2623949419697245 1.6769947463640913 -56.0549599263982
4.451524084808571 -2.2619807415460866 1.674352498687831 -56.05505555887422
4.420265640723708 -2.2615757033074053 1.6717525600125396 -56.05515438319473
4.38896585039218 -2.261180683699673 1.6691951695631515 -56.0552578163656
4.357625398337838 -2.2607963858677875 1.6666807550637643 -56.055367163334274
4.326244983430025 -2.2604231171807925 1.6642098912967607 -56.05548336471548
4.294825317306398 -2.2600608831542397 1.6617832539339223 -56.05560707927871
4.2633671226857555 -2.2597068925464 1.659401637514941 -56.0557361848772
4.231871132848754 -2.2593562530627245 1.6570659023243306 -56.055866463216596
4.2003380878411605 -2.259007082231775 1.6547767251790368 -56.05599667055872
4.168768727739853 -2.258658942657477 1.652534482498061 -56.056126948112244
4.137163793259402 -2.2583118758458496 1.6503393236423094 -56.0562578693211
4.105524026756095 -2.2579652404022945 1.6481912877813414 -56.0563892957593
4.073850173168063 -2.257618646833873 1.646090363674396 -56.05652132029251
4.042142979499153 -2.2572777766117027 1.6440363988266002 -56.05666007234105
4.010403191135068 -2.256941976895041 1.6420293645146293 -56.056805346230995
3.9786315463256887 -2.256607047654851 1.6400694475229807 -56.05695338341613
3.946828781854744 -2.2562696229125043 1.6381569407737724 -56.05710125090119
3.914995640179715 -2.2559313704792348 1.6362920601271131 -56.05725103382174
3.883132872791613 -2.2555862045466064 1.6344746518215396 -56.057397030911645
3.8512412349536955 -2.2552355562303714 1.6327039374054253 -56.057540965948995
3.819321484337159 -2.254879624918062 1.6309790686385992 -56.057683313522155
3.7873743746068564 -2.254518155959124 1.6292993264201878 -56.05782408329938
3.755400652939673 -2.254150755505343 1.627664263117408 -56.05796314753878
3.72340105964084 -2.2537771277940597 1.6260738003896675 -56.05810049261148
3.6913763288569434 -2.2533967978113 1.6245282893338493 -56.05823595553294
3.6593271902190083 -2.2530076810059647 1.6230285314043127 -56.058367806162465
3.627254370695277 -2.252606905589686 1.6215760369221388 -56.05849361369912
3.595158601703568 -2.2521928128994038 1.6201732098355777 -56.05861229517535
3.5630406305567037 -2.2517646317220663 1.6188231084670877 -56.05872379082303
3.5309012294218483 -2.2513225312609735 1.6175290793554433 -56.05882908844564
3.498741201222827 -2.2508676031862143 1.616294283177606 -56.058930149013314
3.4665613814522813 -2.2504017121293773 1.6151211633074627 -56.05902967724876
3.4343626349569796 -2.2499277916510954 1.6140109172840702 -56.05913132017696
3.4021458470437604 -2.2494571582212193 1.6129629848943372 -56.059246865458164
3.3699119065891514 -2.2489869847999993 1.611974988796736 -56.05937366283841
3.337661692009631 -2.2485058514433174 1.6110426811894132 -56.05950010255027
3.305396053625431 -2.2480133636427584 1.6101600496609318 -56.05962518362361
3.27311579452102 -2.2474963233298735 1.6093200081775445 -56.059734777043815
3.240821651587054 -2.2469551392205767 1.6085150921205336 -56.05982807915317
3.2085142881374367 -2.246374064011566 1.6077373643043276 -56.05988788901958
3.1761942798015843 -2.245763759777606 1.6069784625899681 -56.05992316377753
3.143862112986494 -2.245104550226621 1.6062295098988948 -56.05991238966158
3.1115181505738776 -2.244376941101609 1.6054817114762527 -56.059834108539995
3.0791625729966583 -2.243637053496385 1.6047256741986737 -56.05974221065908
3.04679533654157 -2.242927026823657 1.60395217747672 -56.05967658639514
3.0144161204820565 -2.242250085176211 1.6031535997954853 -56.05963816211645
2.9820243997829965 -2.2415864253973234 1.6023275494952163 -56.059605538591825
2.9496195539465235 -2.240919826373917 1.6014775104909307 -56.0595620537916
2.91720098115525 -2.2402354547784036 1.6006112028459634 -56.05949367890738
2.88476818644708 -2.239515899061758 1.5997388670139834 -56.05938499493099
2.8523208399827262 -2.2387921098365586 1.598871990759966 -56.059269986103516
2.8198588194097485 -2.2381614923578836 1.5980209659396893 -56.059249787181564
2.7873822825874006 -2.237699310901508 1.5971997436353909 -56.05940490269744
2.754891608064815 -2.237422577307774 1.596428695608752 -56.05975881407551
2.7223874337725165 -2.237060633399945 1.595733778379356 -56.060048170629194
2.68987083316843 -2.2366038807130724 1.5951373879707524 -56.06026951124869
2.657343458739314 -2.2361857612091725 1.5946529496681758 -56.06056150681153
2.6248076047749054 -2.2358325675277673 1.5942806543639658 -56.06095444199247
2.592265874580911 -2.235502067645134 1.5940118976745024 -56.06140762948733
2.5597209501066103 -2.2351291165414 1.5938324421681447 -56.061854525743534
2.5271753802234893 -2.2346684289573044 1.5937260449983097 -56.06224593876498
2.4946314605255853 -2.234000439521382 1.5936776470551497 -56.06245669573475
2.4620912175444065 -2.2332161353621167 1.5936760421027667 -56.0625715239595
2.429556403185737 -2.2322237698877663 1.593715227307658 -56.06249248390255
2.397028463702498 -2.230550421755343 1.593800081657819 -56.0617412314739
2.3645087232101996 -2.2280893890283546 1.5939449125982708 -56.060208186566676
2.3319984799608857 -2.2250664561699653 1.5941638139928507 -56.05811853678734
2.2994988092670945 -2.222468552796467 1.594473579129121 -56.05646041894812
2.267010493180038 -2.220712363795053 1.5948883451033478 -56.05565091789125
2.234533958380645 -2.2192174291682716 1.5954135255234296 -56.05510723758932
2.202069247824895 -2.217547344996707 1.5960484994949973 -56.05438927501635
2.1696162063627638 -2.215582714113201 1.5967866841738394 -56.05337445937358
2.1371746392234723 -2.2132907784279565 1.597616638489752 -56.05202803386845
2.104744372620786 -2.2106788289145887 1.5985241794923322 -56.05035654260012
2.0723252607593086 -2.2077374725258343 1.599493912004594 -56.04835086750305
2.039917189400565 -2.2044256035767904 1.6005066490279216 -56.04597074029709
2.0075200104347024 -2.2011295431186446 1.601542911345378 -56.043603895227385
1.9751333877442971 -2.1981560485967 1.6025764153507598 -56.04155714166102
1.9427566946521027 -2.195553675156001 1.6035729905553646 -56.03987685142885
1.9103890452714896 -2.1932830805680767 1.6044986941244188 -56.03852061866375
1.8780294274719753 -2.1915176271767556 1.605330696186654 -56.03766021594065
1.845676741958226 -2.1906912963255656 1.6060572735368 -56.037729522974765
1.813329842000856 -2.190084561830944 1.6066691040632037 -56.03800882632876
1.7809878009356812 -2.189641867081595 1.6071760765575571 -56.03844412576117
1.7486499493200724 -2.189305896015338 1.607597387031283 -56.03898019264396
1.7163159450398473 -2.189076036127894 1.6079610264672042 -56.03961828916802
1.6839858476104304 -2.1888417871719748 1.6082990865444449 -56.04024893449371
1.6516602114519496 -2.188622507572981 1.6086458216446686 -56.04089158660579
1.619340257553743 -2.188351154883001 1.6090336459296686 -56.04148038986993
1.5870277712693703 -2.187959839384421 1.609494123284129 -56.04194878228768
1.5547250474067744 -2.187525827228261 1.610056483088444 -56.0423755718267
1.522434750678397 -2.1870283567693254 1.6107504961989083 -56.04274171363054
1.4901597887621054 -2.186461060233881 1.611606418950521 -56.043041491473325
1.4579032621764023 -2.1858220834364577 1.6126543763394643 -56.043272651730575
1.4256684248649714 -2.1849966350777867 1.6139239819273556 -56.043319019388754
1.3934586592524882 -2.1841840047797825 1.6154486932779242 -56.04337878527945
1.361277461841766 -2.18350070880133 1.6172544769806538 -56.04356703581906
1.329128308502119 -2.1828159138916043 1.619358087233645 -56.04374926182778
1.2970145669919282 -2.182006109333104 1.621772562165145 -56.04379653722154
1.2649394877991054 -2.1811691435042437 1.624508127046631 -56.04380166741724
1.232906157807412 -2.1787460282956768 1.6275234482821006 -56.04219613839825
1.2009172323591373 -2.174739077514693 1.6308063361390195 -56.03897880553953
1.168974983500599 -2.1695959842934958 1.6343450336219767 -56.0345963793438
1.1370812356331796 -2.164407337062335 1.6381316813082816 -56.03013971413092
1.1052373030135647 -2.1597031243486233 1.6421239715875506 -56.026135161173876
1.0734437831231785 -2.1570321364753293 1.6462977590973922 -56.02412912788719
1.0417004372964778 -2.1569203923715783 1.6505682984291365 -56.02463905201739
1.0100056993074764 -2.1575148564638345 1.6547595221292994 -56.02578707183651
