7.729506272044261 -1.0668104441011854 0.8535046247191885 -12.73819956865644
7.628321452386558 -1.0803566105170148 0.8536513240848539 -12.743877131152905
7.52711340309584 -1.0899115074900327 0.8555978701116901 -12.744341762058468
7.425920532474776 -1.0865367297302952 0.85899445615784 -12.732729815799514
7.324761293989851 -1.0907935634194557 0.8640469239405304 -12.728254132635271
7.223663510742382 -1.0934061921239118 0.8700423370315487 -12.72355957333292
7.122642825513546 -1.098727564970942 0.8766681758913629 -12.723282441043335
7.021707460715817 -1.0987132537183733 0.8829277166537198 -12.72040992427449
6.920847399722166 -1.0964418787321446 0.8883901636648067 -12.718064600648681
6.820053426014412 -1.0936506569674498 0.8926704330675469 -12.718067552670782
6.719301569437714 -1.090556950585509 0.8953908146384801 -12.720660843345094
6.618563791517408 -1.0880910706181042 0.8962259571378012 -12.726803342051845
6.517807235871185 -1.084118549324857 0.8949577770890875 -12.734228566310792
6.4169979439081635 -1.0786840059068157 0.8914121164256632 -12.742958128420312
6.316112867790451 -1.0720608279152406 0.8854411979200189 -12.753344875068624
6.215125886422272 -1.0639820305220111 0.8769289701641236 -12.765204529215412
6.114000256179461 -1.053545656507044 0.8658476944319918 -12.777584788391508
6.0126941710308754 -1.040226452202686 0.8521746920309218 -12.789927115915246
5.911168441123368 -1.0244006255649074 0.8357458211608562 -12.80279480770405
5.80938309035075 -1.0055261062972451 0.8165614489795149 -12.815617470246382
5.707295098184351 -0.9822469436932852 0.794941044996454 -12.826628156846592
5.604859719053049 -0.9524581773524355 0.7717656664828296 -12.832605203014433
5.502044526789267 -0.9180352809385286 0.7468281560453447 -12.835718088002038
5.398825270862531 -0.8774212305503181 0.7214180395355295 -12.832733452898559
5.29519728885779 -0.83154320153037 0.6960338341971322 -12.824007938959934
5.191168662201682 -0.7832722264982682 0.6701891900033057 -12.81349605561683
5.086754969113643 -0.736710280919289 0.6426010316610622 -12.808099650826179
4.981945093821683 -0.6826905424432508 0.619280306958322 -12.792430468484454
4.876761263884457 -0.6233643657399579 0.5999235187984964 -12.768664149367966
4.77124520819098 -0.56744153164233 0.5806710773730785 -12.7514192064337
4.665399812180415 -0.5089857443878378 0.5648412806297657 -12.729854139966514
4.559242281599444 -0.4512733395630326 0.5511513942271309 -12.709388900896528
4.452776120513749 -0.39466323842237455 0.5396367987753313 -12.690457127278366
4.346008313323684 -0.3395731890648933 0.5303148146894427 -12.67351991570896
4.238947775038212 -0.28682901824884355 0.5230789590421415 -12.659804915499356
4.131605289727336 -0.23589208567347844 0.5181048885663839 -12.64806162374936
4.023997287463972 -0.18626028393107583 0.5154087154352687 -12.636986229854056
3.9161435806977165 -0.1400746953059427 0.5146959979749322 -12.629814548505943
3.8080581785475602 -0.09670188025637863 0.5159321456808564 -12.62508410675736
3.699755084389947 -0.05664206673795735 0.5189012662085168 -12.623399848656852
3.5912443054167436 -0.019055208336497053 0.5233519863826842 -12.623307409603953
3.4825351228720764 0.017141515335545077 0.5289369800649382 -12.622975974666062
3.373637937035503 0.051810187530574585 0.5352369460439098 -12.622579367498261
3.2645678933432145 0.08415213064613557 0.541893342818923 -12.623300184653191
3.155340512319018 0.11484134596439878 0.548508846190625 -12.624212618030816
3.045959281761476 0.14400468247408985 0.5546983782390907 -12.625337350695162
2.936420926889101 0.17189216643596208 0.5601416758365467 -12.62652106835456
2.826719575354541 0.19863911238487258 0.5646195602908234 -12.62765424332361
2.7168516696371534 0.22320765035609 0.5680418322154291 -12.63010463906627
2.60681583296137 0.24594524106565593 0.5703585095902106 -12.633249054149921
2.4966188649836276 0.2662613439416876 0.5715532949576376 -12.63776893875983
2.386268439871624 0.2838325158350822 0.5716375088571275 -12.644041988916612
2.2757729971008103 0.2992164471612032 0.5706997492369297 -12.65132836483945
2.1651436145980023 0.3124565961769304 0.5688532578227633 -12.659564450315095
2.0543936889115555 0.3238851120368295 0.5662612982260571 -12.668297410914832
1.9435383904637347 0.33536728879738664 0.563256663539984 -12.675170411052896
1.8325953161644126 0.3470292132650471 0.5600616048033286 -12.679982955696689
1.7215835248228923 0.3572798087811539 0.556779796585062 -12.684533636543001
1.6105214443024556 0.3660700966705904 0.5536875751369231 -12.688690899962747
1.4994280828861546 0.3741412589349547 0.5511377586552237 -12.691452022287484
1.3883239952891315 0.38166379803852185 0.5494450503756777 -12.692454266988067
1.2772330640821754 0.387032707339661 0.548819857714389 -12.693334663788285
1.1661805771472762 0.3895647821113683 0.5496241902633907 -12.694804963737665
1.0551931615439794 0.39069791997479353 0.552476219553764 -12.69544838933869
