7.888985518495369 -0.08950010475685674 1.8213361678720381 -20.389509602935405
7.788018102552268 -0.09171891225943328 1.817964639213049 -20.39338253135935
7.686955891940373 -0.09684829869878277 1.8145747862948127 -20.39981061361661
7.585853893360373 -0.08514984013819375 1.812637048694756 -20.389211199630104
7.484755581661101 -0.08272205298071786 1.8115056687745965 -20.387630140975375
7.38368920840221 -0.07905256248639382 1.8118136984472917 -20.38472016230203
7.2826905564854485 -0.07724066563447476 1.813649754452103 -20.383666560382984
7.1817838344309965 -0.07958607392327342 1.8169924211535515 -20.386860108850506
7.080959952922667 -0.07804276600364762 1.8215058901204313 -20.386402882502125
6.980194916801215 -0.07721234429276333 1.82695637676639 -20.38693636541595
6.8794663109208125 -0.0793337917590823 1.8329903431015224 -20.390751175800077
6.778746032356982 -0.0841791408778318 1.8391886471608667 -20.397662679487567
6.6780028885346185 -0.09113354614558039 1.845165748135143 -20.407088431508043
6.577213508092601 -0.0998930345433709 1.8506256772885012 -20.41875151876232
6.476352496188221 -0.10960582029472715 1.855279923266441 -20.431816675906944
6.375389275799468 -0.12008147021383812 1.858863825857754 -20.44610756528447
6.274285014834085 -0.13079018955131186 1.861100562139121 -20.46109405225588
6.172999885796832 -0.14217678109013318 1.8617212147631284 -20.47723366964027
6.0714971173056975 -0.15333667009816995 1.8605051722932096 -20.49359818041051
5.96973557575841 -0.1629963123989245 1.8573377674975078 -20.508857835742774
5.867669440894439 -0.16947279395210557 1.8522602014642682 -20.521222518652067
5.765255929891811 -0.17192917968001442 1.8453997592509037 -20.52974021053373
5.662457944930399 -0.17229855492340834 1.8366793013377738 -20.536315932804243
5.559238435386434 -0.16700024154350865 1.826684155552574 -20.53709177032374
5.455585265500751 -0.1515263094302968 1.8165580045462915 -20.527223098882068
5.351526251429274 -0.13848338726539133 1.8051425729512642 -20.5197694715147
5.247062723001217 -0.12824581725055617 1.7933493598281398 -20.515029975497278
5.142170398926028 -0.10236030453241506 1.784777659418859 -20.493672103256316
5.036910656131803 -0.08226419725849404 1.7763411692022775 -20.477968744182718
4.931291950106464 -0.056093305873471465 1.7700235058087925 -20.45559205981371
4.825343950280764 -0.03192458278367825 1.7648953192838175 -20.434903533250065
4.719054851585803 -0.010063097613235008 1.7610803324116926 -20.416214545478937
4.6124211792737775 0.01152593866965942 1.758807614304719 -20.39744447195328
4.50544779910413 0.031195887300566032 1.7579686577469762 -20.380299819550395
4.398144116636567 0.04731761737407765 1.7585412702545653 -20.36646747521553
4.290531159642268 0.060482904030965866 1.7606040281416482 -20.355372150848865
4.182634250642675 0.07253367249293473 1.7640953895802611 -20.345169743940204
4.074481002365259 0.08496337340767499 1.7688305566640037 -20.3343728736399
3.966100696724347 0.09367420434854258 1.774769441019721 -20.32716084818039
3.8575142552069788 0.09559094373682704 1.7819468528326845 -20.32667365324135
3.748735280610988 0.09309286386688598 1.7900943950058756 -20.33052955442927
3.6397775165234973 0.09334562332089255 1.7984937149423743 -20.331499414735255
3.5306628607894948 0.09462554874811906 1.80681712913518 -20.331328109171046
3.4214158497173126 0.09492161570017434 1.8148190219806695 -20.332046409122192
3.3120434283265103 0.09313663963039662 1.822149894569271 -20.334760279132
3.202540996369422 0.08945579520099 1.8284546337261542 -20.33927791688093
3.0928981324501597 0.08540283442011484 1.833335662262924 -20.34405691553947
2.983104709188978 0.08069325914243587 1.8364724890744515 -20.349375024645973
2.8731518556560323 0.07628797339507844 1.8376574504428793 -20.35425995237579
2.7630396411749403 0.0746082766217525 1.8370200755651507 -20.356274927104366
2.6527797591733258 0.07038489223847921 1.8345021007944704 -20.360706966519388
2.54237609436672 0.06226256742888451 1.830144704709927 -20.368925650109098
2.431828945076038 0.05486778602955448 1.8245599709324103 -20.37631359024317
2.3211435974434123 0.04532980987598477 1.8178151625266952 -20.38576333952949
2.2103279566413847 0.036892142881774566 1.8105887715824591 -20.394050729582972
2.099397851537221 0.032529173504495454 1.803608127715568 -20.398211906192365
1.9883746171910415 0.032037001622111136 1.7972510632469716 -20.398447481835667
1.877277051731025 0.034723924529549546 1.791854070581073 -20.395441766324858
1.7661277961345043 0.036953062634653575 1.7874354871018308 -20.392814567957636
1.6549382845937635 0.039016294342206444 1.7843382798126155 -20.39027816045403
1.5437140745798001 0.04070136343027983 1.7827942169017912 -20.388052265710726
1.4324590768224466 0.04195762207019399 1.782978067120031 -20.386199202522356
1.32117772726194 0.04266208517325287 1.7850122326313107 -20.38485603804841
1.2098751600833075 0.042824497192128386 1.7890014526640632 -20.384031863611384
1.098557808512981 0.04251224621736124 1.7950528045589813 -20.383683902075575
