7.7554568306102265 1.47815130701595 1.2383792418961965 -47.30215872037006
7.7278544897215316 1.4811544136444863 1.238512571318765 -47.3002516422871
7.70024397657043 1.4849281753472567 1.2391703832598926 -47.2977085299516
7.672621604965831 1.4888785722334 1.2402823339980698 -47.29507827093095
7.644984459361322 1.4930083571626487 1.2417588862818743 -47.292312385602706
7.617330275837661 1.4947472694829367 1.2435476912562546 -47.29196089297078
7.589657519265356 1.4960920278044358 1.2454837360590971 -47.29197025363235
7.561965435845524 1.4967688861270088 1.2473966944241965 -47.29257498573781
7.53425400687071 1.4967657359926945 1.2490881342681113 -47.2937409555919
7.506524262391587 1.497601391421625 1.2503362187535338 -47.293890036069335
7.478779189304736 1.499164345947713 1.250982187243809 -47.293094347563695
7.451023000743304 1.500583470962164 1.2509074577556123 -47.292190549755446
7.423261581548529 1.5015955080921197 1.250028370633377 -47.291412317161715
7.395502191698735 1.5021330004285403 1.2482911373440064 -47.29080276543858
7.36775292738658 1.5020905287624788 1.2456703045995876 -47.290451144619134
7.340022437581828 1.5014310531708537 1.2421684330447729 -47.29038914134521
7.312319607976655 1.5001727284471833 1.2378132451097417 -47.29060351674242
7.284653295183293 1.4981958036581817 1.2326451956121078 -47.29122572774754
7.257032107804012 1.4954777814767155 1.2267208363853925 -47.292300131776074
7.229464153094229 1.4929103977837972 1.2201603546944886 -47.29298744712639
7.201955879150943 1.4902586656591845 1.2130209840439399 -47.29355779847929
7.174512928292507 1.4880103040385348 1.2053990539077788 -47.29358387356064
7.147140134014808 1.4871995014586492 1.1974409720337087 -47.29211826581228
7.119841589780121 1.487208613588207 1.189170666230165 -47.28982126091861
7.092621775698662 1.488090254358868 1.180682141613922 -47.286697272907965
7.0654838311513615 1.4888942057073218 1.1719949210723337 -47.28372598776662
7.038430523010495 1.48721425929741 1.1630040946777702 -47.28332543720549
7.0114645402922005 1.4843223794859872 1.1539429875337701 -47.28435675778641
6.984584692892608 1.4812901475522637 1.14502387824717 -47.28587254806732
6.957787233727454 1.4788125143637094 1.1364085890596476 -47.28728061783154
6.931067795000566 1.4771209665102623 1.1281924721182817 -47.28842125042435
6.9044218056833735 1.4763375947815596 1.1204381256868379 -47.289210914791006
6.877844880229432 1.4763293357907956 1.1131708328382903 -47.28978698962922
6.85133333988931 1.4783166515625905 1.1064978488032078 -47.288902851459845
6.8248830056704515 1.4836106745447686 1.1005102310786041 -47.285173773705424
6.79848962034014 1.4907162011048196 1.0951316098851454 -47.28002584474257
6.772150631921508 1.4979443940574213 1.0902951024277616 -47.27508339169271
6.745863409559524 1.5052872844708007 1.0860312092870725 -47.27025206761682
6.719624178567134 1.5111589466568724 1.0822672611310098 -47.267035893995974
6.693429195643598 1.5131073189080064 1.0788534696454228 -47.267802477018925
6.667276091837929 1.5148409128173763 1.0757663686247918 -47.268614607658876
6.64116151461956 1.5156247748668252 1.0727521134155873 -47.27010347172671
6.615083835594771 1.5156023510298846 1.0695823277816876 -47.272046739017384
6.58904149938085 1.5147282529515176 1.066074690230649 -47.27440508153973
6.563033769167509 1.512780484778661 1.0621069033299926 -47.27731638845946
6.537060704303734 1.5101361454424556 1.057641338889119 -47.280321583439765
6.5111237425478246 1.5068995579089535 1.0526720760353694 -47.28324394532168
6.485225495978315 1.5038780183517297 1.047264091407449 -47.28523591340135
6.459369088571376 1.5017489052773982 1.041506528667253 -47.285628596044646
6.433558064817275 1.4999402935455912 1.0354309494590463 -47.28502318549002
6.4077970077349615 1.4977679925509555 1.0290637655204156 -47.2841706786251
6.382091400121307 1.4964342043584786 1.0225334646941349 -47.28205632942104
6.356445697644603 1.4970709523537313 1.0159283412335025 -47.27779260229142
6.330863859591343 1.4990813713130364 1.009155742108968 -47.27215492075609
6.305351136319616 1.4980799897103982 1.00186162569865 -47.269520327898924
6.279915335156414 1.4935293764237345 0.9939813261256899 -47.270566335039064
6.254562762703857 1.48906093521631 0.9858133747482327 -47.27196420775694
6.2292950445131945 1.4850665201517355 0.9774361660689789 -47.273472320356895
6.204112748331849 1.482100971957131 0.968951415292373 -47.27465992953138
6.1790153149929665 1.4801388257135277 0.9604177643785606 -47.27562686155694
6.15400155382284 1.479100054083291 0.9518858077403634 -47.27648273128147
6.1290700000693255 1.4790043742475751 0.9434198772356884 -47.2771986903652
6.104219337622335 1.480175203022895 0.9351194576877148 -47.27740650649116
6.079448456681073 1.4832762780156485 0.927118076898027 -47.276368146847354
6.05475572123539 1.488333779994579 0.919492430107653 -47.2739679491217
6.030139073531632 1.4951975966386897 0.9122958170478717 -47.27025332292034
6.005596000824681 1.5026343673787859 0.9054885633207329 -47.26634978456326
5.981124954513125 1.508797983772324 0.8989879292822345 -47.26399848415121
5.956725048112515 1.5118485842001308 0.8927113394725258 -47.26492090894775
5.9323956558581985 1.514294385067025 0.8867773869096572 -47.26631832396396
5.908133694819535 1.5163610771020601 0.8810582474142725 -47.26779006685911
5.883936161006845 1.5174451366758228 0.8753617033943942 -47.26985077488712
5.859801229276526 1.51802411274436 0.8695805861820228 -47.27194725628621
5.835727307590432 1.5186177906676774 0.8636459700599622 -47.27347393345314
5.811713340653993 1.5189513249675917 0.8574991686730982 -47.27463479076025
5.787758913278236 1.518697363224917 0.8511141818023208 -47.27569796356617
5.763864396570691 1.5177011922095291 0.8444952008211936 -47.276779335312156
5.740030768396568 1.5158798244120635 0.8376616174854089 -47.27795412648062
5.716259488115322 1.5133743366079166 0.8306550130444779 -47.279116879808974
5.692552385609028 1.5101815546047954 0.823504195260868 -47.280350081341425
5.668911431361288 1.5071843141814105 0.8162884996377769 -47.28092803706394
5.64533780930931 1.5069713202870834 0.8092028370262702 -47.278517511633076
5.62183169576487 1.5080917764886008 0.8021530858242784 -47.27471836433323
5.598395218011156 1.5071563583021195 0.7949039469229632 -47.27300385677108
5.575031735239491 1.503965676091964 0.7874690137240652 -47.27376126064464
5.551743068270975 1.50050597817935 0.7800745476001304 -47.27520566298676
5.528527879078032 1.497469320429726 0.7728489851175757 -47.27679862716852
5.505383095397565 1.495191113931856 0.7658825701164029 -47.27833409290977
5.482304898073089 1.4937867598705086 0.7592329305797416 -47.279797221385955
5.459289537366572 1.4934929572344766 0.7529546627778856 -47.28101563855599
5.436333058067739 1.4943259730036624 0.7470740175574218 -47.28197970171677
5.4134318376760735 1.4963691469301916 0.7416108471213613 -47.2825623098479
5.390582603389452 1.500658384246536 0.7366272887405765 -47.2816133273277
5.36778189471891 1.5079932138704875 0.7321629628289886 -47.27817385809861
5.3450261321557 1.5165658369224144 0.7281285901275559 -47.27395376609834
5.3223130886317 1.525062729828056 0.7244564364314083 -47.27015345150744
5.299640884804811 1.530882232973278 0.7210136826627332 -47.26929597108021
5.277008604288341 1.534217425522319 0.7177416203124934 -47.27096256853687
5.254415517142872 1.5368702117422495 0.714566828237086 -47.27308595070746
5.2318604251725365 1.5381144483538365 0.7112962077317473 -47.27628850915908
5.209343412515306 1.5393369269135164 0.7078245405153628 -47.27903251712054
5.186864387804052 1.5408692230859902 0.7040582388063507 -47.280846678851006
5.164423960535404 1.5423441729705918 0.6999461952734317 -47.2819795860624
5.142023333862733 1.5429528560413324 0.6954500314306654 -47.28312774139905
5.1196642847532665 1.5427348662353935 0.6905800652245078 -47.2841406987297
5.097348892655767 1.5418158229764218 0.6853620252907943 -47.284821433569114
5.075079679457392 1.54016716527444 0.679827570547758 -47.28517826386254
5.052859564900054 1.537804847382098 0.6740202674954031 -47.285242746558566
5.030691773670925 1.5339965652368939 0.6679366797224843 -47.28583820750767
5.008580050586378 1.5299735870966094 0.6616850400062879 -47.28597441932845
4.986526742681718 1.5277196571144551 0.6554129439038225 -47.28402804305446
4.964533479706615 1.528402772380905 0.6491992785780156 -47.27919860893831
4.942601756252527 1.526475150681464 0.6426811345864005 -47.27704592027591
4.920736041951831 1.522184577411867 0.6358957245160451 -47.27755975513729
4.898939058330031 1.5178197927506591 0.6290566488175741 -47.27874951327758
4.877210585205182 1.5141204245463225 0.6222832505901682 -47.28007817514474
4.855548856807204 1.5112828657356254 0.6156597539561771 -47.2815046911314
4.833951279956716 1.5096341136374478 0.6092726217999571 -47.2828279335886
4.81241472602385 1.5092535682102386 0.6031784383188181 -47.28403323917384
4.790936062612502 1.5101860570992254 0.5974252070166479 -47.2850898762185
4.769512209990352 1.5123997783054888 0.5920509836937395 -47.28599425163018
4.748140049055593 1.5167987031675643 0.5871348908298554 -47.28571748108249
4.726816092405675 1.5237435210399628 0.5827128765010283 -47.2837220923419
4.705536783952377 1.5335996336869584 0.578813352718045 -47.27941950946688
4.684298679950166 1.543850644771756 0.5753307160895228 -47.27523073327427
4.66309937886196 1.5538004272715455 0.5722325090319997 -47.271649830947396
4.641936417776115 1.5595954346640275 0.56936074965908 -47.27248176630841
4.620808134081372 1.5643727493475532 0.5667270429142665 -47.274105818686984
4.599712507990148 1.5682386432508055 0.5641903908835639 -47.27618469006239
4.578648144008674 1.5706767234857864 0.5615818927140186 -47.27910468639734
4.557614716836598 1.5726621077790777 0.5587849182379825 -47.28173747135771
4.536612207172373 1.574383965165197 0.5557019065207706 -47.28376307900678
4.515641719029706 1.5757697180852166 0.5522815536913213 -47.2851277474279
4.494704851707825 1.5765005374568772 0.5485007570050519 -47.28604768363795
4.473803620744735 1.5762260008289515 0.5443539079328694 -47.28679315960693
4.452940559481123 1.5749286880916002 0.5398623637569042 -47.287344819573434
4.432118490462346 1.5724525048768505 0.5350515378775816 -47.28788708266724
4.411340519047265 1.568593725033278 0.5299486703537841 -47.28872134051788
4.390609591521355 1.5638826069205602 0.5246159262957658 -47.28953851864333
4.369927944198315 1.5595820862648149 0.5191508975870844 -47.28940352630664
4.349297251855915 1.5573959828133919 0.5136610317756781 -47.2870334416405
4.328719167315548 1.5562949190284843 0.5080797421193379 -47.28373075140526
4.3081961657132455 1.5534713233939785 0.502263699756484 -47.282419024507576
4.287731318841733 1.5494997946857236 0.49628952284021643 -47.28274299770928
4.267326136905097 1.5455357389928008 0.49029572749886774 -47.28378475369731
4.246980259245182 1.5420747872289224 0.4843921371252851 -47.285222031930765
4.2266920291947505 1.5396938584598865 0.4786936906650366 -47.28662720739525
4.206458718562021 1.5386149271674274 0.47328458467992063 -47.28789826065006
4.186277130489538 1.5389136649637787 0.4682272514615422 -47.289027897067015
4.1661439209384685 1.5405703581641335 0.4635705436996779 -47.290054391948104
4.146055601965731 1.5437801440846601 0.45936325468250505 -47.29073230745728
4.126008442238327 1.5495444422342173 0.4556721614681254 -47.289901322579134
4.105998337150558 1.5580238351116695 0.45251536385744145 -47.28718630469467
4.086021369317929 1.5684521521626789 0.449872806397298 -47.283128228652615
4.066073978160804 1.5788623947753395 0.44768008153676775 -47.279540076236955
4.046152794349068 1.588908882072282 0.44590494437830314 -47.27651308416376
4.02625422236805 1.595557974826892 0.44442838317496497 -47.27695285202966
4.006375434052947 1.601063819210462 0.4431906016028753 -47.278143144175324
3.9865142993458282 1.6054931315339542 0.4420573122676965 -47.27979074572888
3.9666694599390304 1.608246026759824 0.44087243330951525 -47.28239983313087
3.9468405150532297 1.6096672853414216 0.4394821554302215 -47.285518008572836
3.927028091431291 1.6108790328118916 0.43776344011184465 -47.28792379455771
3.907234116059712 1.6118180155450776 0.4356433674227483 -47.28957678873691
3.887461387549918 1.6122227968859257 0.4331032834514451 -47.29062676695457
3.8677130654687613 1.6117073705082001 0.43015148244045287 -47.29136880214438
3.8479924380386423 1.6101461840625988 0.426812936892496 -47.29189684594575
3.8283028767340475 1.607240758062337 0.4231140785706797 -47.29254704002615
3.8086476422620263 1.6032056608666967 0.41910348638384975 -47.293251097769556
3.789029481001645 1.5982818340049805 0.41482752050211824 -47.29399599378469
3.769450809853252 1.592950874493058 0.41033165766511415 -47.294602659478606
3.749913865146165 1.5882026885857667 0.40564711660542396 -47.29447896221192
3.730421017780065 1.5846067850216532 0.40077723434000423 -47.293413219567434
3.7109751590844735 1.5825468803389044 0.3957498486314283 -47.29127107871314
3.691578958165217 1.5807315338161403 0.39053711130737506 -47.28941604334673
3.6722348763094557 1.5792972291795953 0.3852015025960645 -47.287817946278864
3.652944438700822 1.577625778878326 0.3797851551772896 -47.28715969945075
3.633708403886553 1.5755046721021153 0.37436771296916577 -47.28777919345325
3.6145263812487185 1.5733389503179869 0.36907571277010576 -47.28938731275618
3.5953965195684825 1.5724552753579144 0.3640791838662589 -47.290783933832365
3.576315479307035 1.573165197142207 0.35947871740851745 -47.29175156637705
3.557279312644644 1.5754954162332673 0.35534680655358286 -47.29228940441897
3.5382837881327234 1.5791252158335158 0.3517422802564206 -47.29267480361875
3.519324375656558 1.5838722678606603 0.34871966482368216 -47.29298050935427
3.5003959738438586 1.5901195652384885 0.34632418433475826 -47.29263463009439
3.481493045093542 1.598273549652405 0.3445684747991955 -47.29096909865247
3.462610027458446 1.6081921131004893 0.3434160381362835 -47.287848803982676
3.4437417353114994 1.6189831295329828 0.34279258029577403 -47.28392536227037
3.42488365800592 1.6284128959971602 0.3426036529024951 -47.28128678631375
3.4060318147866333 1.6344938297544316 0.34275170656083764 -47.28175110878898
3.387182598242868 1.6396330898408245 0.34311400166584566 -47.28249899512574
3.3683339204887752 1.6434447347358978 0.3435488809822241 -47.28378389199112
3.349484905692374 1.6451051243333557 0.34389924991968207 -47.286460925076405
3.330635519758147 1.6455690499403532 0.34398516424053127 -47.28954242564617
3.3117873734725816 1.6449157379318406 0.343641471540155 -47.29292866149716
3.292944068205431 1.6438787865979294 0.3427692938349493 -47.29580064531198
3.274110178159254 1.642449311071637 0.34131898377885256 -47.298088126964466
3.255290813816639 1.6404480190515294 0.3392720285725789 -47.29991839586726
3.2364913886045064 1.6375517897889802 0.336633573851362 -47.301589454456504
3.2177173447468888 1.6338946032789643 0.33344738391791123 -47.30298632269316
3.1989738126729783 1.6297631565783646 0.32978462473306813 -47.30390309549105
3.1802652180849686 1.6252024360944852 0.3257134936202425 -47.30445033404194
3.1615953550142373 1.619883281012144 0.3212776417636859 -47.305165284807636
3.142967625459448 1.6146108501723568 0.31655081139877295 -47.30557862930268
3.1243848611341667 1.612850056983972 0.31173317404639195 -47.30274319680939
3.1058490941917114 1.6131510274444094 0.3068095937739333 -47.29831853673836
3.0873625883058615 1.6131460848421082 0.3017270811378754 -47.29477433405894
3.0689274317884343 1.6121648208287338 0.29653886817723096 -47.292926710539945
3.0505446412308723 1.6096294192093823 0.29132574292466695 -47.29351549024353
3.0322139314511487 1.6072741483217512 0.2863042670859086 -47.29504676862317
3.0139329747927484 1.606634582652282 0.28166907001891084 -47.29622798354988
2.9956979631427383 1.607873306316539 0.2775276966967636 -47.297034904409664
2.9775043921044864 1.6108376761664356 0.27397139116871244 -47.29767173350573
2.959347075455143 1.6155023385038958 0.2710802976203836 -47.29812751957441
2.9412200641411634 1.621709597465706 0.2689024550854965 -47.298445317091165
2.9231169243081334 1.6292815787006396 0.2674591745457616 -47.29854839260163
2.9050309936337984 1.6381950013568352 0.2667442808175599 -47.29807560077845
2.8869557212438357 1.6494852490818894 0.26671080259441865 -47.29545365368254
2.8688853578360645 1.6620170616076246 0.2672596922703398 -47.291467745721015
2.85081498466448 1.673429141024023 0.26829447835747083 -47.28827591822176
2.832740146900802 1.6808471969031034 0.26974402070431913 -47.28860122242231
2.814656149243983 1.68721870277572 0.27143725886535863 -47.288923512061956
2.796560393897233 1.691892767467622 0.2732375356928556 -47.289740161791435
2.778451394671701 1.6944295843528996 0.27499551239256376 -47.2914702367723
2.760328736780273 1.694952332220527 0.2765449773712149 -47.29401073088655
2.7421933547285344 1.6944840985673375 0.2777028731286919 -47.29635552413061
2.724048447241568 1.6930004599101829 0.2783463369038012 -47.29858259536492
2.705898485526456 1.690644500577515 0.27840892651645305 -47.300560867841085
2.687748603497648 1.6872808577323999 0.27785978182586085 -47.30245285306341
2.669604259631633 1.6828385081876778 0.2766930725913744 -47.30437821714862
2.65147101607478 1.6773341495387706 0.27492642058427885 -47.306394529691715
2.6333543386533003 1.6714036642524122 0.2726116447225941 -47.30799823531271
2.615259380569485 1.6654414868654974 0.2698168372338428 -47.30896870476597
2.597190827103361 1.659116475020844 0.26659504004929935 -47.309827521878276
2.579152806054495 1.6527192268715252 0.26301087136334017 -47.31057105653429
2.5611488812369094 1.6471316879170246 0.25914533051387373 -47.31067015951329
2.543182151868171 1.645465092007723 0.2551750306636043 -47.30750352535002
2.525255159100437 1.6459954026460493 0.2511123091696231 -47.30292584953823
2.507369987010172 1.6470405463816544 0.24697506907600789 -47.29868286443773
2.4895279125047836 1.6467099524937445 0.24278372266997136 -47.29673029719218
2.471729227837479 1.6452376957517187 0.2386688403895872 -47.29700489331352
2.4539727482358686 1.6442884327522613 0.234827293653002 -47.298043473633356
2.4362557216356526 1.645048476344357 0.23142152792375942 -47.29879274018854
2.4185742671884376 1.6475036768186524 0.2285666147493286 -47.299270019007004
2.400923474527069 1.651316754261264 0.22634661376160517 -47.29975165008372
2.383297564784094 1.6565059244215057 0.224834280838493 -47.30008887245906
2.3656900326301815 1.6629219424757105 0.22406796337173587 -47.30022663089516
2.3480939811719317 1.6703763604523303 0.22404124149561852 -47.300027385132374
2.3305025885493986 1.6793780685635262 0.22469962202185492 -47.298541641696254
2.312909840897961 1.6894668386769751 0.2259495318686887 -47.29583367406683
2.295310621610611 1.6987986667963855 0.22770596867740345 -47.29346399689416
2.27770011953669 1.7059640798000202 0.2298885485584377 -47.292564150973114
2.260073745190138 1.7112624181754825 0.23238272642710575 -47.292506739083876
2.2424280037137114 1.715078088567186 0.2350584616465857 -47.29269421414531
2.224760679057517 1.7171664024662625 0.2377790108742711 -47.293350036986375
2.2070707436662387 1.7169737284288726 0.24041176799583575 -47.29514664440843
2.1893581258288206 1.7156447202394531 0.24277374863779894 -47.29703437386215
2.1716248557501396 1.7131712275423425 0.24472237691875906 -47.2990482134136
2.1538745114858706 1.7095583733411361 0.24616419857783206 -47.30127237268044
2.1361115727944524 1.70509412352233 0.24704308438741648 -47.30347828543613
2.1183411418944633 1.6999875919925482 0.24733364856389345 -47.305521645175986
2.1005686655854037 1.6941832304219602 0.24703794880857868 -47.30752789123105
2.082799592978312 1.687896859808276 0.24618171838216069 -47.309390801480426
2.0650392356860747 1.6814297349911131 0.24481163504235756 -47.310945063492596
2.047292603902657 1.6750326074226536 0.24298843537573606 -47.312100116151655
2.029564253747956 1.6686450412683638 0.24077300613706756 -47.31309367849753
2.011858138289742 1.6629058140688548 0.23824023852923057 -47.31354357528036
1.9941777378239876 1.6586688683249828 0.23547132777953683 -47.312881850104624
1.9765261248373394 1.657937108754944 0.23260408353215173 -47.30939404774721
1.9589058906329686 1.6586044188218425 0.2296729687642999 -47.305233802632614
1.9413185598355989 1.6605545781028126 0.2267754847706296 -47.30066201193262
1.9237646192240068 1.6604158216296865 0.22391186836376947 -47.29910865526095
1.9062431397198367 1.6601857613340616 0.22126185836205026 -47.29872513902072
1.8887520273200222 1.6602561625542105 0.2189503425443927 -47.29916753097275
1.8712880418277686 1.6615140958564074 0.21711460068025856 -47.29946388295537
1.853846925825282 1.6636392384917225 0.21584358881513332 -47.29980499079809
1.836423425251097 1.6666994250229048 0.21521387218416135 -47.29993488380865
1.8190115989746825 1.670643676125455 0.21525304023798908 -47.29969103320625
1.8016052801897193 1.6752091846036712 0.2159435603527168 -47.29908565729106
1.7841984267692013 1.680106357194993 0.2172339842077488 -47.298098610619775
1.7667854351108372 1.6848124992279692 0.21905960583357684 -47.29696294347065
1.7493611463492378 1.689002255848447 0.2213487576446997 -47.29574231493795
1.7319210015681106 1.6922839954730093 0.22403170481488027 -47.29463752653494
1.7144609793074024 1.6945420901972348 0.2270334326618223 -47.29363834965562
1.6969777401657795 1.6955819190215604 0.2302762434681224 -47.29292214003628
1.6794685998460355 1.695058319229944 0.23367346035602957 -47.2929133284367
1.6619315411752686 1.6935930977494769 0.23708946896185876 -47.29317236183063
1.6443661680139279 1.6913824636508996 0.24039526438200567 -47.293709280198165
1.6267734245743266 1.6879879539258236 0.24349217112878005 -47.29496877347618
1.6091549628062705 1.6834966391213462 0.24627973265894368 -47.29681840587653
1.5915134147311045 1.6779859261399932 0.2486889937849651 -47.29918676223858
1.5738521192578485 1.6718668651573572 0.25066158291887747 -47.30173399606837
1.5561751890360032 1.6655667450969507 0.2521568506170882 -47.304126782172474
1.5384873555603904 1.6592171158256501 0.2531587920267517 -47.30630682831822
1.5207935855185395 1.6528710267834705 0.25367376130642644 -47.308267789828705
1.5030988257757099 1.6466089289086958 0.2537279075310819 -47.30997852412995
1.485407823449006 1.6406880159683415 0.25336480332449207 -47.31124635646133
1.467725044806175 1.6352564786898782 0.2526417555442438 -47.31200274953241
1.4500545321716491 1.630184361947661 0.2516199472475908 -47.312469231420344
1.4323997121285403 1.6258721930352276 0.25037252652939973 -47.312349860305424
1.414763517314856 1.624794862621306 0.24902696883728326 -47.309329282487546
1.3971489821835423 1.624519216707536 0.24765025822121647 -47.30584749009638
1.3795572641924099 1.6242554980068362 0.2463344585580336 -47.30281408577468
1.3619882397402647 1.6236991206951497 0.24518764706148477 -47.30071828876355
1.3444404771522305 1.6226522985174436 0.24431390069628703 -47.299832615474195
1.3269113652073923 1.6214066313576396 0.24381483817110006 -47.299789905945914
1.3093972883530869 1.6207158548681644 0.24378261517017027 -47.299721157124075
1.2918940793191347 1.6206212264173177 0.24428422199167887 -47.299446924214216
1.2743970336362829 1.6210129182945276 0.24535201830560785 -47.2989116760377
1.2569011636817737 1.62170680392113 0.24698435380595635 -47.298128541828866
1.2394014340378507 1.6224582429813732 0.2491600541085347 -47.29717273987451
1.2218929211689837 1.6230523212030983 0.251843611747384 -47.296095984319436
1.2043709911927696 1.6233226850256082 0.2549891386261231 -47.29493386488607
1.1868314389302286 1.623212474114945 0.2585444458546126 -47.293652575350634
1.1692706144547833 1.6226828489310003 0.26245716269817326 -47.292245317710005
1.1516854142286101 1.6215691266883836 0.266670062502323 -47.29091903348597
1.1340731228264533 1.6193616367357624 0.2711269279941867 -47.29029091141939
1.1164311560628195 1.6165764430390301 0.2757174174199833 -47.28997929388624
1.098758511527301 1.613604502762998 0.2803308679258234 -47.28970429573905
1.0810554729497668 1.6102300527229247 0.28489958547734495 -47.28969573204508
1.0633228044122174 1.6058968786166938 0.28937164250772146 -47.29046338094199
1.0455615046654008 1.6006975183456627 0.293675950983729 -47.2918181616208
1.027773438905765 1.5948043657673328 0.29775240608793097 -47.29348442566355
1.0099612361332673 1.588364262262527 0.3015601957806103 -47.29525240683299
