7.8847487931048645 0.2109597345636329 1.702388875062589 -51.79725338045238
7.7649159325998225 0.21235164646079088 1.6935607637760104 -51.79266309293819
7.644996737313908 0.21040280282791482 1.6863089077612936 -51.79144601215386
7.525038119125816 0.20663084468220125 1.681294319077267 -51.79207979574112
7.405063169410325 0.20186924813103077 1.6788483353430144 -51.79372328862612
7.285078700357955 0.19710041217577584 1.6790708193829125 -51.79539247544032
7.16507841340553 0.1916116863459837 1.6819093936545233 -51.79779881937462
7.045055208246068 0.18627993740421847 1.6872269114197604 -51.800066805695586
6.9250010188452995 0.1796687652466394 1.6949247799679676 -51.803628732489024
6.80491080417177 0.1727725472761055 1.7047091657895057 -51.80749184679021
6.684778383030908 0.16639609475168085 1.7161993744551676 -51.81085803711573
6.564597991600457 0.16135411284441217 1.7289668487991476 -51.81292630954649
6.444382923694044 0.1628518574773244 1.7418858172786946 -51.80850206149181
6.324151352559069 0.1567532764876315 1.756237522050846 -51.8116280378917
6.203943886666777 0.1480680320686816 1.770885853419337 -51.817268319232625
6.083819875713275 0.1413624664961277 1.7846957612313494 -51.82081440911682
5.963842730440527 0.13307301049921524 1.7974831455575564 -51.82571892529884
5.844080293315664 0.12322709054386206 1.8086771371779775 -51.83187375878352
5.724601225617195 0.1082752229683384 1.8180162009116891 -51.8426870806927
5.605488449342764 0.08867258837799984 1.824775041932711 -51.857608012386386
5.486815512167795 0.06720150262734478 1.8283734450789417 -51.87384735879167
5.368633292702662 0.04244750812467199 1.828645303557065 -51.89276252703791
5.250988349672471 0.015369225561934536 1.8254960772817805 -51.91342609148805
5.133910238056388 -0.011903302666689226 1.8190467798609902 -51.93382221123769
5.017416098432363 -0.04260445555850401 1.8091118115115694 -51.957125925675484
4.901537287675759 -0.0758145926959252 1.7958632277295254 -51.98252975696903
4.786299854499391 -0.10722818799162373 1.780244382827016 -52.00604066056052
4.671700282710252 -0.10951227369348285 1.7673817218440582 -52.00185808618194
4.557541182781963 -0.07960988023474139 1.7592074053858002 -51.967268834660814
4.4435842944165564 -0.06477609551740678 1.748596315080496 -51.94723550155552
4.329918704724394 -0.06339910815302784 1.7369896263241913 -51.94032538884535
4.216663102940871 -0.065950723967048 1.7273862620961833 -51.93748446639349
4.103886095141459 -0.06284097369085673 1.7214484901145617 -51.92954982897563
3.9916007337532466 -0.055691833703788905 1.7188635045927103 -51.9180367512433
3.8798099396733723 -0.041066388738582586 1.7195924878515887 -51.89966980603962
3.768479193831675 -0.03233645428821728 1.7234349211907236 -51.88725917556255
3.657625224920011 -0.023597900964922 1.7305803361649883 -51.875227957543544
3.547230099883683 -0.012197709472277957 1.7407791756168574 -51.86103300270598
3.4372521948546284 -0.0033131154754529853 1.7543617448774784 -51.849662550399344
3.3276667828806645 0.003958929278990742 1.771240696577337 -51.84025169010638
3.21843892704907 0.010523040164216261 1.7911926798520736 -51.83191622824703
3.109525972422033 0.01567402694657197 1.8141346684253623 -51.825327187082166
3.000885769429524 0.018658334489024653 1.8398641725606468 -51.82120151068857
2.8924811297950246 0.03986986700190279 1.862299446131002 -51.799455908617524
2.7842331143978534 0.06714604837918421 1.8832020698073897 -51.771887860127
2.6761201559317285 0.08741138524801573 1.9048278577114663 -51.751353763787556
2.568151752730079 0.09824567416293283 1.9268547367085849 -51.740315219641175
2.460322777764185 0.1015072520974005 1.9482104239809845 -51.736995297819725
2.3526151883169 0.10217958373007749 1.9675035237982115 -51.73648534787696
2.2449990869417404 0.10027529128557292 1.9845469601625874 -51.73877635088172
2.13744371245312 0.09663840252067596 1.9990732390663108 -51.74302670915883
2.02991651447022 0.09177968398977732 2.010902948474896 -51.74871246302134
1.92238626449959 0.08594680157037848 2.019918902807192 -51.7555638057613
1.8148245964250782 0.07868446681471873 2.0260544702740537 -51.76401186758753
1.7072083137112368 0.07205120171451829 2.029159270371497 -51.77197807420048
1.5995208906165261 0.06830440485898459 2.0292614172484336 -51.77717857852099
1.4917516791296015 0.06322096650679267 2.026234508898205 -51.78380978259725
1.3838965073918572 0.06287262277379171 2.0205017027708 -51.78579533959224
1.2759622564236033 0.058525564604922496 2.011603910812203 -51.79187447786954
1.1679563587195014 0.05177136064377346 1.9998225031949335 -51.80052136667251
1.0598916225206731 0.043960978944409194 1.9854542779342366 -51.81046802211875
