7.919020427302287 -2.8591310680341726 0.09394796206150206 -22.43968625069988
7.841774390110114 -2.91912330418545 0.09867538376909131 -22.43809768222465
7.764440385312015 -2.968016003807359 0.1023933938576329 -22.436140927799265
7.687021102717062 -3.0073698251554535 0.10485838411622433 -22.434318937518363
7.609521455945035 -3.0373943410442648 0.10590602521251725 -22.432287341111774
7.531948891128511 -3.0579456496500574 0.10548425174607534 -22.429511843226912
7.454310984113551 -3.0711992082355346 0.10358175505032263 -22.427617752254726
7.376612511673564 -3.079256304814318 0.10016263606975521 -22.428889507536432
7.298857300423725 -3.077469507299372 0.09554329292581065 -22.43015716008928
7.221054577823075 -3.0640056916776 0.08996240226085113 -22.432035423780988
7.143224659236473 -3.033916082878874 0.0838926420942448 -22.43365468286835
7.065393477246683 -2.9816601949773625 0.07777439278414186 -22.437117539641903
6.987585727423566 -2.8986248326842503 0.07255508612420976 -22.440857943015445
6.909824306652985 -2.780707944595805 0.06926420729691173 -22.44527331864493
6.832128330212423 -2.63456706555549 0.0690929243202164 -22.44969830864187
6.754520706722453 -2.4794881311859753 0.07292558066161475 -22.453207255268467
6.677027501497077 -2.337405586976942 0.08119924344291009 -22.45690139906648
6.599675336507842 -2.2234916235441133 0.09388340444122588 -22.460736561413384
6.522491790467172 -2.1411050803416956 0.11076390990718336 -22.465475862074705
6.4455055621561925 -2.08687773491982 0.13163299338607787 -22.471977779192414
6.36874506011319 -2.0542369379925685 0.15586325310304372 -22.47892802264878
6.292232050071673 -2.0343357664993063 0.18208081969238119 -22.482744019504395
6.215975012715815 -2.0201848619425005 0.20918484543515733 -22.48190543482565
6.139973818920034 -2.0094248763944886 0.23701171566074958 -22.478473344643106
6.064227311573264 -2.0015086583187927 0.2656105063948654 -22.474726719207716
5.988734316254909 -1.9936597956101418 0.293944480119452 -22.46925235307922
5.9134804659548665 -1.9853370560384833 0.32164410669759236 -22.462477343787704
5.838455557441568 -1.9799338223909653 0.3494221017732614 -22.458432307886355
5.763667619783424 -1.986145048088334 0.37941547302215695 -22.46645753433242
5.6891388143137585 -1.9986679958623028 0.4093378640957994 -22.481088885761565
5.614864244166616 -2.0070281437271116 0.4358316339079061 -22.491475057557345
5.540808387919302 -2.012287462685891 0.45899266476265266 -22.498630583171597
5.4669406749266924 -2.017484985958217 0.4793764036207061 -22.505385986431747
5.393242143908129 -2.021356261384878 0.4967213342583935 -22.510047889468083
5.319689949772675 -2.020756971836916 0.5107103325896932 -22.509088682186906
5.246256750539541 -2.0169620280670277 0.5218646267277706 -22.50364096497067
5.17291847233351 -2.015476048510528 0.5311044931347576 -22.499071469415398
5.099657831067588 -2.0156368820984722 0.5386921108130931 -22.494621266817653
5.026458615223654 -2.0208642297824513 0.545229775282405 -22.49348704097659
4.953309680326409 -2.030240113709334 0.5509493221225059 -22.4946101614931
4.880196691015317 -2.0380227578482897 0.5559402453357866 -22.49271896551287
4.807106601668777 -2.0421169795853733 0.5605131094439574 -22.486300744077496
4.734032854043357 -2.053924279187152 0.5654895942068368 -22.48617526616634
4.66097814320314 -2.066417124646696 0.5709672127382289 -22.486243172823087
4.587943399661961 -2.0800893242838927 0.577512027371758 -22.487412544752594
4.5149309773759505 -2.0993864936262976 0.5859979819742902 -22.494470371834197
4.441952587328533 -2.1213247244058215 0.5966747605413936 -22.50537528268063
4.3690251572376395 -2.1419341966697596 0.6094568600463333 -22.51700386669627
4.296167169445112 -2.158861775318362 0.6241514327938987 -22.527566451505052
4.223402728740859 -2.170244434468626 0.6404428707609269 -22.535526833882365
4.150759383246573 -2.174422860830022 0.657934972845326 -22.53926849681303
4.078263054504445 -2.1752107601850437 0.67717163498505 -22.542531940465786
4.005942720907422 -2.173967131922375 0.6984021091452933 -22.546577312484118
3.933828303064834 -2.1714883807550502 0.721741270180877 -22.55195060887192
3.8619481608706185 -2.167985174124335 0.7470936940562097 -22.558410909955853
3.7903275430659416 -2.157806430610149 0.7724888396888501 -22.55885386655097
3.7189692278700965 -2.1450885548442016 0.7984409086728386 -22.557184123313917
3.647884700285976 -2.1320377583273618 0.8250264985310937 -22.555362665284854
3.5770836279676863 -2.1159436138128775 0.8508627213192301 -22.549962550348113
3.5065577446619947 -2.099983055063381 0.8763432157680312 -22.544314626621997
3.436305224048608 -2.0857968847975266 0.901413139357199 -22.53988856893072
3.3663228073871094 -2.0690833785279947 0.9242354474478316 -22.531487602113167
3.2965848368436643 -2.050556278915087 0.9446246603697063 -22.519757204372148
3.227067215444779 -2.0355772524887366 0.9635737918328768 -22.51034867508079
3.157756517175872 -2.0295880581731023 0.9818992527995991 -22.508826777057052
3.088643955840214 -2.0234357183108322 0.9975793887576687 -22.50545574125524
3.0196967749139607 -2.020120614575676 1.011193859869461 -22.503570680882184
2.950887945431363 -2.019530891843956 1.0226896618956858 -22.50319145205782
2.8821898071929875 -2.0210245758909204 1.0319733030071296 -22.503779370568083
2.813573840717071 -2.0240326723276927 1.0390255176153216 -22.504872251527594
2.745011549456701 -2.028075967406731 1.0438998168692264 -22.506101066520593
2.676475725340724 -2.032183448859294 1.0467153623635235 -22.50661902227941
2.607941011470007 -2.0365812002414434 1.047758460386498 -22.506770926469287
2.539386343645491 -2.0414964487608245 1.0473931594919774 -22.50690543296593
2.4707949836525023 -2.0468034829636768 1.0459717440636542 -22.507030786610187
2.402154712439278 -2.051128596103404 1.043776958401385 -22.50600131491104
2.333457931414389 -2.0554255546703484 1.0410596348157133 -22.504927966192632
2.2647011780290525 -2.0632033499953666 1.038031394133422 -22.50734335762406
2.195882395796462 -2.0684561310078946 1.0352099961798717 -22.507729423049142
2.127006787543977 -2.07344670369187 1.032824147788309 -22.508558570033614
2.0580833737006174 -2.0827361203872807 1.0309746523958758 -22.514571979230823
1.9891237236710624 -2.0903675942375255 1.0298417134566387 -22.52025317400914
1.9201454357039724 -2.095570465060507 1.029379486764495 -22.52499886970716
1.8511682665459495 -2.0980731410214215 1.0294804891164318 -22.52861796131488
1.7822130009356867 -2.0981065365773683 1.0300254672167233 -22.531350483187232
1.7133007267157134 -2.096135286863528 1.0308845884375848 -22.533640775224967
1.6444520269290717 -2.093710654681456 1.0319355636081033 -22.537048927550153
1.5756849529600863 -2.089001828805205 1.0329995111993604 -22.539584713138005
1.5070114517186963 -2.0784227457102147 1.0338521232086135 -22.537262519369783
1.4384345685714301 -2.0619473052226356 1.0344043788639796 -22.52972673497397
1.369950770163093 -2.035772777072745 1.0345702990189194 -22.512521502457545
1.3015533118274452 -2.023279054199464 1.0350438380259723 -22.510246047499578
1.2332444563267204 -2.012965828860339 1.0357431797009875 -22.510233051279165
1.165030357628923 -2.0035903265532586 1.0366330479783419 -22.510975218262473
1.0969199101521567 -1.994759303851539 1.0376079916628627 -22.51204471581697
1.0289230396229379 -1.985922612453301 1.038488084907248 -22.512996961427767
