8.041938160026312 2.2542884169589152 1.313794239937329 -16.595745671897646
8.014662254154418 2.2559431767861047 1.3133092574446175 -16.594474403901096
7.987374744675208 2.257411976224573 1.312727060746601 -16.593403528029164
7.960079792556327 2.2585791393199175 1.3120688258372766 -16.59266421834851
7.932780745591009 2.259291162174698 1.311348124806152 -16.59242502955606
7.90548025733544 2.2596080344544407 1.3105677835498557 -16.59264087977619
7.878180007838692 2.259673124073315 1.3097126787432198 -16.59318180649604
7.850881473544043 2.2595013413588094 1.3087444748068966 -16.594044247500655
7.823586573653469 2.2592191942230153 1.3076030965872896 -16.595112913058045
7.7962980106324276 2.25922564309121 1.3062158448009074 -16.595998777468864
7.7690194260320515 2.259762545003814 1.3045077608919216 -16.59646219159312
7.741755315455625 2.2607522119481978 1.3024100451949754 -16.596575423016375
7.714510852077061 2.262006909844736 1.2998669691401197 -16.59651721918587
7.687291697778544 2.2634269870466786 1.2968433303037004 -16.59637507554455
7.660103719846633 2.264852853602277 1.2933224852925764 -16.596294890284092
7.632952443947865 2.266417217206003 1.2893224691402925 -16.596129668304492
7.605842494570324 2.2681443573378637 1.2848798220216961 -16.595844752706682
7.578777638295633 2.2696786813512606 1.280032479205059 -16.595792298247442
7.551760965857025 2.2719916751404052 1.2749021694182006 -16.594992985322726
7.524794125084079 2.275078214738869 1.2695650059613703 -16.593458523931076
7.497878483954747 2.2791837149616336 1.2641102854316095 -16.59095548700905
7.47101603471349 2.2837774906614166 1.25857810950769 -16.58803332683179
7.444209861531915 2.288349321944505 1.2530051117551426 -16.5852185020561
7.417463061857473 2.2932544685703573 1.2474782442937618 -16.58215816702895
7.390777655474249 2.298602680326128 1.242068654866777 -16.578739364563962
7.364154813874832 2.3046760681752905 1.236857573264826 -16.574666690883934
7.3375950056837915 2.308781843418874 1.2317606915328145 -16.572657479048893
7.311099938644217 2.3116854665786106 1.2269101170477636 -16.571925970358365
7.2846685238292 2.31403013447954 1.222417435616018 -16.571800516435083
7.258297343646197 2.3162006730833458 1.2183677091960814 -16.571867402193973
7.231982045582931 2.3182329429779798 1.2148148688966875 -16.57206513883275
7.20571803178878 2.320095278321136 1.2117956752843178 -16.572401438469996
7.179500060040619 2.322037697334101 1.2093382182024581 -16.572598851592343
7.153322148755255 2.324702954244659 1.2074532146357395 -16.57198408076419
7.127177977698126 2.328756092285004 1.2061164599238012 -16.569867541862834
7.101061535417356 2.3337367573315464 1.2052515699646669 -16.56670768888067
7.074968188930232 2.339863797431486 1.204770823336108 -16.562282820230223
7.048894674863848 2.345154341134713 1.204551841167415 -16.55860161792659
7.022839855497678 2.348616204528364 1.20446914719959 -16.55667361980911
6.99680380293353 2.3488720119314848 1.2043789225827661 -16.55790847812768
6.970787851492873 2.348722253765436 1.2041453127517887 -16.559528250571333
6.944791963168901 2.3470895446060944 1.203598456271628 -16.562674488914404
6.918817175386103 2.3461864403521657 1.2025572749214 -16.56516854458392
6.892865499997088 2.346549222483587 1.2008436223997672 -16.56648585822895
6.866940115092778 2.347588624111627 1.198312461121161 -16.56721561069616
6.8410461658446176 2.3485344129723322 1.1948497084748724 -16.568124809211653
6.815190272830208 2.349130828588123 1.190390683074113 -16.569456557802532
6.7893801229844115 2.350026375742351 1.1849612111637033 -16.570530384901346
6.76362340919076 2.3518885354299095 1.1786593593892987 -16.57064238450427
6.737926565689681 2.3535485573195905 1.1715005415454318 -16.570958128490304
6.712295855961704 2.3549777150187277 1.163607745799689 -16.571506640911167
6.686737006952099 2.3566961921655154 1.1551809253627658 -16.57177754851765
6.6612537995947925 2.35936295918141 1.1464603810889196 -16.57113841714934
6.635849520737722 2.3629523516947106 1.1376215342803726 -16.569672436185254
6.6105290737335975 2.36767527895586 1.128853802902821 -16.567215733686794
6.585297312567185 2.371410584437928 1.1201108545979153 -16.565959006862613
6.560158971223081 2.3731370267354204 1.1114581514673831 -16.56697157815262
6.535117092042902 2.374435631588953 1.1032382865767054 -16.568662722184786
6.5101701745616944 2.375752025831914 1.095681061651737 -16.57059148734722
6.485314010848744 2.377341995078595 1.088974619976633 -16.57250071161142
6.460542939021792 2.3795566590421315 1.0832640948608245 -16.57402429984667
6.435850776602316 2.3823365402550514 1.0785913278046912 -16.57520070155384
6.411232462294021 2.3854889589573056 1.0749523991047598 -16.576193924376838
6.386684223885978 2.389170144559089 1.0723205989824947 -16.576796451934314
6.362202737041182 2.3940282230060235 1.0706411422497677 -16.576280350339026
6.337784896379656 2.4018516196814272 1.0698319796325542 -16.572721606908207
6.313426729218852 2.410974987152379 1.0697313630103666 -16.567766409380795
6.289126011902648 2.4193241727945507 1.0702068255764299 -16.563482715971173
6.264880386102538 2.4276053832885585 1.0711264255112727 -16.559051939347853
6.240685267542376 2.4321127494219805 1.0723364552204693 -16.558235238673568
6.216537514251139 2.434943937939478 1.073585549257052 -16.55882079053336
6.1924337103463465 2.437521827664657 1.07461368654573 -16.55934699988724
6.168370342322115 2.4393713785340427 1.0751842708544181 -16.56034416929367
6.1443450577505665 2.439665851480086 1.075097247099207 -16.562718121476816
6.120354751029108 2.4381499835847844 1.0741359638743815 -16.566774112529025
6.096398110282605 2.4355659924998254 1.0721198304899737 -16.571771535840767
6.072474917497582 2.4330608911940077 1.0689571196252021 -16.576537304227184
6.048585918695385 2.431285210845799 1.0646204106888806 -16.580397103159374
6.024733131056568 2.4311284242860562 1.0591757514877453 -16.582434759869976
6.00091932192363 2.4329544356108337 1.0527485287194194 -16.582281181248664
5.977148274727463 2.4352515077191867 1.0453947192634423 -16.581479403346982
5.953425177532906 2.4375344942961155 1.0372873833545742 -16.580562995799283
5.929755143676929 2.443199807060033 1.029005243649024 -16.576200148187574
5.906141550852609 2.4497312409737657 1.0205993709281733 -16.571041316367655
5.882590926299497 2.4550024895306364 1.0121102569310414 -16.56737583078099
5.859110778422124 2.456439166151252 1.0035017891059896 -16.56791773341756
5.835707895647547 2.457378159939353 0.9952773336924097 -16.56937047176504
5.8123839520869005 2.4586333553437854 0.9877200548729931 -16.5709704953361
5.789138340561689 2.460553829513356 0.9810260849292172 -16.572397087042027
5.76596955600961 2.4632139588068007 0.9753135967797902 -16.573579170230722
5.742875458870578 2.466499473875324 0.9706159395038955 -16.574599202988132
5.719853627291241 2.470549387701566 0.9669336946762294 -16.575247259482527
5.696901619158689 2.474942554946588 0.9642059751499317 -16.5758805086534
5.674018274690404 2.47960404711485 0.9623773121843796 -16.576488052368354
5.651202705834234 2.4857457830627063 0.9614039648035055 -16.57569908734686
5.628452707251965 2.494134244457955 0.961196095308086 -16.572603572266306
5.605765306465754 2.5045187436763334 0.9616264181328232 -16.56736430181779
5.583137812108864 2.514271888037363 0.9625588121344603 -16.56263633890778
5.560568799620349 2.522705634078201 0.9638552384191205 -16.559034069001854
5.538055710484976 2.527050948306569 0.9653712366434425 -16.559347547499822
5.515595742302978 2.5305439662486644 0.9668390264732175 -16.56013545662074
5.493184369003603 2.533695171463522 0.9680177190833177 -16.560865821189005
5.470817015280334 2.536286125271943 0.9687088562340683 -16.561804266075463
5.4484902523341745 2.5380299032976827 0.9687628752703465 -16.563303564849086
5.426200953379689 2.538963169569313 0.9680522266323264 -16.5653850399937
5.4039465075352915 2.5389757868323963 0.9664508223869637 -16.568201481156745
5.381726420074695 2.538482461823403 0.9638717843641443 -16.57134968447564
5.359541434687226 2.5385629428209504 0.9603147961008406 -16.573738308775
5.337392702912295 2.5399727112656274 0.9558496539817918 -16.574613322501044
5.315281955131123 2.5419612663426214 0.9505328057436913 -16.57476210845249
5.293211962885794 2.5437790369312325 0.9444585734244378 -16.574984179520246
5.271186310504714 2.545872902460185 0.9378422897660441 -16.574884793370252
5.24920807224714 2.5501987598704834 0.9310488445784434 -16.572550461407467
5.2272801030224185 2.5551315915068185 0.9241878461563142 -16.569733547675362
5.205407241222271 2.558986053053139 0.9173333398931696 -16.568261996892183
5.183594865171857 2.5616520565794323 0.9106370914078089 -16.56830815126376
5.16184641899635 2.5635567550535776 0.9042734307225208 -16.569463169506257
5.140163057300024 2.5655754870364342 0.898465476106985 -16.57084735642105
5.1185438391486775 2.567905962056023 0.8933627501648581 -16.572252924253547
5.096986829470436 2.570615413953503 0.8890704021043087 -16.573583972126805
5.075489505193955 2.5738730057033012 0.8856499590326918 -16.57461591116097
5.054049293606686 2.577400929406496 0.883100019477628 -16.575575132159493
5.032664000015609 2.581054585258327 0.8813917974833867 -16.57654394020979
5.011331675608654 2.5851592624929074 0.8804883374523536 -16.57710954957177
4.990049997028848 2.5903464100276823 0.8803281894725293 -16.57653521386656
4.968816028563795 2.597545081629029 0.8808151235404145 -16.573777623804165
4.947626271123905 2.6064707003331584 0.8818264878968479 -16.569060331524312
4.926477823987726 2.6149234458043686 0.8832533752576789 -16.564607268540357
4.905368406002554 2.622506005314278 0.884970204660309 -16.560773535530444
4.884295017153426 2.6257144235097436 0.8868605928853392 -16.561136841665057
4.863255226012472 2.627871427303818 0.8886776964326777 -16.562255736180415
4.842246462653898 2.6292650551877585 0.8902315738061207 -16.563879161906208
4.821266784707227 2.6299407342528376 0.8913652767534301 -16.566032139302763
4.800314589477528 2.630360730957136 0.8919403080017684 -16.568320107873724
4.779388507085587 2.6305627253260346 0.8918369828983458 -16.57076527924877
4.758488362430399 2.6310149077424363 0.8909595164272943 -16.572917190485057
4.737615292122442 2.631840760768972 0.8892431160226705 -16.574653157719702
4.716771036342948 2.633370863643423 0.8866728122696487 -16.57563396163105
4.695957978713737 2.6353642466708496 0.8832621678473292 -16.57610296017044
4.675178987407294 2.637476660020714 0.8790634307306938 -16.576416698737624
4.654437122092392 2.6394225048999034 0.8741771958884141 -16.576886263307095
4.633735456230607 2.641594142392824 0.8687834196786474 -16.57714725784141
4.613076539196252 2.6450059046470047 0.8631310042489759 -16.57621124861512
4.592462820427098 2.649563423363438 0.8574204037622835 -16.574249156858926
4.571897475599535 2.654503941784631 0.8517925865263801 -16.572135048230887
4.551384395157729 2.6581705898069483 0.8462866279982271 -16.571608253964058
4.530927067151058 2.6610049738428803 0.8410394172807054 -16.572216644383843
4.5105270850274 2.6635914189988372 0.8362021105431998 -16.573335422014274
4.490184122608276 2.6661062418537522 0.8319095896402111 -16.574749094168595
4.469896533120143 2.6689338353408742 0.8282853401669709 -16.576011979779928
4.4496616530213045 2.6720256868035093 0.8254058679518401 -16.57711900461053
4.429476723240997 2.6751910653369366 0.8233050824460248 -16.578211247350136
4.409339069959192 2.6783955398763992 0.8219881626642438 -16.579265360695597
4.389245976342859 2.6816223161212354 0.8214355594852993 -16.58023758432151
4.369194421552566 2.685701681674127 0.8215982530289667 -16.58020285869516
4.349180939447685 2.6913164854277167 0.8223851991329465 -16.578395077062062
4.329201826658214 2.698216810782109 0.8236847277065422 -16.57501528450782
4.30925380971782 2.705513426801443 0.8253833421256369 -16.570936157570994
4.289333703412901 2.713042298470862 0.8273583956947891 -16.566297224224684
4.269437922745274 2.717929323310952 0.829520016858501 -16.564035501811066
4.249563411560724 2.7197562348089153 0.8317054291529328 -16.564577011554654
4.229707570402093 2.7206439568988587 0.8337075882467334 -16.56579159364861
4.209868400662979 2.7207999615184013 0.835375495611571 -16.567543121802117
4.190044506877923 2.7201680030320987 0.83659371585219 -16.569978397545256
4.170234976638405 2.719269995903231 0.8372486121649877 -16.572657164803047
4.150439715015992 2.718796053607587 0.837250235897016 -16.574946482483313
4.130660003981303 2.71897673354427 0.836534638308985 -16.57663319892423
4.110898179547096 2.719818898408246 0.8350666730155227 -16.577707715629284
4.091157022897867 2.7211044996489036 0.8328430691091773 -16.578387522440103
4.071439492363839 2.7226435039895853 0.8299022390993183 -16.578866266613552
4.051748609134868 2.7242940790575614 0.8263240388676463 -16.5792982360458
4.03208740866953 2.726078375563823 0.8222289373178286 -16.579679318378346
4.012458730494425 2.7281083881627777 0.8177687856122594 -16.57992531159602
3.9928652767333603 2.730561218148504 0.8131131331088984 -16.579911805179997
3.9733099772340554 2.7337543923100855 0.8084449717746063 -16.57939968510228
3.953796161663552 2.7376554636514023 0.8039059649196876 -16.578479813528354
3.9343273528138565 2.7426221638249424 0.799607738705169 -16.576784346242178
3.9149063475575714 2.747131015189927 0.7955375586042228 -16.57585157800323
3.895535457513368 2.751093634034657 0.7917498939075472 -16.57572479174524
3.876215788369622 2.7543824577891782 0.7883129823197211 -16.576472703026234
3.856947259497084 2.757171996201168 0.7853215680504391 -16.577837755225772
3.8377283251607146 2.7599917180685205 0.7828717712543047 -16.579184500402746
3.818556207769606 2.7628954263520575 0.7810332918083589 -16.580379966703966
3.799427606712358 2.765781180746531 0.7798425651159674 -16.581462024653955
3.780339087551446 2.7686593065565015 0.7793097192852529 -16.582358922262664
3.7612869534202815 2.7715572905985244 0.7794149408845326 -16.58298892951243
3.74226731496487 2.7748977229175646 0.7801107206843446 -16.582860739582195
3.723276075831255 2.779034353030148 0.7813179302812374 -16.58156344529612
3.7043089489008105 2.7839854834973146 0.7829384002907163 -16.579050318158224
3.6853615574616296 2.7899423631267086 0.7848575450679088 -16.575116569517313
3.66642958786452 2.7958841410911845 0.7869714383300037 -16.570816168378578
3.647509234819957 2.799400402373806 0.7891960975741259 -16.568618202000813
3.628597119472652 2.799940630265775 0.7913991231878513 -16.569112083004228
3.6096903777008857 2.799777125312208 0.7934022189770117 -16.570068666535516
3.5907870909567468 2.799010340599414 0.7950920492534072 -16.571477499624564
3.5718862246663976 2.7972398306892825 0.7963862749567472 -16.573844804302418
3.5529873845556836 2.7953786242459806 0.7971895178318383 -16.576360171620223
3.5340914396773164 2.7937593316171854 0.79743398729417 -16.578784344412597
3.5152008545710127 2.7929827513679357 0.7970651604933539 -16.580543746260748
3.4963190433468063 2.7931515625452303 0.7960591635238073 -16.581530147576725
3.4774495488033392 2.7937283180881862 0.7944171786172628 -16.582270130173427
3.4585957529958025 2.7945874404986215 0.7921816059007515 -16.582879234995836
3.4397608980313437 2.795616798599839 0.7894268421918874 -16.58347000816992
3.420948038044869 2.7967614074758753 0.7862564893338393 -16.584110953683954
3.402160060181943 2.798387219190604 0.782809861847202 -16.584455144936832
3.3833996915404985 2.8002645882260375 0.7792115135313332 -16.58479181038216
3.364670136745291 2.8026054304700505 0.7756011855708949 -16.58496394919151
3.3459747449289843 2.805660785245927 0.7721014777444755 -16.58474708612676
3.3273168191311497 2.8102140279412025 0.7688220123196472 -16.583325905752254
3.30869930173223 2.816351661668768 0.7658116406291141 -16.580557009700456
3.2901244232049205 2.8226057445874133 0.7630495193207406 -16.577885943693946
3.2715937512759585 2.8279282107508164 0.7605405378316832 -16.576321429631317
3.2531079923739403 2.831584956661916 0.7583171631625889 -16.57653774048033
3.234666730330083 2.8340614660203522 0.7564548061744966 -16.577931204012728
3.216267997745199 2.8366840676169325 0.7550452190229604 -16.579029273460158
3.1979084947291128 2.8392368879422136 0.7541237270265617 -16.579968666537923
3.1795844881697204 2.8417915461924066 0.7537088368667768 -16.580587832880894
3.1612916381226768 2.8440478495811625 0.7537905339128578 -16.58111338911781
3.143025125685181 2.8459546673927387 0.7543419992896241 -16.581531829496626
3.124779520223404 2.8476583967926006 0.7553173629244444 -16.581650783590447
3.106549040617075 2.8502540429516814 0.7566401815095113 -16.580347799580714
3.0883281067243273 2.85396224268547 0.758217585659616 -16.577424478399863
3.0701118088790578 2.857996590674629 0.7599616376511723 -16.573716327703462
3.0518958940451295 2.860542630049371 0.7618047629517315 -16.571097968180197
3.0336764799416516 2.859873730731196 0.7636790747697976 -16.57134842765392
3.015449725050012 2.8589121678833758 0.7654418897342644 -16.57163633067928
2.997213373871007 2.8572737511816118 0.7670161502829314 -16.5724412559322
2.9789662482442933 2.854690444363181 0.7683484635797503 -16.57415711057247
2.9607080898169276 2.8514053131773416 0.7693778592693926 -16.576679354372285
2.9424399107769426 2.848408655030026 0.7700226283740369 -16.579147126309742
2.924164871109537 2.8457124112992607 0.7702320405293843 -16.581631265997675
2.9058872011775065 2.843464317078613 0.7699684733783818 -16.58402390404366
2.8876115464104264 2.841775515578788 0.7692185172404465 -16.586233256612235
2.8693427961949167 2.840537239133563 0.7679890397734391 -16.58837146169105
2.8510858504677348 2.8398980106487723 0.7663133748132979 -16.590279386431263
2.8328454429250725 2.840381419540971 0.7642570446331057 -16.591405689255968
2.8146260156205343 2.8417943959912217 0.7618899397439638 -16.59191733581654
2.796431592354742 2.8433183826127926 0.7592817588906912 -16.592627113259553
2.7782657681828473 2.845520013156244 0.7565567482335976 -16.592945352316157
2.7601315927218573 2.8490062925217017 0.7538461812903693 -16.59223759921717
2.742031845077808 2.855810690626872 0.7513196566463111 -16.588372390558227
2.7239687632003404 2.8630774289171597 0.748973730677863 -16.584225712855975
2.7059442027532103 2.870120680382203 0.7468549849458854 -16.58043032169803
2.687958983863412 2.8744545453477617 0.7449594092836882 -16.579467716870155
2.6700130659278987 2.8770762132547327 0.743377336173309 -16.580201022159024
2.6521047733154965 2.879232210569803 0.7421997967161744 -16.581234821426072
2.6342311252748685 2.881365142790373 0.7414735396555183 -16.582010152536807
2.616388286884471 2.8834373674484053 0.7412136672420695 -16.582461276807052
2.598571604184223 2.885063785246002 0.7414143221057007 -16.582895035499828
2.580775729751736 2.8862954667144383 0.7420571543053867 -16.583191818215766
2.5629946451510586 2.8872474820978096 0.743106864542432 -16.583197299017986
2.5452220361212006 2.888033875844502 0.7445056780201696 -16.582796933267943
2.5274517838581545 2.890038089489852 0.746154613524755 -16.580638123376794
2.50967874370629 2.8917729051671857 0.7479769768165384 -16.57826051469344
2.4918981357904135 2.8924338036261434 0.7498905873408629 -16.576524450956043
2.4741056220351463 2.891576105595039 0.7518139199352615 -16.575934095306486
2.4562973295836183 2.88994216954154 0.7536516866266807 -16.575832019268745
2.4384705220551175 2.887678843883957 0.7553305747140178 -16.576165437698844
2.4206234472182033 2.8848424839027635 0.7567978631067975 -16.57700265503085
2.4027555876322855 2.8811519840437834 0.7580159329986654 -16.57875621000084
2.384867496849469 2.8773942770961525 0.758918028187528 -16.580780328243755
2.36696166817835 2.8738390945060304 0.7594481095256461 -16.582900493071755
2.34904186303415 2.870571964893514 0.7595853389794816 -16.585094503530044
2.331112538594858 2.867773144171995 0.7593207264174325 -16.587220768593248
2.3131785916264826 2.865499060319252 0.7586609917943692 -16.58923992657413
2.2952451057890477 2.8637754981328496 0.7576307329452487 -16.591125987220384
2.2773171318056673 2.8627612187711664 0.7562721500470241 -16.592705223458882
2.2593995418484445 2.8624499239903756 0.7546401908143152 -16.5939576463581
2.241496850806225 2.8628065753596803 0.7528035445821369 -16.594887242026545
2.223613028415159 2.863698540220246 0.7508416305337223 -16.595599228959056
2.2057515243689547 2.865544001397068 0.7488503508273906 -16.595639791400625
2.1879153941328795 2.8696197432805266 0.7469430090742708 -16.593664059863986
2.170107385399635 2.8754952538278826 0.7451825960614399 -16.59003859617508
2.1523295614955047 2.8824950895623864 0.7436198815165406 -16.585369226377892
2.134583002692816 2.888046031351065 0.7422704151266355 -16.58220646164762
2.116867645344643 2.8913983571316715 0.741186596526956 -16.58122711747346
2.099182179713501 2.893479271081472 0.7404317182590132 -16.581378301785303
2.0815241528739192 2.8950641217154747 0.7400402510129177 -16.58176288135821
2.0638901467041615 2.896393969329702 0.7400166060364334 -16.582030993680668
2.0462758482331087 2.89729901177617 0.7403506243313558 -16.582266141743837
2.028676101830753 2.897960354906339 0.7410185728626358 -16.582217487562126
2.0110851514947177 2.898415947649216 0.7419811559236484 -16.58182109596504
1.9934971163324164 2.8987329318005073 0.743179936851358 -16.581020454238494
1.975906397657659 2.8988395141956134 0.7445452003021651 -16.579922874186217
1.9583078881267972 2.898545868895145 0.7460085259787463 -16.57875874213057
1.9406969311021431 2.8977909788834695 0.7475042464625428 -16.57763664839964
1.9230693929728606 2.896626108665317 0.7489758430769288 -16.576556952067307
1.9054217404018359 2.8949506670647374 0.7503813567829564 -16.575679587548535
1.8877510614518713 2.892481454203243 0.751695735604741 -16.575360035867966
1.8700550568509413 2.8893479160798496 0.7529020024348195 -16.575576838030045
1.8523324915366781 2.8862579052239243 0.7539899340347782 -16.57576241082941
1.834583768318117 2.8825234661178034 0.7549381874376395 -16.57669452196732
1.8168099760691798 2.8783249327802625 0.7556977150625458 -16.578282297129988
1.799013240749723 2.8738350853147625 0.756225321552732 -16.580421609307933
1.7811964959022866 2.8692170448555645 0.7565017908759917 -16.583006040347005
1.7633633121042387 2.865089760263247 0.7565248581341937 -16.58547150274139
1.7455180517629465 2.8615535904819445 0.7563045241901009 -16.587749441950997
1.7276654536862197 2.8586392422314706 0.7558521064974909 -16.589818169229247
1.709810371374114 2.8563674935052514 0.7551865862675702 -16.591647710015373
1.691957561181741 2.854772270856026 0.7543364946801538 -16.59318055032023
1.674111518285419 2.854112701394176 0.7533435204445227 -16.594121083130513
1.6562764168566493 2.8540267873083596 0.7522533597203714 -16.59479205041767
1.6384558110172185 2.8546376799027535 0.7511208310901876 -16.595024019238515
1.62065275435161 2.85711147640757 0.7500145368889345 -16.593577828934993
1.6028700378076075 2.861983176834258 0.748997489480547 -16.58982339978745
1.585109831621592 2.8673101747078915 0.7481063782106262 -16.58563682037927
1.5673728929240256 2.8715483432950766 0.7473987182610947 -16.582497761793768
1.5496585242750474 2.8740264707787255 0.7469434365657842 -16.58099933931382
1.5319646917218848 2.875262167581818 0.7467719983796094 -16.580526246569868
1.5142884527810643 2.8757327700534066 0.7468863925382575 -16.580501156212435
1.4966260369488171 2.8758303281423188 0.7472802824282946 -16.58044351910449
1.478972987199869 2.8757405967839653 0.7479340385825965 -16.580103726889426
1.4613243891335634 2.8754139607339826 0.7488147745848489 -16.57949964619654
1.4436751025417889 2.874848874744056 0.7498811777356116 -16.57863032726427
1.4260200699596282 2.873962040542167 0.7510874818978568 -16.577591824911757
1.4083544221816202 2.8726977982557176 0.7523862819346946 -16.5764649145585
1.3906736104222535 2.8711149947813426 0.7537332067037533 -16.575228151333526
1.372973585547047 2.869237719557614 0.7550926573284789 -16.573899013100682
1.3552508092169986 2.867037205115256 0.7564416568867445 -16.572555717737586
1.3375022650745765 2.864101045545704 0.7577788317541726 -16.571668181439495
1.3197252370679633 2.8604902364011817 0.7591073565145946 -16.571265764670322
1.301917903249441 2.8566076453853744 0.7604260203185915 -16.571056586301182
1.2840797352396658 2.8526859514644736 0.7617281231136169 -16.570900327800597
1.266211235940434 2.8481952394524384 0.7629982776983373 -16.571376467350866
1.2483131243423249 2.8430401944927066 0.7641977425568187 -16.572635992726795
1.2303866884317953 2.8375322042743067 0.7652729743083837 -16.574428876062726
1.2124340884484277 2.831867815769553 0.7661788254154621 -16.576601469717676
1.1944581242670311 2.826283337685221 0.7668854295542177 -16.578952730943897
1.1764621834396989 2.820992386616225 0.7673778203603773 -16.581292611741418
1.1584500883255822 2.8161625612422694 0.767653986506806 -16.583464521913434
1.1404259249441595 2.811931591444925 0.7677242518621541 -16.58532885680179
1.1223938786912662 2.8083938269616446 0.7676104107306108 -16.586776060586622
1.104358057170417 2.8056675448174238 0.7673444773336187 -16.587659756896038
1.0863223992091506 2.8035224716198037 0.7669626110445358 -16.588169341257093
1.0682903411471163 2.801791778871425 0.7665034968668563 -16.58842746561219
1.050264777692762 2.800552542021492 0.766007950292541 -16.58830923528036
1.032248162106313 2.800772549882809 0.7655287957737094 -16.58678539419526
1.0142430138365246 2.8012522539856657 0.765123711396957 -16.584983794549856
0.9962503011637499 2.80117030533851 0.7648651904131859 -16.583659263648254
