7.816071581441042 0.035619581578877936 1.1521910016467531 -14.81081235161699
7.738781966781922 0.03786553179545332 1.1582666346500268 -14.808367772393083
7.661457668686973 0.040577328046209886 1.164604497473755 -14.805302966218619
7.584129423774877 0.040855867933141915 1.1709789409890843 -14.804543668135013
7.506808231650848 0.04070576922285014 1.1767557976437877 -14.804067705000355
7.429494788307506 0.039946050718474145 1.1816983977872109 -14.80400448547502
7.3521900327769725 0.03791082380210363 1.1856901475388584 -14.80493611151452
7.274895470810306 0.03520912740333099 1.1886023898850218 -14.806159194522236
7.1976136650653855 0.033012250366944586 1.1903339180440091 -14.806412164077623
7.120341902391501 0.031114830383080484 1.1909489164930187 -14.805812312709723
7.043080048781972 0.029283867257938117 1.1905987544873116 -14.804528698744944
6.965833971542931 0.02700288952797972 1.1895271222740342 -14.803027622064475
6.888618347199056 0.02357483068497138 1.187973043432262 -14.801958281291386
6.811451099974947 0.0190101355228097 1.186155215726148 -14.801290044813696
6.734346959382113 0.013055138559254088 1.1842608793011649 -14.80124844723572
6.657318687647779 0.0063741510511860795 1.182458191383279 -14.80120201606251
6.580375742043448 -0.0001407800750651074 1.1809072060797028 -14.800337172023646
6.503526192381337 -0.006437505984664479 1.179755942052974 -14.798652739731097
6.426778883109679 -0.013724000656558885 1.1791369218897672 -14.797327945639015
6.35014509574191 -0.021507874157233698 1.1791571008884465 -14.795981474622641
6.273631089929766 -0.029393943409502663 1.1798894542482963 -14.794317663656395
6.197241413231287 -0.037276571077636225 1.1813753677600982 -14.792301711109012
6.120980591329473 -0.04509321558708906 1.1836192668739074 -14.789937694794952
6.044854141434576 -0.05281399493312915 1.1865823589563165 -14.787259858289993
5.96886946649425 -0.06035615853078375 1.1901737384181794 -14.784249559684627
5.8930373159670255 -0.06731547294310379 1.194211114193225 -14.780589450689371
5.8173706985997615 -0.0761416475150536 1.1986051495561547 -14.778529702852246
5.741889279977314 -0.08648543772084048 1.2030508377174474 -14.77779622721908
5.666602027152392 -0.09812824718351536 1.2071954568001608 -14.778244793815958
5.591511635954531 -0.10993631661539138 1.2105841833353117 -14.778904458690107
5.5166126463250285 -0.12047167896095913 1.2127683663020599 -14.778478592883038
5.441893899879152 -0.1306078965903507 1.2135468202505766 -14.777748390889107
5.367346858082986 -0.1405003692075039 1.2128448467756947 -14.776842771911896
5.292965450535086 -0.1500941080200186 1.2106794879094158 -14.775698679179488
5.218745782578537 -0.15928694547418804 1.2071432383316774 -14.774212362240506
5.144685022643849 -0.16801790196296426 1.2024065799416614 -14.772322623637773
5.070781564785131 -0.17630188832583651 1.1967115929339587 -14.770047059198099
4.997034287200681 -0.18374052631936755 1.1903679611543878 -14.76705015971841
4.923441186775003 -0.19086908761921342 1.1836793634158886 -14.763863701640446
4.850002568772452 -0.2007857184988592 1.1768728499327696 -14.763384220424316
4.776728299880532 -0.21532033652676014 1.1702567216588748 -14.76733667268817
4.703633512602514 -0.22205881170904698 1.1647322722961486 -14.76439357121355
4.630708035757555 -0.22955803093929647 1.1602406946387556 -14.762368502701058
4.557946331661332 -0.23862735185044823 1.1570888280717138 -14.761980143475764
4.485339268554907 -0.24882571709049314 1.1556086597444908 -14.762811655164516
4.41287847150817 -0.2614652924571747 1.1561140074972072 -14.766106589255367
4.340561784903802 -0.27577279068438576 1.158823294300772 -14.77119991261936
4.268389822292733 -0.2907907446387497 1.1637894311402825 -14.777254990874708
4.196363120212668 -0.30632798721794813 1.1709566604971349 -14.784135432682179
4.12448140769258 -0.3169807320909882 1.1796444205194172 -14.786818381800064
4.052735503144689 -0.3225159204851162 1.1893661047182993 -14.785080040152698
3.9811182459829646 -0.3272651620164971 1.2000517385826825 -14.782954924687655
3.909631728017645 -0.331957057207204 1.2112435015988878 -14.781104616248442
3.8382812688027395 -0.33744647508049924 1.2224808888951804 -14.780338092039276
3.767063996991691 -0.3440458138469263 1.2332822253095657 -14.780958639763476
3.6959710431378223 -0.35218272109610177 1.2431701854502006 -14.783387182218686
3.624992178731973 -0.3597487284773998 1.2515609236204872 -14.785577289129776
3.554114468991187 -0.36623365649549905 1.2582110654590588 -14.786976516953754
3.4833277356036034 -0.37205439463732143 1.2630510290365382 -14.787912065463715
3.4126264048437416 -0.3772428621262723 1.266089862223614 -14.7883301098882
3.3420081019979846 -0.3819867951100196 1.2674273092258452 -14.788324508585719
3.27147336804867 -0.3861102260361779 1.267216652319543 -14.787652145263248
3.201024161910095 -0.3893041952351622 1.2657057388239568 -14.785966568998377
3.130663287374319 -0.39278625071212725 1.263203876883761 -14.784402637707167
3.0603962254082684 -0.39757097253600365 1.2600360587126453 -14.783916512707565
2.9902294437492882 -0.4030238720640086 1.2565898933553632 -14.783918946600737
2.9201666817923444 -0.40892077138937266 1.2532382011058742 -14.784224259138185
2.850210299452383 -0.41720681032797025 1.2503368666535488 -14.786718321760228
2.7803643298547285 -0.42927992701648515 1.2483013683874709 -14.792795055054327
2.7106345122701265 -0.4366841765314658 1.2475710710742043 -14.794477887128618
2.6410172787100796 -0.4409202006403252 1.248308983720685 -14.793303007736446
2.5715100746470614 -0.4446810367896508 1.2506659558837183 -14.791970578188359
2.5021123092176945 -0.4484378233969773 1.2546740366160503 -14.791041576605641
2.4328227517353156 -0.45386423516519064 1.260348746513549 -14.792204502276284
2.3636404363580485 -0.45734304353007066 1.2672686454856827 -14.792004081749795
2.2945597216871048 -0.459706365642543 1.2751350942584008 -14.791231020218321
2.2255750263873693 -0.46287363702642664 1.2836562136111622 -14.79170777170791
2.1566815195633606 -0.46675834418433787 1.2923823119320546 -14.793331940901092
2.0878711976686244 -0.4682999431737614 1.3006665284178724 -14.793096124957671
2.0191327249853925 -0.46881084658939504 1.308279142564709 -14.792294120909062
1.9504560322605 -0.46925418708365496 1.3149584611688678 -14.791874312856246
1.8818311725857628 -0.4708564461336788 1.3204662596660988 -14.793043509501734
1.8132476716707753 -0.47195895911694125 1.3244759033266358 -14.794143337921868
1.7446947057089022 -0.47282299860902727 1.3269126843174335 -14.795422549278603
1.6761626858797538 -0.4728378885290673 1.3277870974428823 -14.796236886840106
1.6076438431932296 -0.47171132556762785 1.3272507964217042 -14.796254460046944
1.5391323085162523 -0.4701770653178369 1.3255266523736273 -14.796163896306973
1.4706234545326646 -0.4682489531959396 1.3228579761458648 -14.79592306132015
1.4021142343079054 -0.46601743436849014 1.319502919366352 -14.795577036423788
1.333602822422169 -0.464484373700484 1.3156702196929304 -14.79609088008465
1.2650885940218368 -0.4664559223294799 1.311520036848654 -14.800239716823846
1.196571760057963 -0.4704005041714813 1.3073481703943517 -14.806439925703613
1.1280570876701241 -0.47373058818412 1.3034796212526638 -14.812129139777076
1.0595530932355772 -0.47511997940024014 1.3001458991802441 -14.816080797439492
