3.616094177337867 -0.1598310496870964 1.569278169092869 -1.5707963267948966
3.616094177337867 -0.15830609050435718 1.569278169092869 -1.5692713676121572
3.6160942005212986 -0.15596960216207198 1.5692739519532128 -1.566934879269872
3.6160942595131527 -0.15344128982468186 1.5692634850949188 -1.564406587049215
3.616094226904595 -0.1519631609036635 1.5692502535157868 -1.562928563421765
3.6160935481369507 -0.15104354731780856 1.56923899794234 -1.562009255222941
3.6160910677645752 -0.1502181613446183 1.5692359791097221 -1.5611845123706403
3.6160850314653588 -0.1494142896671582 1.5692527636540117 -1.560381817536637
3.616073009881014 -0.14858848002351646 1.5693053081625632 -1.5595580112127676
3.616051856315595 -0.14781064654785825 1.5694115086632863 -1.5587834316651779
3.616017719297705 -0.147035937456398 1.5695832868448671 -1.5580137685217088
3.6159662870175753 -0.14623272891116706 1.5698312864125257 -1.5572180927779113
3.6158928491981643 -0.14537137737571673 1.5701624939230652 -1.5563676318456992
3.6157923414436657 -0.144429080445555 1.5705785315836114 -1.5554406365677265
3.615659404849424 -0.14339097935814657 1.5710767591552908 -1.5544234738677876
3.615488465958944 -0.14223949174125236 1.571650886913121 -1.5532999399638798
3.615273831930683 -0.14097075360996217 1.572291783216073 -1.5520676761286183
3.615009784675378 -0.13960547664342546 1.5729891467150552 -1.5507489874943008
3.614690672475633 -0.13815936018063724 1.5737324523871772 -1.5493612050608663
3.6143110018589293 -0.13668893907252078 1.5745116771026821 -1.547962533340898
3.6138654629320164 -0.1351643115632295 1.5753187872522103 -1.546524656210628
3.613349040780242 -0.13362833507888178 1.5761508439205933 -1.545091875390141
3.612757103024431 -0.13208107868489188 1.5770091875633074 -1.5436653460064633
3.612085596095295 -0.1305135341968656 1.5778994734721503 -1.5422366434544255
3.6113312320386584 -0.12893677043601337 1.5788275250334494 -1.540816835145824
3.610491624065792 -0.12771746594474045 1.5798016124282912 -1.5397725261295558
3.609565016310078 -0.12686148276913964 1.5808201182505413 -1.539108760421567
3.60855048727494 -0.1259525359526209 1.5818686426378097 -1.5384076355971414
3.60744815872753 -0.1251149155052376 1.5829265344834638 -1.5377928669815728
3.6062584485301517 -0.12441700879635532 1.5839697766461485 -1.537332151087145
3.6049820206983965 -0.12392209138396161 1.5849788121710424 -1.5370882090081277
3.6036196421759565 -0.123608784110275 1.5859421681374573 -1.5370391598268964
3.6021721122272177 -0.12341039578655376 1.5868549780102297 -1.5371179673076196
3.600640182508924 -0.12328038439617625 1.5877167455839294 -1.5372780116311011
3.59902447131172 -0.12318240461888708 1.5885314211831691 -1.5374830927450789
3.597325410124982 -0.12309330215969877 1.589305866891208 -1.5377103843409872
3.5955432173514534 -0.12297689167834219 1.590048184613377 -1.5379240911057117
3.5936779186582064 -0.12282577612617224 1.5907691450175703 -1.5381173068707064
3.5917293466305567 -0.12256429659034292 1.5914795849295436 -1.538214663771001
3.589697235603076 -0.12223120850558435 1.5921900643729585 -1.5382555161940368
3.587581155786472 -0.12186054712623533 1.592907395842866 -1.5382742265080311
3.58538061494152 -0.12148243870019887 1.5936348947363126 -1.5383011138400469
3.583095107118201 -0.12108229642135379 1.5943731367745908 -1.538321602443608
3.5807241658704707 -0.12066870583232293 1.5951211727757322 -1.5383443709447853
3.5782673437817984 -0.12025021570500702 1.5958771835708445 -1.538378078894185
3.575724206404343 -0.11981886044406313 1.5966390353756525 -1.5384148221451766
3.573094342756588 -0.11936479307418524 1.5974046716424302 -1.5384448183617903
3.5703773617767003 -0.11887816059084955 1.5981721806920595 -1.5384582726575184
3.5675728905163395 -0.11836295504363419 1.5989398804649864 -1.538459261237069
3.5646805642573187 -0.11782616982799157 1.5997061417483507 -1.5384548078673714
3.5617000343676986 -0.1172704078215051 1.6004692987353826 -1.538447461923272
3.5586309816896406 -0.11669560581870221 1.6012278386098253 -1.5384370363858357
3.5554731255216736 -0.11610234723455788 1.6019804280690368 -1.538423940169933
3.5522262277818153 -0.11549181148270565 1.6027258144591052 -1.5384091310959018
3.548890096216166 -0.1148654532061596 1.6034627901203937 -1.538393799230999
3.5454645865898615 -0.1142248294727112 1.6041902031847448 -1.5383792004249437
3.5419496035509694 -0.11357217400594465 1.6049070003293109 -1.5383672410626825
3.538345099570985 -0.11291447803004397 1.605612310684865 -1.5383645880866794
3.53465106893783 -0.11224840361308847 1.6063055247351905 -1.5383675018026564
3.5308675571569776 -0.111570965037304 1.606987519222542 -1.5383725746522052
3.5269946570303388 -0.11089601093612073 1.6076603900893158 -1.5383933015300655
3.523032491167544 -0.11023274070887425 1.6083269868802095 -1.5384384590867204
3.518981216819849 -0.10957731112196577 1.6089905194761915 -1.5385036661893212
3.514841039136437 -0.10892576037027447 1.6096543320280836 -1.5385844009441643
3.510612211294596 -0.10827407985465332 1.6103216444094952 -1.5386760853764854
3.506295033449701 -0.10761831552803827 1.610995330164173 -1.5387742036507484
3.5018898499663265 -0.10695469276702055 1.6116777339089055 -1.5388744465200432
3.497397044616888 -0.1062797217355298 1.6123705348747441 -1.5389728369081694
3.4928170337407787 -0.10559030630235461 1.6130746574966985 -1.5390658579385126
3.4881502575838583 -0.10488444431638176 1.6137902414085492 -1.5391511735765644
3.4833971696103645 -0.10416125874594241 1.6145166555382322 -1.5392276706828014
3.478558224969523 -0.10341940254132637 1.6152526836259158 -1.5392938543038492
3.4736338706824688 -0.10265686004482488 1.6159966089955267 -1.539347646590319
3.468624536855566 -0.1018718002773857 1.6167461830424266 -1.5393872438695766
3.4635306281151097 -0.10106426879168075 1.6174986861706109 -1.5394128117128434
3.4583525148932917 -0.10023650136692422 1.6182510539927273 -1.539426785209639
3.4530905261835545 -0.09939140472188802 1.6190002594497446 -1.5394323104965062
3.4477449464469863 -0.0985400728699014 1.6197436359104571 -1.5394407845801517
3.442316008559993 -0.09769047301503901 1.6204789587870112 -1.5394604211545908
3.4368039004705326 -0.09683991137053785 1.6212045141339515 -1.5394886343534457
3.431208781769538 -0.09598558063410326 1.6219192571763807 -1.5395226462054288
3.4255307930064056 -0.09512463934339531 1.6226228807892087 -1.539559542247069
3.4197700670824074 -0.09425447703941751 1.6233158346439311 -1.539596520871031
3.4139267417609216 -0.09337273785422918 1.6239992970477752 -1.5396309073035057
3.4080009726381992 -0.09248387389729681 1.6246751479869863 -1.5396667556427448
3.401992939621726 -0.09161008540149387 1.6253459403323758 -1.539725872415467
3.395902841811874 -0.09075658209271752 1.6260149958649335 -1.5398127840616123
3.389730923814384 -0.08992574888245985 1.6266866261497614 -1.5399290374953556
3.3834774879170775 -0.08911759974536348 1.6273658275619414 -1.5400736803013118
3.3771429040541396 -0.08833012043114949 1.628057946097627 -1.5402436380337508
3.3707276168536753 -0.08755935923227744 1.6287683140237261 -1.5404338470248913
3.364232149225007 -0.08679962829524966 1.6295018699585018 -1.540637506534827
3.357657101813086 -0.08604387563987684 1.6302627790734956 -1.5408465093133483
3.3510031477049576 -0.08528380126988687 1.6310540692373885 -1.5410516167258907
3.344271022532957 -0.0845120994189142 1.6318773245137077 -1.541244776604126
3.3374615081839702 -0.0837154238001847 1.6327323700502678 -1.5414120829445765
3.3305754198667805 -0.08288223888266293 1.633617077810371 -1.5415417575698618
3.3236135796159085 -0.08201136643295859 1.634527289606832 -1.5416327885077914
3.3165767806896924 -0.08109632306645471 1.635456975160058 -1.541679113707661
3.309465770693566 -0.08013211839347227 1.6363985690987426 -1.541676484789486
3.3022812264935535 -0.07913211012159836 1.6373432677405282 -1.5416394319105775
3.2950237170757313 -0.07816130214670426 1.6382817516299601 -1.541634740360003
3.2876936425139154 -0.07723599820411564 1.6392038643096958 -1.541680160249732
3.280291264181564 -0.0763731442783016 1.6400995220196841 -1.5417941372205994
3.2728167106786583 -0.07549236346165031 1.6409583300495822 -1.5418968972637213
3.2652700880834713 -0.07458505055486252 1.6417754273120737 -1.5419808150606553
3.257651414303683 -0.07364647913577561 1.6425495987999768 -1.542041801617183
3.2499606408761004 -0.07267212568728428 1.6432838177681983 -1.5420754787776765
3.2421976894218467 -0.07166257581378736 1.6439829174335296 -1.5420821397566102
3.234362485593504 -0.07062442199480479 1.6446518724111259 -1.5420677128848326
3.226454989023314 -0.0695579839214956 1.6452955162326377 -1.542031441181982
3.2184752285171516 -0.06848825589311805 1.6459193273972574 -1.5419971567639796
3.2104233019392323 -0.06743377753288139 1.6465294159221613 -1.5419819840660591
3.20229940257122 -0.06647736180342775 1.647135352675269 -1.5420677553977629
3.1941037746797925 -0.06560064050466718 1.6477472978548502 -1.5422339720227614
3.1858368082709836 -0.06479047922275218 1.6483751814884446 -1.5424653762956195
3.177499036010119 -0.06405508636903731 1.6490280792071266 -1.5427682755323573
3.1690911178512207 -0.06336863208687057 1.6497134194535918 -1.5431148079163766
3.1606138521501714 -0.06269907608174811 1.6504372487555372 -1.5434713102795399
3.1520681485434885 -0.06201408921010567 1.6512047766691234 -1.5438043782655706
3.143454987764057 -0.06128184720560841 1.6520190786572964 -1.5440816374128832
3.1347753833419074 -0.06047584147681452 1.6528798593482568 -1.5442765551640185
3.12603034570339 -0.059577312521905706 1.6537828645466008 -1.544370844330713
3.117220849687416 -0.05857482562230909 1.654719793483228 -1.5443539756801574
3.108347807274202 -0.057454893537912284 1.6556785537025593 -1.5442136619209217
3.099412053446303 -0.05638188675245478 1.6566457544654813 -1.5441170692343318
3.0904142043867795 -0.05537598813660734 1.6576063263646927 -1.544085803781264
3.081354780211852 -0.054414216004406796 1.6585440034967882 -1.544097934029522
3.072234243419669 -0.05346699058238966 1.6594435912168715 -1.5441250270667177
3.063052987364965 -0.052538159712690026 1.6602923164171228 -1.5441723250767603
3.053811301550485 -0.051614504144059006 1.6610810706120318 -1.5442277458637204
3.0445093936151175 -0.050678908150176206 1.6618075634480414 -1.5442751098073448
3.0351473942554037 -0.049718172672398635 1.662474430356377 -1.544301822708871
3.0257253727108258 -0.04872594611201752 1.663087448955769 -1.5443017044498117
3.0162433625333755 -0.04770264766609256 1.6636541078978597 -1.544274868412639
3.0067013937238256 -0.04665420984213425 1.6641825672293666 -1.5442264819801026
2.9970995260696114 -0.0456025592750874 1.6646809888835672 -1.5441774057226696
2.987437869575094 -0.04456163972201729 1.665157069680148 -1.5441401217028778
2.977716619353238 -0.043520728330268 1.6656197330915128 -1.5441021348360051
2.9679360869183236 -0.04251354960226884 1.6660799233609618 -1.5440957579333483
2.958096659078855 -0.041634762689891504 1.666549920481097 -1.544214753779097
2.9481987571638375 -0.040869395829811486 1.667041323065482 -1.544442453238936
2.9382428967680747 -0.04016376784541244 1.6675640186892307 -1.5447235031515156
2.9282296947433664 -0.03947072196716343 1.6681254211698007 -1.545009539998637
2.918159844714755 -0.03874718524002478 1.6687298964760822 -1.5452567109995134
2.908034096850809 -0.03796392567806475 1.669378544939377 -1.5454354883144716
2.8978532340325254 -0.0370978736441457 1.6700696496525265 -1.5455228875282512
2.8876180508366303 -0.0361333043942159 1.6707985766342246 -1.5455036177967159
2.8773293340753296 -0.03513118193072976 1.6715583949343051 -1.5454398505870048
2.8669877964899966 -0.03414945195676109 1.6723399767145153 -1.5453906869110872
2.85659407092078 -0.03318462255686649 1.673132143250284 -1.5453533136266797
2.8461487475182037 -0.03223795516273957 1.673922670073648 -1.5453297852557537
2.835652367733483 -0.031297925700726 1.674699377145202 -1.5453093051163675
2.8251054307754124 -0.030376375107776934 1.6754510339377886 -1.5453045981452258
2.814508371295447 -0.02947996054811561 1.67616810142445 -1.5453231300146268
2.803861566669796 -0.02861500676759016 1.6768430103879595 -1.5453720488057183
2.7931653358009805 -0.027766987134604352 1.677470121937274 -1.5454374717786241
2.7824199593909924 -0.02691880510997208 1.6780480967405818 -1.545502828034402
2.7716256810233713 -0.026060366771305434 1.6785792568425977 -1.545558361901227
2.760782710335019 -0.025188184351740413 1.6790681727990897 -1.5456006391504788
2.749891237048721 -0.024303501700771613 1.67952064539861 -1.5456306391759496
2.7389514508161033 -0.02342128714939161 1.679943016442489 -1.5456628369778305
2.727963554787215 -0.022558197878890185 1.680341652505184 -1.5457131182239108
2.716927790912976 -0.0217112254061958 1.6807230050418744 -1.5457774146527357
2.7058444730027 -0.020876186613188633 1.6810949177591314 -1.5458504627815635
2.694713987704483 -0.02004882668664854 1.681465974283338 -1.5459269391974244
2.683536793435795 -0.019215021137412497 1.681844853183935 -1.5459916348878548
2.672313424084341 -0.01835596436983744 1.6822397057606193 -1.5460247524287636
2.6610444861695695 -0.017480958596550723 1.6826581391682127 -1.5460349866621843
2.6497306290781073 -0.016592864667672142 1.6831073157841674 -1.5460247581763331
2.6383725353763134 -0.01569362105774868 1.6835926586109822 -1.5459957739771608
2.626970906709158 -0.014785977856583653 1.6841171336049674 -1.5459507624309994
2.615526449417248 -0.013873929651675169 1.6846808829656035 -1.545893892625437
2.604039861131474 -0.01296238562239909 1.685281121040046 -1.5458304222931136
2.592511819202793 -0.012056754567257062 1.685912388957355 -1.545766251453242
2.580942970714129 -0.011154788956011182 1.6865667081441837 -1.5456996986863731
2.5693339287595913 -0.010258280687580869 1.6872338421760273 -1.5456332652357425
2.5576852585647023 -0.009380799982209335 1.687902317231323 -1.5455814068027895
2.54599745820275 -0.00853140514327432 1.6885599179350341 -1.5455541316413013
2.534270954166701 -0.007715516113096311 1.6891939103723808 -1.5455578434680903
2.522506098550813 -0.006949920427598218 1.6897916023076813 -1.545610372146437
2.5107031612945607 -0.006226598409721915 1.690340971678349 -1.5457045074493174
2.4988623762751514 -0.005523329815983514 1.6908371093790238 -1.5458186637186937
2.4869839499831823 -0.004817355971162622 1.6912803178796725 -1.5459305247063277
2.4750680640627425 -0.004101538696674636 1.6916740729852204 -1.5460332041437277
2.463114874991734 -0.0033730216878219547 1.6920235235800685 -1.546123757447269
2.451124534156771 -0.0026335931959905767 1.6923345940619887 -1.5462035868453818
2.439097206977644 -0.0018875430380095755 1.6926133867428914 -1.5462763424614394
2.427033091511841 -0.0011450908279976837 1.6928657964772407 -1.5463514413683743
2.4149324307075224 -0.0004116875710209328 1.6930972683363934 -1.5464333771113328
2.402795530167471 0.0003244888672317002 1.6933133342844007 -1.5465092503085722
2.390622784948246 0.001066430203263878 1.6935216033322409 -1.5465751167360524
2.3784146734167373 0.0018184647107729577 1.6937316193285175 -1.5466257413041729
2.3661717560530677 0.0025909958670851945 1.6939549297989516 -1.5466498177002264
2.3538946783705277 0.0033740772201414264 1.6942043182211852 -1.5466565498137965
2.341584149522807 0.004063327225711806 1.694492504451273 -1.5467499288148105
2.329240874768697 0.0046609665111416515 1.6948302977755563 -1.5469263426825428
2.316865632475815 0.005193138944563619 1.6952259039302386 -1.547158203497162
2.3044592769678465 0.005700068575794358 1.6956847881563302 -1.5474042811340725
2.292022735586815 0.006237356161815279 1.696208129063468 -1.5476084395742915
2.279556999558851 0.00686183169133783 1.69679228590739 -1.5477138622148345
2.2670631053358488 0.007685936528148015 1.6974288040969931 -1.5476085148383083
2.254542143157834 0.008546675647885521 1.6981058658484807 -1.547457605324326
2.241995070272579 0.009424000243932381 1.698808470410043 -1.5472827315978204
2.229422748986946 0.010319106168628162 1.6995188799023455 -1.5470846305630321
2.2168259216349435 0.011176183344866303 1.7002167557060248 -1.5469214963053894
2.2042051587918543 0.011966778928346834 1.7008799782209525 -1.5468239827863148
2.1915608571874348 0.012677037331015703 1.7014856761654467 -1.5468079941033057
2.1788932486810166 0.013323694578150122 1.7020136219697586 -1.5468583525475492
2.1662024629723136 0.013950115829583878 1.702452228788139 -1.5469328525071773
2.1534885586968957 0.014583016099830605 1.7027978638566368 -1.547005819550359
2.140751526017587 0.015237033608617218 1.7030543547011419 -1.5470634329057764
2.1279912853555323 0.015913421310038277 1.703230722352138 -1.5471049240671157
2.1152077009979187 0.016602607380836576 1.7033392117845234 -1.5471399348260166
2.102400608565848 0.017311507620082572 1.7033937979627574 -1.5471611241355767
2.08956986293422 0.018046078456743858 1.7034089488044162 -1.5471618592841667
2.0767153593218404 0.018809149566462628 1.7033983059984323 -1.5471383422020246
2.0638370578630423 0.01952069114946043 1.7033733141232366 -1.5471695497876201
2.050934963658367 0.020204829871624686 1.7033435057716937 -1.5472294208360409
2.0380092194267143 0.020813962124304353 1.703316164454118 -1.5473636721498374
2.0250600896780626 0.021327730014290055 1.7032992797021795 -1.547590202566704
2.0120880250046116 0.021749399638324878 1.7033032671663353 -1.5479027229301405
1.999093717867563 0.02204248603048557 1.7033405400509678 -1.5483343687332887
1.9860781240469274 0.02209153955403512 1.7034257102428643 -1.5489969516537836
1.973042418295899 0.02194338952750712 1.7035772704728716 -1.5498393805101427
1.9599880575146993 0.021656552547206727 1.7038144278230523 -1.5507997180806767
1.9469167551448987 0.021344128905471032 1.7041521630169114 -1.5517624655688276
1.9338304347141004 0.021079452610697085 1.7045962461727724 -1.552653479256631
1.920731118207342 0.0209460662286334 1.7051426346473633 -1.5533895281975534
1.9076208977295546 0.02101075047717392 1.7057785730200077 -1.5539052928853492
1.8945018827633133 0.021310150109142233 1.706484733043739 -1.5541665831076779
1.8813761431935625 0.021760117681918593 1.7072378738084262 -1.5542607945285392
1.8682456147573752 0.02227558942121096 1.7080109825744314 -1.5542762880820924
1.8551120431045045 0.02291151848673467 1.7087709971942635 -1.5541613560857823
1.8419769980979308 0.023670343063562718 1.7094827299476472 -1.5539181674276885
1.8288417089172453 0.024343734862574178 1.7101095536602782 -1.5537608782758243
1.8157068700414427 0.02513557534731908 1.7106113535512972 -1.5534914587187592
1.802572832752843 0.02580419895143412 1.7109643673646382 -1.5533590084964688
1.7894392981034999 0.026418787939350565 1.711168652049157 -1.5532999895559987
1.776305540540609 0.02724780491835602 1.7112399556002378 -1.553050759727017
1.7631705139415779 0.028343886144081367 1.7112039261048169 -1.5525634966044652
1.7500327634887842 0.029673879043383356 1.7110843500971928 -1.5518746859632788
1.7368904781139354 0.03109819957028696 1.7109017014340273 -1.5511257086538621
1.723741607123572 0.03251489521082328 1.7106747719640971 -1.5504180857279253
1.7105840547703133 0.03388080932857404 1.7104189004934118 -1.5497926940367712
1.697415852933759 0.035134230420620666 1.7101436902412213 -1.5493078616412
1.6842352471287192 0.03621950415989617 1.709854681906693 -1.5490147951822069
1.671040785204321 0.037059062424863384 1.709558612644184 -1.5489860738409393
1.6578313600662604 0.037662703710369325 1.709263993970781 -1.549206265720039
1.644606295076947 0.03832626046052875 1.7089808889643383 -1.5493731708998404
1.6313655291291496 0.03885052065519167 1.708712601814938 -1.5496819668112025
1.6181092128554506 0.039202985314135075 1.7084570361711486 -1.5501584607804144
1.6048380987792863 0.03883426905548916 1.7082161779797982 -1.5513451319279532
1.591553427204696 0.03798188092368908 1.7080106992925543 -1.5529932201907155
1.5782573357747025 0.03664857325117094 1.7078607292150227 -1.555091703483958
1.5649524629965037 0.03497409009879962 1.7077842863521733 -1.5574941275994831
1.551641921423573 0.03315641486303227 1.7077912309445193 -1.5599978950815598
1.5383292547979224 0.03139068721864477 1.707882179171962 -1.5624058809225554
1.5250183193511913 0.029859000200314272 1.7080490798780137 -1.56453669704219
1.511713145914155 0.028690711874563783 1.7082763761813848 -1.5662642594424647
1.498417782370463 0.02801709667211809 1.7085431743678017 -1.5674627386615878
1.485136172542502 0.027763983559485155 1.7088273278882216 -1.568213456072954
1.4718719633142046 0.02775740158785816 1.7091078199707173 -1.5686977082830182
1.4586283773175601 0.027989157916543793 1.709366722571554 -1.5689308024151352
1.4454081755655057 0.030232989096050253 1.709597514239914 -1.567150542593125
1.4322140262829917 0.03503480142368986 1.7097863817135066 -1.5628325942992904
1.4190479327824572 0.04298624656373877 1.7099202882790894 -1.5554113956531972
1.4059111808691578 0.05066107569210432 1.7099429777244295 -1.5483344971095647
1.3928033446690953 0.05499405090397211 1.7098081954934519 -1.5446676476281993
1.379722416244061 0.05744768945800165 1.7095492344021248 -1.5429387502243104
1.3666658412461647 0.05888996752119324 1.7091980701862843 -1.5422761222753651
1.3536306973499082 0.06008422598833273 1.708791500112985 -1.5419169065203477
1.340613681366545 0.06145671634693372 1.7083688038932467 -1.5414377720145414
1.3276111376926936 0.06305809975263334 1.7079636127755071 -1.5407914681855845
1.3146190849839081 0.06525240266786107 1.7076104149115159 -1.5396160575589466
1.3016335625993551 0.06801480255726096 1.7073338629311545 -1.5379389661659844
1.2886505670059198 0.07036467707137888 1.7071434858060572 -1.5367423531595463
1.2756656732125837 0.0723296016744089 1.707058655571757 -1.5359918769559118
1.2626747891191374 0.07418975616605708 1.707087699442775 -1.5353990388088166
1.2496744837981564 0.07560173673738013 1.707219200686204 -1.5353003836689538
1.2366617760985323 0.07657067983768462 1.7074296647243192 -1.5356799415529205
1.2236347034011748 0.0777150025916055 1.7076816126197953 -1.5359068316067686
1.2105929000560665 0.07833093956887663 1.7079418601790242 -1.5366800803886913
1.1975359922497109 0.0772440619750772 1.7081612553609957 -1.53916220146062
1.184464076848651 0.07487577305443882 1.7083180968660687 -1.5429072644101363
1.171379204440042 0.07181509473474454 1.7084225276784306 -1.5473061157471932
1.1582851069676845 0.0690907902388148 1.7084982756057647 -1.5513164138279238
1.1451877076435426 0.06697062252344121 1.7085639014782803 -1.5546690585325313
1.132094035412091 0.06569733870625481 1.7086579052525266 -1.557126397823568
1.1190115207321814 0.06472240875215746 1.7088156614848793 -1.5592466208758562
1.1059469512560511 0.06380465421144214 1.7090652806835394 -1.5612774545240862
1.092906581977519 0.06298493587343251 1.709420882239261 -1.5631842078034697
1.079896133346494 0.062479657925343775 1.7098810979924595 -1.5647583517394115
1.0669207183103193 0.06240981635086205 1.7104223174407645 -1.5658888606753885
1.0539848885550192 0.06246485080240319 1.7109966830018983 -1.5668960731266508
1.0410926214324585 0.06534929249217487 1.7115588363782555 -1.5650909780907951
1.0282481293220807 0.07226039390422788 1.7120481556722287 -1.5593124913921403
1.015455100877465 0.08136990087658755 1.712400986861549 -1.551427118759487
1.002715771384258 0.09013287878191463 1.7125588591071637 -1.5439991463742946
