7.831000742454963 1.2928703786115983 1.983354241310326 -21.79237573189721
7.7356133571916486 1.2940364856207809 1.9783614952444606 -21.791881661668697
7.640215682008297 1.2942070060539637 1.9757899433161081 -21.79225844770128
7.544814596085378 1.2941088244438967 1.97569192299724 -21.792898835661774
7.449400544054195 1.2958593458664904 1.9779755864223363 -21.79182529531785
7.353952882560099 1.2998016023412826 1.9823304028765247 -21.78876707077943
7.258458952399065 1.313446119860452 1.987758957582138 -21.776435580696628
7.162924577137099 1.319000170098647 1.9946736198199697 -21.772270597597384
7.067353252289054 1.324945907024416 2.00180468732846 -21.768099333914208
6.971738495844411 1.3195730231750722 2.0091348742692983 -21.77564562314275
6.876002439162065 1.3165912226945349 2.0149283990892264 -21.78158969555468
6.780122941467112 1.3136362685473364 2.018863890177708 -21.788414046891972
6.684099127140126 1.3076251037099398 2.020758754281251 -21.79943110891567
6.587952309268389 1.299629656645446 2.0204822306846624 -21.81375619090347
6.491714932615673 1.2923173443895384 2.0179279552280343 -21.828689728855323
6.395425255541253 1.285944784620583 2.013005431201679 -21.843855233881385
6.299123942221927 1.279592824791604 2.005530370251197 -21.859992067060972
6.202852571042579 1.2714515278102148 1.9951478461961298 -21.878652122660455
6.106653698985334 1.2664402196769142 1.982155272363574 -21.89405254883173
6.0105597480769575 1.2631399811477388 1.966388201482539 -21.907046992925544
5.9145940106122925 1.2616593078513925 1.94794212251331 -21.916856309629104
5.818777708885483 1.2664501753091635 1.9278787861396411 -21.918319687854343
5.72313809694722 1.2817697019678682 1.9075824996337585 -21.90697463696045
5.627699034911463 1.2815566869191317 1.8811822301503751 -21.908670452468293
5.532544870280812 1.2760387826473982 1.8509632740282367 -21.91247407961214
5.4377372647931255 1.2669461361293943 1.8174845040055045 -21.916458922935036
5.343328699256271 1.2565967241346838 1.7816887513268662 -21.918558475839255
5.249350785968012 1.253009952701794 1.7466972558951748 -21.912223785537343
5.155783221030789 1.2467332553827257 1.7101738603004912 -21.90646627700029
5.062602338682846 1.2335232687451354 1.6713896891221862 -21.90538678619336
4.96976931265557 1.2136374720292642 1.631003687070675 -21.90915451771577
4.877252663179948 1.2006524983435622 1.59369616811512 -21.906768878965508
4.78499772006678 1.1884226006923493 1.557512240034321 -21.90375332410658
4.692989246297089 1.1747794218279388 1.5217936612721683 -21.902228277021337
4.601236375902639 1.1567137459970882 1.4856840540069505 -21.905074635347958
4.509760376358664 1.1196379924694666 1.4451568203875529 -21.92528890607086
4.418630394406219 1.1164090468652552 1.415373009764717 -21.917454631431525
4.327751583025997 1.1193667469542603 1.388661826597766 -21.9056021140796
4.237110239041506 1.1223777674194755 1.3635092122002463 -21.895277191389653
4.146697275453511 1.1269633661903142 1.3404337936781303 -21.88510950143482
4.056497846328831 1.1319726534855066 1.3194162593069678 -21.876114157458282
3.966500529863799 1.137702412533068 1.3008067016689278 -21.86796253213594
3.8766848121250943 1.1417695409578488 1.2844446349654692 -21.862818932205712
3.787026830723142 1.143994674706526 1.2706161625869767 -21.860738730114207
3.6974917270988565 1.1460178814586983 1.2597788355662791 -21.859928558401442
3.6080402112487655 1.1502901866687822 1.2522284305642928 -21.85771211699697
3.518641432685322 1.1502747818357253 1.2475109181451818 -21.86035416776928
3.4292728781064743 1.1526733064978647 1.2455898994000512 -21.860867045054874
3.3399083673382663 1.1590172512646932 1.2458156207351598 -21.85740660191844
3.2505313748125566 1.1634924314003428 1.2476557598180964 -21.855555180981902
3.1611258694770443 1.166054769176565 1.250553484247171 -21.855161727471575
3.071680191089316 1.1676861909663245 1.2539380013826873 -21.855101448658978
2.9821834620846754 1.1700583265737579 1.2572748943777263 -21.853596046723148
2.892630236037016 1.1720611767683173 1.2603386544705857 -21.851674422811016
2.803021298396429 1.173984811197958 1.2629794626249704 -21.849070121791037
2.7133649960767716 1.1750389103433871 1.2650778887131 -21.846597361357432
2.623680063484152 1.1756935993881725 1.2664039079656655 -21.843897426694546
2.533991066272638 1.1725666422879666 1.2666955052475037 -21.844246124806254
2.4443209405434123 1.1687639065773539 1.2655343514371957 -21.844746487025745
2.354684837440823 1.1658738798321961 1.2627338431936443 -21.843947196698622
2.265094692950419 1.1627526148292426 1.2581903678789912 -21.842918649210432
2.1755678252880717 1.1586485123675263 1.2518271157264762 -21.842356901853364
2.0861238795935924 1.1532733521997782 1.2436227648945575 -21.842549043948452
1.9967811930596198 1.1469936175672582 1.2336407596438197 -21.84320497234588
1.907556001734989 1.1403471885221144 1.2220334063662674 -21.843917296861548
1.8184630229292293 1.1361954334526925 1.2092384441067372 -21.842215840196573
1.7295120028177433 1.135673846671673 1.195637579059478 -21.837296970479606
1.640706743202923 1.1308658154615672 1.1806514664851544 -21.83669575952105
1.552058845961471 1.1278257515667491 1.1650692592388334 -21.835254039976782
1.463562326735104 1.1269414265758622 1.1491534929927107 -21.833035083020633
1.3752072141957132 1.1276045922307472 1.133008368138037 -21.830978966293884
1.2869857189486549 1.129538677461991 1.1167135007272373 -21.829673211750226
1.19889213948165 1.133195786943357 1.1004156801912204 -21.82900216145441
1.1109198161808775 1.1385370487722832 1.0842316815100261 -21.82931144845753
1.0230608040689686 1.147064886800937 1.0684729607448145 -21.829365725077388
