8.057808887510669 -0.6143164979807888 0.6987141796034745 -26.00987782042435
8.01659514673885 -0.6126887714518275 0.7066600757250984 -26.008772294378325
7.975420368064218 -0.6084327440103035 0.714420471083056 -26.004586762812565
7.934296235004362 -0.6067900124785768 0.7221483187907485 -26.00256632116365
7.893228136651088 -0.6073115423199521 0.7295454893969937 -26.002396447700868
7.852213991899607 -0.607735885336694 0.7361041214015575 -26.001996443336786
7.81124464858926 -0.6088553322108897 0.7415812392732427 -26.002285743694735
7.770308960849248 -0.6103069538014574 0.7457333917919088 -26.00305352636739
7.729396781078124 -0.6105763067669174 0.7483848590981248 -26.002991670742574
7.688498807390456 -0.6095496529996174 0.7494730639910411 -26.002170476110138
7.64760315894477 -0.6075548766284631 0.7489697927749459 -26.00109982447625
7.606693627816012 -0.6055940645194142 0.746859783680976 -26.000948562706483
7.565753649908679 -0.6038632932160275 0.7431811706383293 -26.002073091023924
7.52476775645499 -0.6015102650856279 0.7381059616342227 -26.003775646425566
7.483721818128059 -0.5982485779658014 0.7318595708973912 -26.005947839377875
7.442602857031471 -0.5938864460543765 0.7247014860457122 -26.00860308051464
7.4013967901163245 -0.5879976266217771 0.7169294924512493 -26.01152839805428
7.360088018147959 -0.5810295518211768 0.7087695550436517 -26.015468567540573
7.318658192124766 -0.572335986368319 0.7005657240211367 -26.019955620833052
7.277085975838882 -0.5623027861843062 0.6925523011928798 -26.02558664764365
7.235350708027606 -0.5494038247666311 0.6851603132231225 -26.030575079586043
7.193434879676919 -0.5334610240835419 0.6787139798421962 -26.034424929424638
7.151325056470895 -0.5131558947888268 0.6735508573711593 -26.035096373933335
7.1090148128007575 -0.49019956538741444 0.6696832943678237 -26.034184592335485
7.066497855944185 -0.46539820892578376 0.6671114811044907 -26.032103533905968
7.023765181715771 -0.440032778945966 0.6657602485977697 -26.029910988346288
6.9808067072970905 -0.4143916864634159 0.6655565034351963 -26.02746918377644
6.93762160971537 -0.3908322600202078 0.6664151016933318 -26.027402134371606
6.894211249189296 -0.3703585794284072 0.6683212782731202 -26.030511231711507
6.850579727388187 -0.35221253568499916 0.67113586954856 -26.03538900247026
6.806744721384103 -0.3328074824611419 0.6745670404478727 -26.03721776401764
6.762736412736308 -0.3131568400207715 0.6784127935459983 -26.037177221636313
6.718574271188716 -0.2950472169427413 0.6825085088422143 -26.037481500452017
6.674268730382854 -0.27846236017246523 0.6866507904700512 -26.038128975074507
6.629827911278192 -0.26312620672225284 0.6906644759393621 -26.038853219255024
6.585259007557103 -0.24872374282672968 0.6944225810408029 -26.039391841884324
6.540568985540163 -0.23481316542194156 0.697845436091504 -26.039389105209047
6.495764942792445 -0.2204095416248641 0.7008840904056945 -26.03790417872164
6.450855608613343 -0.20621442103745555 0.7035750211328449 -26.035958889601353
6.405850888625801 -0.19327500948645585 0.7059802930939432 -26.0349769780655
6.36075756284161 -0.18165512303345085 0.708116738194126 -26.03529900834848
6.315575263771148 -0.17042704954674764 0.7099901407264916 -26.03616561642267
6.2702977371111315 -0.15865423405448945 0.7116488969669797 -26.036747536557023
6.224916346355275 -0.14630469742505903 0.7131255939801429 -26.037132096220716
6.179422681769101 -0.1333649455417128 0.7144428084773649 -26.03736929852625
6.133809251951277 -0.11970004068940567 0.7156339902421202 -26.037348298463712
6.088069303684322 -0.10516548263231068 0.7167472278266136 -26.036925440473205
6.042197270277578 -0.08981874160499116 0.7178451156868421 -26.03617085701699
5.996188751098354 -0.073705929604415 0.719004326231255 -26.035121352047064
5.950040368764484 -0.05684193064807548 0.7203117259210537 -26.0337458370419
5.903749653518288 -0.039383845720182484 0.7218609091025202 -26.03215067692807
5.857314778621609 -0.022058978737644303 0.7237522715649214 -26.031100223076166
5.810733027103497 -0.004793497882411458 0.7260789232105103 -26.030377584688786
5.763998282958603 0.012410377345927323 0.7288742848628739 -26.029800639616653
5.717104277660645 0.02933959451605547 0.7321166893024417 -26.029451794326903
5.670045368658042 0.04621557684494082 0.7357632869889162 -26.028919395269
5.622816779889006 0.06309642142762706 0.7397797232815294 -26.028015986852466
5.575416536488419 0.07959865171513979 0.7441635554925567 -26.027121114497376
5.527844655457244 0.09572898156503536 0.7489140449977478 -26.026168268156816
5.4801024914733665 0.11176813844576707 0.7540072127365582 -26.024771010288212
5.432193246968478 0.12751446836229494 0.7594220442350721 -26.02311459294185
5.384121999201622 0.14295706626015464 0.7651159378800735 -26.02115585113483
5.335895286420364 0.1577467852196304 0.7710502503378064 -26.019235749713822
5.287520956979603 0.1715657061667245 0.7771806445007896 -26.017656135212988
5.2390082903589565 0.1841027113096935 0.7834629746168825 -26.016727012204207
5.1903664969086485 0.19531957550098705 0.7898328191816473 -26.01647188451483
5.141603545800478 0.20559597679331262 0.7962045007427239 -26.016492685135944
5.09272558500956 0.2151203208342101 0.8025028335591439 -26.016643356255997
5.0437372238425375 0.22397173923227567 0.8086624631418292 -26.016906918380023
4.994641837319857 0.2322337009878392 0.814624809961217 -26.01725201424916
4.945442597846704 0.23991985414607706 0.8203518277684593 -26.0177153649812
4.896142767327315 0.24708409698424383 0.8258213445704864 -26.018283465720494
4.846745525175677 0.2538218731711995 0.8310231176868934 -26.01889852533418
4.797253898223205 0.26016385097778305 0.8359604683767519 -26.019577529216548
4.747670642221588 0.2663712066859143 0.8406363014254634 -26.020092629003535
4.69799813934538 0.27255571226462083 0.8450656317082238 -26.020383925134603
4.648238602275791 0.2785407992340386 0.849272233469005 -26.020707683411175
4.598393510665236 0.28428460084602136 0.8532730319380608 -26.021182965537633
4.548463088589006 0.2899116848921386 0.8570836765336184 -26.021744315434155
4.498446418913575 0.2955309293931731 0.8607226477209456 -26.022331141018803
4.448342104288568 0.3012994445948739 0.8642113139112805 -26.02281036507263
4.398148385935235 0.3073049724950623 0.8675712985560798 -26.02309760048115
4.347863799121997 0.31365478009357656 0.8708242064770841 -26.023064773472754
4.297487626412303 0.3202865299999145 0.8739956614113862 -26.022749312831586
4.2470200564110545 0.32701823887677667 0.8771198929400512 -26.022309599994053
4.196461739547983 0.3337482846656454 0.8802345286863548 -26.021816811408065
4.145813270125749 0.3403203219305445 0.8833771208710051 -26.021404080981178
4.095074997588455 0.34673719812739323 0.8865786845174147 -26.021038644132766
4.044246857023338 0.3529378423692531 0.8898657903914382 -26.02076563694576
3.993328571657873 0.35897850565330747 0.8932583416080898 -26.020511574290268
3.9423196676153935 0.3648944478057405 0.8967714438841673 -26.020233448027753
3.8912197347536304 0.3707055172357596 0.9004160777927585 -26.01990974536745
3.84002851524488 0.3764211811234941 0.9041982367951518 -26.019530928218657
3.788745959273975 0.38204558510277725 0.9081175054673182 -26.01909066773497
3.737372270595872 0.38755634974958236 0.912165489367314 -26.018606601787653
3.685907969037408 0.3930101779009201 0.9163213578751604 -26.018006083893027
3.634353955274601 0.3984518023086651 0.9205508915215237 -26.01722353071134
3.582711953910064 0.40407386660369154 0.9247977205262057 -26.016026686993314
3.5309848772554107 0.40878093763168305 0.929034131351554 -26.015530771485324
3.4791766539795472 0.4120019099615017 0.9332238080323826 -26.016277119375395
3.4272919923721266 0.4137745884914703 0.9373178050613609 -26.01816522087045
3.375335237608813 0.4145191871029268 0.9412496266275743 -26.020707830322152
3.3233104365757695 0.4143960682400078 0.9449504459414315 -26.023699144631898
3.2712221425482646 0.41387728278873187 0.9483446319190054 -26.02661637562629
3.219075948867869 0.41342192594081995 0.951365527198825 -26.028960343075383
3.1668783763260286 0.4129794478925699 0.9539883284634526 -26.03076838652936
3.114637166805555 0.41230259113275614 0.9562238638378834 -26.03229039151814
3.062361054105159 0.41126239291826105 0.9581036130069355 -26.03366499167577
3.010058742382299 0.4097721181649233 0.9596693982499147 -26.035002489030155
2.9577384923336427 0.4078044015246978 0.9609649878904342 -26.036371205227304
2.9054077508243012 0.4057504596068063 0.9620288908089952 -26.037439103172062
2.853072847467879 0.40398679043843977 0.9628879938319213 -26.037907280280308
2.8007394646790478 0.40211155145959593 0.9635602058738366 -26.038251965284026
2.748412670987576 0.4012110254653505 0.9640838898108487 -26.037464636618033
2.6960955515111995 0.40177585850773456 0.9644926306526175 -26.035129395534327
2.6437890258967314 0.40325867464572257 0.964791744480988 -26.031872513575017
2.5914921155284016 0.40451368817262867 0.9649772382360494 -26.028935408993952
2.5392025647541914 0.4048921533879257 0.965064624593481 -26.02706794824467
2.4869165142086636 0.403688230959993 0.9651165965704482 -26.02705804832506
2.434629534270582 0.40305648444062286 0.9652418371767235 -26.026814901933278
2.3823359816383087 0.40312605657157774 0.9654861099932641 -26.026224408266344
2.3300304368771805 0.4038922846578984 0.9658823130321996 -26.025279044955816
2.277708179528549 0.40519469677715164 0.9664566127773404 -26.024106333498942
2.225365314556992 0.4068209484333188 0.9672315759443834 -26.022869296856427
2.1729986900727485 0.4085337684989124 0.9682206863766032 -26.021746436302237
2.120605645557378 0.4102492312241723 0.9694224537429189 -26.02075614706618
2.068183956975866 0.4116315641380493 0.9708125359916762 -26.020176682711146
2.015732048548193 0.41270580230699244 0.9723446770138825 -26.01991526147622
1.9632490554725268 0.4135697960934921 0.9739647736059168 -26.01979402914416
1.9107351266394097 0.41380350919726877 0.9756423545297357 -26.020143987232778
1.8581922445785413 0.41319840357148463 0.977354808639065 -26.0210590202446
1.8056230330731284 0.4129626644351025 0.9790723098019266 -26.02120165826811
1.753030751468823 0.4130801546052034 0.9807413088070106 -26.020504134130924
1.700420249011668 0.41297918604160694 0.9823422136435116 -26.01948026835627
1.647798680900635 0.4122898446511136 0.9838984720508666 -26.01844635577664
1.5951743341704663 0.4109080124459971 0.985457488779335 -26.017469341092074
1.5425557894095123 0.4088985418973944 0.987071826732475 -26.016472612641202
1.4899517113615923 0.40613731074497594 0.9887918375886477 -26.015590427499284
1.4373709081429888 0.4024723178279556 0.9906731579639892 -26.015006483847536
1.3848217026833087 0.3979433075184609 0.9927621266574305 -26.014740217657412
1.3323114374641853 0.39288887807302436 0.9950845702249751 -26.014541374928193
1.2798461238855552 0.38712397193154363 0.9976399430946524 -26.01467048711155
1.227430774816124 0.3819908830552876 1.0003902615680864 -26.01391028231366
1.1750681161566359 0.3777145669218078 1.0032436338835435 -26.012102420499176
1.12276027011158 0.3726975152653885 1.0060819803553909 -26.010816508649413
1.0705106157052218 0.36712702486430343 1.0088291589399476 -26.009895872549514
1.018322132766567 0.3614705229344604 1.0114706761551806 -26.00891272273452
