7.886906256695962 -0.005470770800353301 1.6212722045130914 -1.887365752953469
7.874106095432025 -0.0023831928862598035 1.6202175666357228 -1.8836567204256398
7.861352408131111 -0.0014008533505861977 1.6189176921356185 -1.8820890589232775
7.848643398590963 -0.002728975047879657 1.6174100607667041 -1.8828873973159823
7.835975725494888 -0.003876271237892398 1.6157985556961876 -1.8835961295815364
7.823343611047449 -0.004961154447349934 1.6141682057466293 -1.8843508972390783
7.810740006717816 -0.00573300526336538 1.6126164246361077 -1.884914922247839
7.79815684702793 -0.005445291331007725 1.611246726505387 -1.884554878910005
7.78558517343466 -0.004442840065114076 1.6101210713743543 -1.8836253822198468
7.773015325047136 -0.003140597630246842 1.6092692962140518 -1.882549346430408
7.7604370616765195 -0.0015766521737467436 1.60870501265134 -1.8813697351240655
7.747839792580843 0.00032945101441880776 1.6084283351313153 -1.8800068823232385
7.735212869469675 0.002554696173086951 1.6084280172871421 -1.8784807592875947
7.7225458496229376 0.004889487451620993 1.6086874845138326 -1.876994819507226
7.709828698120766 0.007368130104518811 1.6091883119251442 -1.8755017783925025
7.697052308160812 0.00998638050006969 1.6098994704942282 -1.8739892471326527
7.684208759222711 0.013081046482556464 1.6107817777812496 -1.8720980689568667
7.671291741573147 0.016534551297517013 1.6117934677429173 -1.869927634467361
7.658296169353475 0.020116591325644206 1.61288091392502 -1.867689172486652
7.64521823134601 0.023353439905123986 1.6139861895037881 -1.8658364337772226
7.6320554239339415 0.026365826172599437 1.6150429647803257 -1.864218570728933
7.618807268048243 0.02850123715262648 1.615990790473585 -1.8634741769751175
7.605474209865585 0.028911717719587806 1.6167726973235876 -1.8644404639436403
7.592057397848916 0.02777550046909221 1.6173649135717825 -1.8669148821140644
7.578559499528928 0.025370212770202207 1.617770802831961 -1.8705973453512141
7.564984509251606 0.021929579499156086 1.6180104443771195 -1.8752351687128306
7.551337496890434 0.017633567888094764 1.6181094623511396 -1.8806338959814082
7.537624353812838 0.013411728680977258 1.6180842532279809 -1.885846913397622
7.523852056184017 0.009729296239397585 1.6179448670077892 -1.8904038167583392
7.510027940225139 0.006489465119343211 1.6176947194676579 -1.8944068316768214
7.496159009737475 0.0038940812572837947 1.6173345284771543 -1.8976616919117817
7.482251821309024 0.002091702062260538 1.616864694170404 -1.9000325718235949
7.468312160567143 0.0011610284215214867 1.6162879231873095 -1.9014583272593455
7.4543447445716895 0.0015824203824643045 1.6156019026693829 -1.901478338728419
7.440353195185914 0.00228178970492492 1.6147705638847487 -1.9011953092833942
7.426339375172944 0.0024072209031383933 1.6137543412207147 -1.9014873012892786
7.412303456025393 0.003023311982573942 1.6125473432559139 -1.9013113997992372
7.398244328623499 0.003976876013275116 1.6111839258310419 -1.9008440842744028
7.384159331325357 0.00521007480005602 1.6096934320695513 -1.9001591496648158
7.370044750119047 0.006595097774541928 1.6081044224038208 -1.8993975541064112
7.355895988417591 0.008023590861464048 1.6064435553847976 -1.898677508906924
7.341707776122002 0.009629466191334191 1.6047421215473798 -1.8978700469743877
7.327474504569313 0.01150280700903886 1.6030354810937033 -1.8968871119443393
7.313190413004281 0.013695101886934038 1.6013593224632006 -1.895676524205935
7.298849764013757 0.01619056909297034 1.5997463176707452 -1.89425161843353
7.284446949023786 0.018967770713567995 1.5982240407045158 -1.8926292297196405
7.269976631659349 0.021998707587474166 1.5968136649441909 -1.8908309281797178
7.255433871106887 0.02529973339036727 1.595529890605738 -1.8888317768515919
7.240814273791704 0.02854460963347864 1.5943713534418134 -1.8869509271171516
7.226113874421276 0.03140159113959003 1.593318406055975 -1.8855090838293893
7.211329396362886 0.03374986202330935 1.5923405896750116 -1.8846084393188445
7.196458743965565 0.035869660382907245 1.5913863484249453 -1.883940612060168
7.181501638956666 0.03751957601248342 1.5903884703071054 -1.8837342749147705
7.166458643132459 0.03824597757166711 1.5892866837011725 -1.8844380938286136
7.151330624202493 0.0383800236715115 1.5880585692367362 -1.8857078214683893
7.136119291999133 0.03794023897396391 1.5867017634631608 -1.887516931615779
7.120826813460494 0.03700977633949049 1.585227421939184 -1.889774278179522
7.105455808050187 0.03577005795621718 1.583656503630675 -1.8922903279767902
7.090009365580111 0.034356378096007736 1.5820098787894443 -1.894923858640908
7.074490919620762 0.03287180245551292 1.5803069885721825 -1.8975681221687026
7.058904118863189 0.03139667091744416 1.5785640984367522 -1.9001414152277656
7.043252693658029 0.03009391401339055 1.5767943915539089 -1.9024808395315098
7.027540391375928 0.029084560474450048 1.5750045663158028 -1.9044683588181852
7.011770807046367 0.02845867751352221 1.5731954687483098 -1.90601945574103
6.995947237944738 0.028159300556655498 1.571360050766402 -1.9071999784873475
6.980072470587392 0.028217566421552327 1.5694878868699955 -1.9079885178802427
6.964148708450996 0.028629206587845155 1.5675640123702825 -1.9083998744400765
6.948177498568663 0.029349259312806346 1.5655782828764024 -1.908489377221033
6.93215971550229 0.030145309778512097 1.5635219495051083 -1.9085011897351258
6.916095450611904 0.031062030928742896 1.5613949124496957 -1.9083984637601332
6.899984312050611 0.03233611662656443 1.5592153700148026 -1.9079484951727714
6.883825686040167 0.033942012878654414 1.5570014316783813 -1.9071815018728775
6.867618710514826 0.03573222711666843 1.5547694606158513 -1.9062499825189225
6.85136223270333 0.037617586823554504 1.5525355621792112 -1.905245668479633
6.835054937423354 0.03948477825809234 1.5503123551669251 -1.9042826499435637
6.818695444256904 0.041255961020892865 1.5481088557009477 -1.9034377302342114
6.802282408949155 0.042755171431616903 1.5459264279424783 -1.9028852277519892
6.785814543278081 0.043939082451108454 1.5437633517952956 -1.9026644091940406
6.769290783780976 0.04494973166364033 1.5416165730245006 -1.9026281147121948
6.752710382480725 0.045900600144546555 1.5394800753959668 -1.9026587903866208
6.736072856985018 0.04683009759742079 1.537348050204799 -1.9027159788426848
6.719377865758839 0.04769073431921892 1.535215657428138 -1.9028467197339514
6.70262510101032 0.04846471826639466 1.5330807395150665 -1.903067971602743
6.685814304681279 0.04915402011081417 1.5309435601822117 -1.9033766517525834
6.668945283892519 0.04977929079592731 1.528805924368108 -1.903750778421862
6.652017926675155 0.0503392057094055 1.5266698227640407 -1.904190568284097
6.6350321868981785 0.050837549727523725 1.5245380659590153 -1.9046910788021993
6.617988086515141 0.051280863073104165 1.5224137382985328 -1.905244613258318
6.600885715695011 0.051677319422487926 1.5202997660203246 -1.9058418805717654
6.5837252311228776 0.052036040028786694 1.5181986171857926 -1.9064727117166376
6.566506852707036 0.05236639878546819 1.5161121117133378 -1.9071267806667063
6.549230858818069 0.05267762836961826 1.51404133788522 -1.9077940159376463
6.531897580463557 0.05297639825562782 1.5119866052071096 -1.908467053182175
6.514507393208896 0.05327137888548452 1.5099476019323972 -1.9091366293081158
6.497060711387966 0.053572390168312584 1.5079234965171031 -1.909792449960721
6.479557982122957 0.053885454247169985 1.5059129495013848 -1.9104281813800514
6.461999676729256 0.05421431474516547 1.5039142579496105 -1.9110398985205197
6.444386283375731 0.05456110850621329 1.5019255235591913 -1.9116253903245928
6.42671830072123 0.054926812546340895 1.4999448079179487 -1.9121836928808469
6.408996232503672 0.05531159010198689 1.4979702636703836 -1.912714726133852
6.3912205829904805 0.05571492239704978 1.4960002323708683 -1.9132191483066725
6.373391853164171 0.056135950439669666 1.4940333148430134 -1.913697999695995
6.3555105377083985 0.0565736118702637 1.492068410845284 -1.914152554792181
6.337577122661272 0.057026619777935696 1.4901047293709686 -1.9145843351613587
6.319592083581578 0.057493660702991764 1.4881417843806672 -1.9149949024611763
6.301555884283466 0.057973414835446276 1.4861793738805955 -1.9153858317404497
6.283468976010685 0.058464654373299965 1.484217549545875 -1.9157586076782263
6.265331796980766 0.058966172603715054 1.4822565764328133 -1.916114691910429
6.247144772203637 0.059476855627560485 1.480296892680674 -1.9164554471861956
6.2289083136242756 0.059995642576233355 1.4783390674362398 -1.9167821753179977
6.2106228203990455 0.06052155177905042 1.4763837626354672 -1.9170960885286408
6.1922886793824 0.061053689381763344 1.474431698497307 -1.9173982995610885
6.173906265699636 0.06159121102819774 1.47248362089224 -1.9176898593556366
6.1554759434250474 0.06213336904987417 1.4705402752011951 -1.9179717089812631
6.136998066323053 0.06267944639963328 1.4686023845902452 -1.9182447459155147
6.118472978601216 0.06322877588056386 1.466670631851238 -1.9185098045765323
6.099901015694316 0.0637807312339775 1.4647456473650078 -1.918767665485118
6.081282505049231 0.06433472790168553 1.462828002050912 -1.9190190549275488
6.062617766878793 0.0648902613052456 1.4609182009011488 -1.9192646066043524
6.043907114933954 0.06544682264782457 1.4590166800853461 -1.9195049470865833
6.0251508572263734 0.06600395659466476 1.4571238077298363 -1.9197406384058127
6.0063492966948715 0.06656125230264655 1.4552398870518373 -1.9199721874888414
5.987502731872945 0.067118335122906 1.4533651588753915 -1.9202000554294292
5.968611457484735 0.06767512259001858 1.4514998105963717 -1.9204244002275295
5.949675765177575 0.0682317879349119 1.449643980114946 -1.920645114719685
5.930695944426141 0.06878882036802955 1.447797638539084 -1.9208617816484383
5.911672282100645 0.06934662129425855 1.4459605720817388 -1.9210740825488188
5.892605061741366 0.06990522062504713 1.4441324454276956 -1.9212820771734536
5.873494563241315 0.07046433535423972 1.4423128540480683 -1.9214861392739508
5.854341062852775 0.07102344959797158 1.4405013701254177 -1.9216868726059075
5.835144833356011 0.07158195296692184 1.4386975795006325 -1.9218849692497992
5.8159061443973945 0.07213925188338374 1.436901108139715 -1.922081096076845
5.796625262938888 0.07269473985422865 1.4351116360806246 -1.9222759237702032
5.7773024537289075 0.0732479202094314 1.4333289067979078 -1.9224700030694326
5.757937979834506 0.07379840659548698 1.4315527262609222 -1.9226637645995426
5.738532103184 0.07434590493994567 1.429782958095778 -1.922857537623881
5.719085085059196 0.07489022415955861 1.42801951464904 -1.9230515400743797
5.699597186566382 0.07543130580481772 1.426262349330736 -1.9232458495567255
5.680068669086631 0.07596911209605287 1.4245114439506203 -1.9234405171512463
5.660499794637943 0.07650370312142757 1.4227668001021612 -1.9236354907138502
5.640890826193 0.07703521929182237 1.421028430829412 -1.9238306335095299
5.621242027943053 0.07756382586072819 1.4192963526296507 -1.924025780984224
5.601553665524845 0.07808968572767631 1.4175705779117902 -1.924220768987383
5.581826006153036 0.07861268612723289 1.4158511101982005 -1.9244157097517913
5.562059318495619 0.07913259929759156 1.4141379419119626 -1.9246108298229712
5.5422538722931005 0.07965055218176541 1.4124310942696354 -1.9248049854851423
5.522409938985982 0.08016642701334394 1.410730603538319 -1.9249982673762016
5.5025277933468715 0.08067803582805698 1.4090364844600956 -1.9251928367367437
5.482607713297193 0.08118414599118802 1.4073487724637184 -1.9253898843958295
5.462649979630155 0.08168536271396105 1.4056677628677376 -1.9255887468401285
5.442654876126927 0.08218276587773744 1.4039940691350243 -1.9257882791699739
5.422622689842888 0.08267761989396158 1.4023285153707303 -1.9259871485556823
5.402553711451172 0.08317132152067308 1.400672037528173 -1.926183889335729
5.382448235574146 0.0836653113331711 1.3990255892838341 -1.926376996039428
5.362306560941878 0.08416102294856946 1.3973900605965932 -1.9265649785291044
5.342128990313558 0.08465975657344275 1.3957662017596228 -1.9267464934776655
5.321915830113655 0.0851627022923924 1.3941545696537891 -1.9269203240400237
5.301667389896094 0.08567081999032646 1.3925554883395899 -1.9270855029544536
5.281383981571872 0.08618478414212861 1.3909690308595062 -1.927241369451453
5.261065918468509 0.08670490735936945 1.3893950186410429 -1.9273876458631274
5.240713514304329 0.08721841551270453 1.3878328586924746 -1.9275372272604305
5.220327075306879 0.08772155677882558 1.3862818878931047 -1.9276939314196786
5.199906904173976 0.08821457801608706 1.3847413498434342 -1.9278575605933999
5.1794533018946325 0.08869743981531614 1.3832103741252637 -1.92802821080004
5.158966567870858 0.08916998541907538 1.3816879927838412 -1.9282060932381295
5.138447000068791 0.08963208992501867 1.3801732264384403 -1.9283913830196946
5.117894895092666 0.09008373243802316 1.3786651528093297 -1.9285841441498979
5.097310548358457 0.0905249734066431 1.3771629608244786 -1.9287843496420143
5.076694254453888 0.09095589427880614 1.3756659901367758 -1.928991939553855
5.056046307597223 0.09137668965006655 1.3741737580036435 -1.9292067262068122
5.035367002150253 0.09178763040554766 1.372686044263137 -1.9294284249344682
5.014656633306047 0.0921891089312793 1.3712030035139617 -1.9296565997868973
4.9939154985185255 0.09258149770187105 1.3697251225246792 -1.9298908055835606
4.97314389904729 0.09296513414043797 1.3682531664538187 -1.9301306054195502
4.952342141383221 0.09334037512842992 1.3667881125286916 -1.9303755207583329
4.93151053843736 0.09370758666571907 1.3653310741251672 -1.9306250479540394
4.910649410430348 0.09406711665757828 1.3638832190670298 -1.9308786935022093
4.889759085310117 0.09441936290045891 1.3624456922095023 -1.9311359140523336
4.868839898741641 0.09476475551275172 1.3610195405702457 -1.9313961424238144
4.847892193620906 0.09510376734411752 1.35960565000129 -1.931658785356318
4.826916319156059 0.09543690434619988 1.3582046952613007 -1.9319232407911955
4.805912629502573 0.0957647124609539 1.3568171041108221 -1.9321888967628416
4.784881482059199 0.09608778227279396 1.355443038200042 -1.932455130914632
4.763823235559251 0.0964067226622331 1.3540823901099777 -1.932721339252126
4.7427382480134295 0.09672216037206693 1.3527347992079997 -1.93298693688871
4.721626874623795 0.09703471780865923 1.3513996807807416 -1.93325137839205
4.7004894658272764 0.09734498870009994 1.3500762680355096 -1.933514178517017
4.679326365527601 0.09765350210118384 1.3487636630952597 -1.9337749427771989
4.6581379096304465 0.09796075152869671 1.3474608935812562 -1.934033331405275
4.636924424968021 0.09826716636505889 1.3461669727905634 -1.9342890805363404
4.615686228636682 0.09857310135153782 1.344880957551352 -1.934542004310093
4.594423627835725 0.09887873156449739 1.3436020014253536 -1.9347920920909896
4.573136920130918 0.0991842425191147 1.3423294040592701 -1.935039309876582
4.551826394159897 0.09949209238149581 1.3410626722171788 -1.9352813231182224
4.530492331814615 0.09980205159656692 1.3398014923449124 -1.9355184739204647
4.509135009538666 0.10011302839055851 1.338545806609626 -1.9357519665241258
4.487754696772516 0.10042491227290716 1.337295800242413 -1.9359820167308246
4.466351654968277 0.10073781015164837 1.336051842278398 -1.9362086062955737
4.444926138195459 0.10105175046178502 1.3348144501947252 -1.9364317700794131
4.42347839478598 0.10136655191293407 1.3335842627888292 -1.9366517207648508
4.402008669536151 0.10168220857170444 1.3323620167204548 -1.9368684582289335
4.380517206393878 0.10199904184870749 1.3311485158495802 -1.9370816166641627
4.359004251574521 0.10231558891971307 1.329944583269103 -1.9372925894118733
4.3374700556248165 0.10263108632407184 1.328751068948744 -1.9375020478512712
4.315914874149264 0.1029451340948608 1.3275687793718114 -1.937710282989255
4.294338968761693 0.10325747562145818 1.3263984345662974 -1.9379174328280702
4.272742607792923 0.1035680833317596 1.3252406394539915 -1.9381234046113454
4.251126066567594 0.10387638107152358 1.3240958573921249 -1.9383286646700397
4.229489626734955 0.10417939076075339 1.3229643815507466 -1.9385361058215267
4.207833574103677 0.10447842995650787 1.3218463933679774 -1.9387443341008106
4.186158198666101 0.10477420203818609 1.3207418777823894 -1.9389525984662819
4.164463793193404 0.10506765349265579 1.3196506396049366 -1.9391599328086477
4.142750651986398 0.10535969651610627 1.318572294307381 -1.939365441458081
4.121019068881912 0.1056511756060079 1.3175062964253978 -1.9395683373088268
4.099269334696487 0.10594285036913591 1.316451980394658 -1.9397679612140983
4.07750173437539 0.10623545173957932 1.3154086118048844 -1.9399637254322486
4.055716543971267 0.10652964023369535 1.314375436877689 -1.9401551526770884
4.033914027672426 0.10682591320418253 1.3133517364939735 -1.9403419631803236
4.0120944350906145 0.1071246136741359 1.3123368766134036 -1.9405240570747497
3.990257999063113 0.10742584062101036 1.3113303546960275 -1.9407015923990076
3.9684049341687486 0.10772942321028806 1.3103318374223276 -1.940874996471831
3.946535436205481 0.10803482624031391 1.3093411886393627 -1.941045044112408
3.9246496827629556 0.10834172866873756 1.3083584899074083 -1.9412122589419
3.9027478353656804 0.10865400846226442 1.3073840743417473 -1.9413729009898786
3.880830044728248 0.10896842397388973 1.3064185022660966 -1.9415303145165574
3.8588964537381294 0.10928207596727338 1.305462476346371 -1.9416874415820908
3.8369472001165503 0.10959204452150852 1.3045167355304834 -1.941847166222645
3.8149824211880263 0.10989481560115276 1.3035819870272096 -1.9420128689195237
3.793002260377922 0.11018621053570825 1.3026588433034068 -1.9421884757975354
3.7710068754380237 0.11046233338525108 1.3017477652939375 -1.9423774874294255
3.748996448763632 0.11072859834443394 1.3008490675496343 -1.9425739117958867
3.7269712023719017 0.1109810325701183 1.2999628171233844 -1.9427810024061514
3.70493140478243 0.1112140702483827 1.2990897451547816 -1.943003413510473
3.6828773806339625 0.11142416474930458 1.2982314541016988 -1.9432435914009751
3.660809519237141 0.11161418088095637 1.2973903983390536 -1.9434973826087232
3.6387282852075638 0.1117884804274463 1.2965697453106189 -1.9437589944877303
3.6166342278379098 0.1119714263874414 1.2957733951567636 -1.9440024970203518
3.5945279949822693 0.11216255979017149 1.295005546594765 -1.9442268312125377
3.5724103318425873 0.11235499401352765 1.2942710976740908 -1.9444375843184718
3.550282059263928 0.112545649864264 1.2935753196172726 -1.9446369058109392
3.5281440443971177 0.11273141915924663 1.2929227064702473 -1.9448275065474059
3.505997162088558 0.11291411932457612 1.292315889230563 -1.9450077730941122
3.4838422537331404 0.11314216831241174 1.291754654116343 -1.9451300238410465
3.4616801105044424 0.11342560768437755 1.29123458306759 -1.945185639073591
3.4395114539658236 0.11376438175504981 1.2907476054454 -1.9451769545938156
3.4173368880953174 0.11415986060657134 1.2902817278665897 -1.9451057756140915
3.3951568490379245 0.11463604207234132 1.2898207801280765 -1.9449521179122622
3.3729715670965317 0.11537878554880829 1.28934503657906 -1.9445348068832478
3.3507810667895046 0.11588175068039129 1.2888314264155343 -1.9443663240408746
3.328584921707937 0.11631074912982597 1.2882621675371635 -1.9442852810438507
3.306382397295472 0.11674309042081808 1.2876301359172893 -1.9442177723867575
3.2841725055507016 0.11725754421379056 1.28693683562966 -1.9440868125009474
3.261954144011577 0.117855210081313 1.286189390987682 -1.9438921368979865
3.239726177621307 0.11851262635941928 1.2853982618301427 -1.943657344190516
3.2174874789203622 0.1191989487598176 1.284575269864626 -1.9434127850650675
3.1952369524217343 0.11994820963700598 1.2837326161834597 -1.9431226975054248
3.1729736258536567 0.12055224120568354 1.2828799864671323 -1.9429932097973472
3.1506966327006567 0.12090784111863348 1.2820279657682816 -1.9431240639396563
3.128405249620997 0.12118826333132633 1.2811888011154082 -1.9433360345453274
3.106099082494402 0.1213383869429545 1.2803745916022855 -1.9436778929266334
3.0837781327633222 0.12138783404588191 1.2796002553772858 -1.9441123375225544
3.0614428589597065 0.12149043044432394 1.2788871857304733 -1.9444763618873928
3.039094287661465 0.12163868069649753 1.2782624082102028 -1.9447691452120663
3.0167339652704084 0.12168177602022387 1.277753139870881 -1.9451346504607563
2.994363831669478 0.12161549508096087 1.2773856965449213 -1.9455718286853747
2.9719861030078243 0.12148329301465306 1.2771785317985824 -1.946034097751651
2.9496031377860863 0.12134488296295688 1.277137321644281 -1.9464609464779596
2.927217306573037 0.12124061850989763 1.2772561001825375 -1.946813172473944
2.9048308898913633 0.12118414201812253 1.2775193769587718 -1.9470798413043657
2.8824459965633196 0.12117580786951551 1.2779026309313724 -1.9472643925981121
2.8600645149471364 0.12127824538078245 1.2783716691476885 -1.9473087828213695
2.8376881014757864 0.1216126397549511 1.2788840249891873 -1.9470966242850625
2.815318239324317 0.12207930742832268 1.2793951588451182 -1.946732286866127
2.7929562681814843 0.12264473064718902 1.279862278323394 -1.9462548724836204
2.7706033270929384 0.12446724058770138 1.2802390870004996 -1.9445152762687146
2.748260427066642 0.12617053716939441 1.2804973231877643 -1.9428996576466189
2.7259278779913756 0.12754461617264248 1.2806008024157356 -1.9416267731160428
2.7036053627758116 0.12880306533347985 1.2805217120322379 -1.9404909421169596
2.6812920053808162 0.13016593062849066 1.2802600975500986 -1.9392777666425494
2.658986542633917 0.13149831628247635 1.2798328478671073 -1.9381259420310446
2.636687397574702 0.1329952793601075 1.2792698808199607 -1.9368425660769633
2.6143928300451655 0.1343546055404237 1.278608886806294 -1.935730797758843
2.5921009242762616 0.1351807667588538 1.2778903305811873 -1.9351870620734088
2.569809529141735 0.13589915152591608 1.277154093220438 -1.934785828611466
2.5475164498446836 0.13661749119946992 1.2764351186739835 -1.9344179529625198
2.5252195289682238 0.13725622996155815 1.2757608683601567 -1.934159971563413
2.5029167338085783 0.1378271367654423 1.2751525292733517 -1.9339952225557764
2.480606308695083 0.1381355071631192 1.2746226222057322 -1.9341128129546719
2.4582867811216027 0.1383251083626959 1.2741801880634553 -1.9343611635791385
2.435957157940657 0.1384345837174569 1.273828099832722 -1.9346925988974406
2.4136170255707867 0.13829416098737177 1.2735693711624467 -1.9352672318935582
2.391266533777648 0.13793507439207792 1.2734177750630171 -1.9360416606414113
2.3689065371347593 0.13771552599589854 1.2733903668926028 -1.936644633458513
2.34653874982341 0.13714034464931138 1.2735083038416253 -1.9375611649305293
2.324165381698885 0.1362669206154936 1.2737931709034302 -1.938724688551381
2.3017891587368378 0.13522500211734692 1.2742557023106778 -1.939999637756985
2.279413160726281 0.13417824556854924 1.2748905268849604 -1.9412197618507832
2.2570406770616023 0.1332817269153375 1.2756774017686994 -1.9422298127345687
2.2346751117410264 0.13260357495301736 1.2765857632547428 -1.9429635692127363
2.2123198779121758 0.1319821544549647 1.2775810426762966 -1.9435860035877055
2.1899782509496677 0.13134483947186767 1.2786247914760196 -1.9441737210869552
2.1676533138356886 0.13075265535910388 1.2796780516369362 -1.944670132007385
2.1453479309022785 0.13046350654410968 1.2807008213332802 -1.9448234051686906
2.123064711092251 0.1304738253018377 1.2816589607844626 -1.9446438647336524
2.10080592369969 0.131972473023465 1.2825178969484279 -1.942955963634196
2.078573505909711 0.13574012220282053 1.2832617039492482 -1.9389976946689202
2.0563688794700625 0.14021450982805506 1.2838986080504473 -1.9343449002181314
2.0341926722829102 0.14397705965731775 1.2844206335492938 -1.9304267538649342
2.012044633134024 0.14559351662354095 1.284807870272178 -1.9286836161251601
1.9899234929549177 0.1464954832003061 1.2850584895564747 -1.927692231921999
1.9678272895237385 0.14698893846909442 1.2851942716643117 -1.9271526346252545
1.9457533768647202 0.14712822368797987 1.2852458481012643 -1.9270157461056017
1.923698452976031 0.1471717672037753 1.2852520860168921 -1.927027947491959
1.9016587279576063 0.147538798395847 1.2852551549677107 -1.9267730153198395
1.8796301838844303 0.1484113720892287 1.2852948493675473 -1.9260687333796012
1.857608796085846 0.15005569064312188 1.285408126114634 -1.92464691723338
1.8355907957503907 0.1515468282935688 1.2856247523558013 -1.9234297800578477
1.8135723846631218 0.15255372842005555 1.2859705104703436 -1.9227413395963406
1.7915500162353648 0.15339014465202602 1.2864699045895485 -1.9222572035946317
1.769520791355018 0.1539953731841482 1.287132909122188 -1.9220278111502584
1.7474824151366724 0.15430404121997718 1.2879506915857786 -1.922107549278904
1.7254333483866977 0.15440208993152432 1.2889004798973314 -1.922397558838283
1.7033730851763587 0.15419215615075535 1.2899670729529484 -1.9229809099329043
1.6813021205462269 0.15338839136936375 1.2911522435045653 -1.9241274846959122
1.6592218811622537 0.15190601034740614 1.2924641023495698 -1.925904561128334
1.6371347873552786 0.15006535747627053 1.293913810287073 -1.9279744674173436
1.6150442837468661 0.1480917961816253 1.2955060594567607 -1.930101076531908
1.5929546639638041 0.14611534235354678 1.2972472681032414 -1.9321483012292149
1.5708707698089501 0.14422937971804373 1.2991442383796283 -1.934020300278305
1.548797706813236 0.14248868288718236 1.3012007895095736 -1.935663250570915
1.5267405915983525 0.14119907483995114 1.3034100514941314 -1.936776106652613
1.5047044285860596 0.14041965963605602 1.3057594498992389 -1.9373079262261996
1.4826939070976037 0.1397268396683993 1.3082283787922657 -1.9376900787693574
1.460713192466138 0.13892224717316273 1.3107777911823741 -1.9381277718797865
1.438765986904591 0.13845738251756354 1.3133459534808942 -1.9381784700252358
1.4168557021252055 0.13870516132898425 1.3158660485607756 -1.9374802961364859
1.3949852479076161 0.14158128865455355 1.3182624968249481 -1.9341417947829576
1.3731571067297017 0.14587178975042012 1.3205335863883765 -1.9293979380795936
1.3513729286170326 0.15006800270136647 1.3226922310473943 -1.9247705684923346
1.3296335590408008 0.15285314094431848 1.3247495408778613 -1.9215822013654742
1.307938903329552 0.15319600642794334 1.3267032621018287 -1.9208643828007315
1.2862878006404352 0.15269896603905683 1.3285350456492029 -1.9210212698295859
1.2646785521777817 0.15174091244298787 1.3302507796786964 -1.9216786386576619
1.243108568701716 0.15104023329699406 1.331870859047937 -1.9221239907598484
1.2215743919230335 0.1503947560971547 1.3334340997308993 -1.9225647292687835
1.2000715968118663 0.15000850788597486 1.3349841280769208 -1.9228008293557286
1.1785953832671805 0.1500775527077638 1.3365700922398396 -1.922635801085069
1.1571408219164225 0.1513572489387374 1.3382450762281781 -1.921310507255559
1.135703432529107 0.15408331554910693 1.3400556562173986 -1.9185876144954965
1.11427927803545 0.1570634737149217 1.3420391747808604 -1.915659721364174
1.0928642403093085 0.15917519309060404 1.3442248887679067 -1.913643512460976
1.071454167687525 0.16074975289784535 1.3466357555586612 -1.912192532602665
1.0500459250013234 0.16104334187879352 1.3492961442884714 -1.9120374369469393
1.028636549138296 0.16093433923240494 1.352213153261285 -1.9122794879280682
1.007225014512403 0.16038312920121175 1.3553943749755888 -1.912942920381221
