7.851816060642882 2.977671531389156 1.1939287182110117 -29.833261497932902
7.765474396186281 2.983366325526498 1.20108738766836 -29.830050217939657
7.679092891882036 2.9869350324266923 1.20882156261397 -29.828743641681207
7.592680454379873 2.990013921794553 1.216773092491864 -29.827723538212958
7.506233830799785 2.998673435369336 1.2242675126010698 -29.820965385809842
7.41974826996223 3.0095018854706628 1.2312882452551608 -29.811927904262
7.33322131845021 3.0131524446256597 1.2381717812243336 -29.809978723629605
7.246651522313418 3.0165982553409094 1.2441527028304609 -29.808229428592604
7.1600348711672686 3.020385689312839 1.2488702933975815 -29.806186987783256
7.073338347847494 3.0175400673884756 1.2521186565188251 -29.81081942553412
6.986543082732075 3.0136511758379103 1.2533948532304955 -29.816573408063206
6.899647636803549 3.0089018264816176 1.252580071556288 -29.823277398267983
6.812663320519472 3.002778326257897 1.2496194351348486 -29.83145588158839
6.7256102432789 2.997383428588262 1.2446558824759515 -29.839022036971187
6.638512323028951 2.9927059695699403 1.2378152330058239 -29.846005293250258
6.55139907165481 2.9887928353393107 1.229276004685459 -29.852385517399057
6.464307950747901 2.9858767211569317 1.219352840203507 -29.85796759829934
6.377283816790664 2.984609446073118 1.2085641482958234 -29.86213546592581
6.290375727740854 2.9828060309748476 1.1971776657738258 -29.867156647749276
6.2036345768060785 2.9773835239307798 1.1853858460839697 -29.87624704304467
6.1171156678771785 2.973107689608348 1.1744120157021927 -29.884651809243486
6.030864584903564 2.9687001678253124 1.164672292298851 -29.89374965120558
5.944933278455436 2.9652045980308577 1.1567775621787273 -29.902535871620607
5.859366518675499 2.9634541818514486 1.1512673992010578 -29.910173390634462
5.774198345483258 2.967249828146931 1.1486319248755321 -29.912634843308815
5.689430933047576 2.981334454627263 1.1489201371055389 -29.90474152083096
5.605023741789038 2.996574756939968 1.1517321769828437 -29.895863817649285
5.520963643402116 3.0135819733482463 1.1567806500850175 -29.885173074401607
5.437215760918393 3.0307685298340554 1.1638415398143354 -29.874185817533906
5.353749613728682 3.037640931833015 1.1735752138670623 -29.873826532768838
5.270571419121891 3.0405059517254767 1.1853919293425255 -29.87730008923276
5.187677388646439 3.050179508198393 1.1978064404049389 -29.873166805247962
5.105034995645733 3.0635887261304133 1.2107810819652296 -29.864641445809262
5.0226235682189335 3.075728437657944 1.2246255706422917 -29.856940114171493
4.940433308823262 3.0754454562444886 1.240509310872495 -29.861596255091264
4.8584793423010115 3.0715609614583164 1.2566542893216324 -29.8694353941115
4.776745914439927 3.0648706719654486 1.272391261042899 -29.87962893345319
4.695209030310641 3.0598375834018565 1.2867165379375474 -29.887638069818856
4.6138286832144555 3.061460946104658 1.2988561303076152 -29.88843033684462
4.532561231622941 3.0615815955962487 1.3095705938459685 -29.89034813581138
4.451379008380194 3.0649916626533606 1.3183381468025355 -29.888606302468936
4.370254555347967 3.074160763022941 1.3250547961689019 -29.88080100453768
4.289167564115652 3.087175269172044 1.3299517195082355 -29.86894445870462
4.208111300604276 3.0968401706690147 1.3332657934204586 -29.860320895818404
4.1270807954225015 3.1011180572869907 1.3348856873925403 -29.8570313444132
4.046071110269228 3.1042299038371204 1.3348337611183976 -29.85490235298745
3.965074118187128 3.1072280587501027 1.3332259758548646 -29.852913210105307
3.8840806951104017 3.1104826833875996 1.3301498758648351 -29.85071066298171
3.803085240018788 3.1141701467412872 1.3257066784899503 -29.848121413882538
3.7220882117014114 3.118410082053644 1.3200345888806826 -29.845018643446267
3.6410935242591833 3.1229691050060087 1.313324512030493 -29.841628999042214
3.5601131825605394 3.129020565798008 1.305981883729972 -29.836771437481154
3.479166857868712 3.134748826435232 1.298209196265734 -29.83227957802786
3.3982759829206572 3.1375851890278703 1.2901546452630497 -29.83076059801008
3.3174638055755663 3.1399309154122803 1.282443665989787 -29.829817842327373
3.2367471833715875 -3.141346794246536 1.2753870813602506 -29.829402843250975
3.156141735963091 -3.1397554886168977 1.2692016239594532 -29.829389252752563
3.075662199426127 -3.138538796753578 1.263985160404129 -29.829827823502043
2.9953228693819995 -3.137406187832867 1.259804650724707 -29.83041372827592
2.9151374308205638 -3.136148297981835 1.2566775450995733 -29.830917858572967
2.8351181813506336 -3.134312507821245 1.2546187881560924 -29.83085542910134
2.7552735891276683 -3.1320214005351925 1.2536353857741926 -29.830314099271995
2.6756081219997547 -3.131361733077353 1.2537644300678241 -29.831370100930414
2.5961228532212517 -3.129149311353613 1.2553060294724177 -29.830765950656286
2.516804511950848 -3.1262658037150137 1.2584772724473894 -29.829359607676828
2.4376390646993165 -3.1230162480832484 1.263350348741829 -29.827436955044497
2.3586138424044454 -3.119978969811562 1.2699578966739637 -29.825572168449114
2.2797177554530217 -3.117480075120966 1.278275104497741 -29.82409365369741
2.2009409887557427 -3.1159407823513012 1.288235575488266 -29.823430540645553
2.122273284999128 -3.1145467266154916 1.2995508799088467 -29.822770642105382
2.043700536117567 -3.1119598084920326 1.3116964548397145 -29.820772883955783
1.9652076763705981 -3.1091631221481566 1.3243983267177641 -29.818427606403013
1.8867844120654558 -3.111367190854263 1.338001602714483 -29.820963196443685
1.8084196688956025 -3.111611544154653 1.35141791418295 -29.82143260351274
1.7300932195997432 -3.110541706280939 1.3644418432452994 -29.82049505571083
1.6517862273837682 -3.1083837591536096 1.3768564036343052 -29.81839305530984
1.5734807987759318 -3.1053212952925233 1.3884301397327385 -29.81532540229562
1.4951623171695025 -3.10313293032743 1.3990789374414498 -29.813083732904374
1.416820669070366 -3.101206502797564 1.408457263985658 -29.811082957269853
1.3384460843525112 -3.1006157093633178 1.4163392120301337 -29.81041672186275
1.2600313707604143 -3.1034210098965636 1.4227147527955493 -29.8131691216577
1.1815724317113578 -3.1053027566183604 1.4274086213549022 -29.815068054376994
1.1030686301616994 -3.106869902743072 1.4304265153711295 -29.816725401388993
1.0245226501978557 -3.10893107694199 1.431791409779091 -29.818953942764914
