7.916700643130119 -1.2157904739338632 1.9123338266603884 -59.51507481387138
7.798301128647556 -1.2195751335383163 1.9136824450045697 -59.51402631144575
7.6797388981401715 -1.2259964022285053 1.9161606859369795 -59.515228031999044
7.561050844742838 -1.2299207683258289 1.9194749014264703 -59.51357274970232
7.442272530231918 -1.233482906448237 1.923598221006747 -59.511148910961424
7.323420167421153 -1.235183109401172 1.928516442411858 -59.50648709010435
7.204495012276358 -1.2360005397710419 1.934363023603266 -59.50054182468065
7.085487758979243 -1.2373079012932222 1.941346231627838 -59.494628552108814
6.966387737078567 -1.2424069748848792 1.9498885129382755 -59.491890998301045
6.847183432523383 -1.251866834366294 1.9603132975798387 -59.49279755368885
6.727873580129877 -1.2644892487782904 1.9727724750879119 -59.49608858471644
6.608467023014072 -1.2808916826146928 1.9876015804758664 -59.502198263415295
6.488978819655527 -1.30365298303297 2.0055306006356743 -59.513333852290586
6.369443641514682 -1.3287458498500018 2.0263416741482296 -59.52546715750022
6.249908399529855 -1.356658925267372 2.050415131059209 -59.53875750013976
6.130438997884926 -1.3861115501952013 2.077483888056719 -59.551727429023714
6.011100298693779 -1.4110425698230593 2.106006881405388 -59.55877915345598
5.891948019260279 -1.432388127337912 2.1358649053822685 -59.56072143744076
5.773037097079723 -1.4536401584753147 2.167698666840692 -59.56052804509967
5.654426956596255 -1.478876469794106 2.2024881334704722 -59.56149028490492
5.536169582686135 -1.5097093405887512 2.2406122956975554 -59.56468482025396
5.418317924297347 -1.5489624847112062 2.2828684506535373 -59.57200842436899
5.300935823698428 -1.5955149973610003 2.3288300191845446 -59.582151040352755
5.184079714991216 -1.6468821898392951 2.3776080492380633 -59.59291411454138
5.067790278456944 -1.7141498883085313 2.4329143511367186 -59.612111084728504
4.9521373276881935 -1.79406718638684 2.493137685043178 -59.63628053922711
4.83714960395145 -1.8699670452986121 2.55138849418631 -59.6529443156081
4.722759531521923 -1.9395664067777227 2.6056741273934083 -59.660638430596784
4.608875903393085 -1.9671465749404562 2.6436219538331733 -59.63743772063028
4.495277609738731 -1.9434713305853586 2.6634979013762465 -59.580428893633844
4.381727613693617 -1.9785048509411909 2.6986835477075712 -59.55662311114726
4.2684327960984465 -2.0814530303044587 2.7440489434651485 -59.5624312250511
4.155534610718302 -2.217321708683099 2.7833112020142114 -59.570442097432604
4.0430566630379134 -2.3833896782604023 2.812600906141433 -59.577797687263995
3.931004496902761 -2.5822225695025782 2.8295263378682636 -59.58726056180603
3.8193941236607376 -2.798562721768662 2.8311648646716074 -59.59866080776151
3.708237795480891 -2.9961260391751328 2.8174497222279493 -59.6069916916593
3.5975235713641083 3.126880198392382 2.7918465494869498 -59.611018460968516
3.4872286673453727 3.0051363829348943 2.7582444154244463 -59.6113717781981
3.3773221104453994 2.9219037412511115 2.720953357899202 -59.60572776579337
3.2677537601970634 2.8796761901802324 2.6854707969191 -59.58806934856915
3.1584534184166246 2.8758210929741055 2.656021949029548 -59.554368193082325
3.049344629850512 2.8989904058285068 2.632752179216252 -59.50748457377595
2.9403874557048053 2.908059537435423 2.6052335043939947 -59.474897087310836
2.8316101134377676 2.9095921747380964 2.5762722780759226 -59.45268053821041
2.723010293730483 2.9081802742605336 2.5478948906396823 -59.4373418634109
2.6145669528189823 2.9046571009403532 2.520840641969551 -59.428071580823506
2.5062552821996906 2.9020135175990083 2.4961869248269823 -59.4220110355757
2.398043851363401 2.900981203626012 2.4742977477740977 -59.41818317615916
2.28990046283198 2.901091473019288 2.4552217691552176 -59.416800308524124
2.1817934280137923 2.9020228435857476 2.4390215431657274 -59.41796778375182
2.0736914159777964 2.9039962313065675 2.425806690457733 -59.42117742936491
1.9655637532351575 2.906247455897021 2.4155637026171717 -59.42679613314207
1.8573825889853106 2.909190501785639 2.4083733046777684 -59.43378199739789
1.7491273402147665 2.9167396798244476 2.4042173821348283 -59.43691454766785
1.640787513446625 2.9226169895500966 2.4028822218095116 -59.442198911374845
1.5323554341266876 2.9299386029652887 2.404090351268405 -59.44486540474739
1.4238388602578345 2.9359680062484954 2.40759770580606 -59.44688302163545
1.3152481994645813 2.9332026172093335 2.4138140542597686 -59.45540202500769
1.2065939358493816 2.926220292429987 2.422006827164286 -59.464357897685694
1.097893077120804 2.91249478007765 2.432202340692316 -59.475657158763
