7.75989527554354 1.5863238537772606 1.506472932051635 -19.008290371277766
7.698747257370297 1.5881407178659328 1.504689942772504 -19.004970578349642
7.6376085860241565 1.5881128968741705 1.5034130105736538 -19.00359558136163
7.576486284279098 1.5874408685158152 1.5027090172199247 -19.00294193408672
7.5153772375536185 1.586612525967068 1.5026279428008367 -19.002501795665985
7.454272889548346 1.5852585847356753 1.503246276064199 -19.0026330834866
7.393162110478889 1.5837585977607156 1.5046750846448316 -19.00295188274476
7.332029197505385 1.5823386549436274 1.5070228947259905 -19.003237900912183
7.270857186856914 1.5808761172732761 1.510411433967874 -19.003632544906438
7.20962962894916 1.5795441721521746 1.5149695397952119 -19.003992942125628
7.148329798303263 1.5790661525682077 1.5207845181877624 -19.003633454095777
7.086942328972583 1.5789818906737227 1.527993795771611 -19.00306694236417
7.025457718082767 1.5794793252554302 1.5366765135662774 -19.0021518330083
6.963874292924645 1.5792806134543222 1.546996478592264 -19.002213862867123
6.90219255826506 1.5782579903574672 1.558959060374723 -19.003398704620786
6.840408383542462 1.5765266430683569 1.57252453542688 -19.0055993651946
6.778513355280365 1.5742383026148503 1.5876234096570296 -19.008663014791125
6.7164944887488005 1.572497076883038 1.6039986173975813 -19.011445766570723
6.654334479014112 1.5714743311479338 1.6214332079529072 -19.013731112604468
6.592014495936189 1.570523368459753 1.6397735641887359 -19.01612015535136
6.529513089298634 1.5706697156565086 1.658611404276221 -19.017493251775335
6.466815546992956 1.5710399430669568 1.6779222597728005 -19.018695331265796
6.403909924160593 1.5724187091088797 1.6973498564483518 -19.018860817960714
6.340791615553268 1.5740053819813236 1.7168644393443633 -19.01876877173438
6.277461793460884 1.5757174987975757 1.7363251818064158 -19.018466453249815
6.213920849407984 1.5768079907422092 1.755770803132211 -19.018708058600566
6.1501673357884235 1.5779641159527438 1.7750175722823844 -19.018789595179797
6.0861974887006856 1.5798582768592495 1.7939410200206867 -19.018043890277895
6.022008582034193 1.5823641026327369 1.8125981101579869 -19.01664570997535
5.9575985240018 1.5854043555814474 1.831036355765347 -19.014730610999592
5.892966002079341 1.5887838944211832 1.8493202970822358 -19.012554804880068
5.828110852428605 1.5925016943769699 1.8674669230048424 -19.010165743983677
5.763034203403289 1.5964555303874224 1.885498026575011 -19.0077042288733
5.6977386882246845 1.6008209886326092 1.9033804671467378 -19.005013179077757
5.632228967834615 1.6056486958575122 1.9211136716616406 -19.002055425133932
5.566511437452062 1.6104686270039879 1.9388120763622285 -18.999326892763598
5.500593250256259 1.6146071646501263 1.9566441225278104 -18.997530667437346
5.434480721892477 1.6183566310625443 1.9745919467279085 -18.996339319134925
5.3681789477673725 1.6231308914813132 1.9923854287667389 -18.99419987853785
5.3016928190081165 1.6280286952298608 2.0101239127196537 -18.991935129660817
5.235029535996663 1.6321177642464106 2.02789020815296 -18.99038752572939
5.1681953694145655 1.6344824516022372 2.0457899150814964 -18.99038951651991
5.1011930834227694 1.6358679043329167 2.0636542193378973 -18.991065689098654
5.034020789979964 1.6361596754142398 2.0814792779250295 -18.992460688394573
4.9666746324773 1.6356571604822754 2.099186851852837 -18.99420001783531
4.899151030271702 1.6346502598245474 2.116704718924119 -18.995944363597864
4.831446627179046 1.6332156198621344 2.1339999754027805 -18.997598104990267
4.763559158877597 1.6316321122267385 2.151015730856262 -18.998885145546815
4.695488707681013 1.6303279037209815 2.1676758001355467 -18.999402914304497
4.6272383997455115 1.6288667488872055 2.1840556103313014 -18.999645168477542
4.558812820833682 1.6270743591450718 2.2001854219061308 -18.99984556259077
4.490215817709334 1.624555500920785 2.216129383969233 -19.00046660207319
4.421449224482563 1.6216607489627781 2.231828106513705 -19.001227899090154
4.352513100513394 1.6188674756408454 2.247199970711774 -19.001726778568667
4.2834080927224445 1.6160126090240623 2.2622746033851726 -19.00221169897187
4.2141352538902055 1.6133973183066825 2.2770263224201637 -19.002467928496856
4.144695957677016 1.6112685025979456 2.291450203167195 -19.00232154323036
4.075092175696788 1.6097704072675625 2.3055574909138254 -19.001676738544248
4.005326624050382 1.6088639876669353 2.319381667660353 -19.000597487596195
3.935402642359147 1.6084498074050178 2.3329572901359446 -18.999183480352244
3.8653241106837686 1.6083309910073695 2.3463224532758393 -18.997607996579042
3.7950954595295485 1.6082169951625482 2.359514930651441 -18.996114487374783
3.724721254077591 1.6080876719049333 2.3725095581610276 -18.99463742695704
3.6542064232471505 1.6082374159146122 2.3852043408111934 -18.992754049732753
3.5835574367902634 1.6071712829592175 2.3976896806469314 -18.991836396956842
3.5127816676564114 1.60413995486192 2.40993659173916 -18.992511754665415
3.4418849539775014 1.600094494022367 2.4217135001438312 -18.993731757227508
3.370870940529533 1.5952022619202035 2.432889724291724 -18.995260273984933
3.299742639439155 1.5879012701091701 2.4435228702553817 -18.998599262934796
3.2285020137238063 1.5781180143034108 2.453503238410624 -19.0037765196439
3.15715297343493 1.5671380910088661 2.462612211526359 -19.00950340438662
3.085702281850959 1.55626964518613 2.4706835205778765 -19.01450184933693
3.0141591432906036 1.5457965866624437 2.4776814424815043 -19.01853782086267
2.9425344812559713 1.5363348152706038 2.483591691482353 -19.02108556204839
2.8708400558996736 1.5277153976904123 2.488473833853169 -19.022395292983802
2.7990880479845655 1.5197477794241123 2.49239898514415 -19.0227405464168
2.7272901141042496 1.5110692001502524 2.4954812258992147 -19.02351129541998
2.655456490254713 1.501691003298427 2.4977962734730914 -19.024768947432072
2.5835966215018344 1.4922427518780144 2.4994250399841493 -19.02596516425561
2.5117177225904306 1.4834974015474585 2.500472094224453 -19.026388005263343
2.439825578146487 1.4754465096209826 2.501055091950861 -19.02603765413444
2.3679253782836214 1.4672713489310794 2.5013018472976265 -19.025678474638916
2.2960213469823296 1.4608348812067706 2.5013504759950846 -19.023506359659244
2.2241149708008052 1.45531624388574 2.501341622977533 -19.02026478104291
2.1522055910793516 1.44792577309797 2.5014272291121404 -19.018576829992355
2.080291164289838 1.439104397382423 2.5017440677414164 -19.01802604782059
2.008367568525642 1.4299192942855445 2.5023561568217976 -19.01763018118109
1.9364294670403444 1.4206031732599176 2.5032841447385366 -19.017211947491283
1.8644708597034148 1.4112427439012867 2.504516135829683 -19.016732696887416
1.7924864848437534 1.4017966404048383 2.5060236728580523 -19.016258362557828
1.720472170250058 1.3921678875024652 2.5077672652869243 -19.01589259672413
1.6484247020965708 1.382201830127279 2.5096943874749127 -19.01579269687506
1.5763411777253449 1.371902308693766 2.511728400714415 -19.015976247764222
1.5042187260233468 1.3615501408253383 2.5137767102882327 -19.016248147582914
1.4320551652672204 1.351494415274671 2.5157285304072636 -19.016393332013557
1.359849564599096 1.3427642268885565 2.517438006115483 -19.015566739867047
1.2876039467093272 1.3351135067467281 2.518768447678056 -19.01411896653285
1.2153235557030047 1.3283259732301165 2.51959319708529 -19.012323333190857
1.1430154168031645 1.3219612504233427 2.5198103718238 -19.01065406151777
1.0706878089585183 1.3157900306712806 2.5193334375630125 -19.00936399469476
0.9983497540698669 1.309956431802561 2.5180777832573296 -19.008323550561407
