7.86124665246539 -3.119945422231677 1.6332671046702474 -23.563783493920525
7.814023503148999 -3.120272525705862 1.631977224409652 -23.564050326914597
7.766783248218549 -3.120584251184963 1.6312796540757526 -23.564398928392755
7.719526376680875 -3.120732458985356 1.6310743374433938 -23.564663762430662
7.672253346599682 -3.119133347078937 1.6312292879819863 -23.563236279080712
7.624965522825134 -3.11637617990388 1.6316294769739694 -23.56068476763351
7.577666064908848 -3.115777163117374 1.6322163273102719 -23.560310771568872
7.530358703507345 -3.116099464564107 1.6328757188993335 -23.56083885870494
7.483046633399509 -3.116838007000055 1.6335063105895042 -23.56171670383643
7.435729429777815 -3.1163650043556923 1.6339730137024524 -23.561264083136876
7.388404007315564 -3.114934007849847 1.6341594397224117 -23.559695583525148
7.341069234684782 -3.1142729697739773 1.6339722598803414 -23.5587087456447
7.29372950159043 -3.1153305488741334 1.6332972464780389 -23.559224232171353
7.2463931040546 -3.1173630382223614 1.6319917398297445 -23.560480753367642
7.1990693866223525 -3.119326027221887 1.6299437988021346 -23.5614344815624
7.15176748453588 -3.121380316263159 1.6270888873599987 -23.56225269561564
7.104496315197445 -3.122776238913355 1.6234178868748377 -23.562211764280256
7.057264471476122 -3.1228835541001176 1.6189683594969726 -23.560715120720303
7.010081626934657 -3.123302443282974 1.6137230027161862 -23.559363158766857
6.962961146795931 -3.1235724090024273 1.6077832369861305 -23.557727272174944
6.9159171680819815 -3.1242407253973923 1.6012873210007184 -23.556367124511638
6.868962918129612 -3.124635400589265 1.5945297491265649 -23.554641947239652
6.822109849453933 -3.1249016787460984 1.5877880616725768 -23.552710056322077
6.775368876256633 -3.1244743097063985 1.5813671396117592 -23.55003424242549
6.7287489604564765 -3.1249053002222236 1.5753984242490229 -23.548150334203314
6.682259564314061 -3.1280619606951006 1.5699719271973123 -23.54890262475807
6.635908120691547 -3.1318925248763945 1.565415557100016 -23.550309717833038
6.589694936848709 -3.1351811092254342 1.5620571601785158 -23.551207267794894
6.543615969074882 -3.1378797252599098 1.5601226571208682 -23.551571567633353
6.497664851613006 -3.140173177211129 1.5597295771305704 -23.551600928506524
6.451835134316032 3.1406307259147 1.5609044355612742 -23.551788256361732
6.406122306315284 3.1381138483733166 1.5636188903649675 -23.552187587672897
6.360522966040251 3.1355708625112935 1.567795408280648 -23.55269647657365
6.315034300596001 3.1333779289822226 1.5732930440780648 -23.552948617082237
6.269654076977576 3.1329136798135138 1.579838487482597 -23.551594881886423
6.224380232116721 3.1330989805721825 1.5872678939912752 -23.549694527157243
6.179215068783505 3.134710501018631 1.595232838866717 -23.546488530099623
6.134159797977698 3.1363965600072565 1.6035137693859673 -23.54330859886923
6.089216314427903 3.137873166621617 1.6117526344376913 -23.54044500804325
6.044388070619652 3.1371960148209492 1.6197650879628849 -23.539810672981147
5.999681942684641 3.1368158110696602 1.6269918598951743 -23.538973118816664
5.955095733419043 3.1370646236630035 1.633141223508394 -23.537574121809
5.910621899150044 3.137530249956933 1.6380215328412546 -23.53599490341852
5.866251132467954 3.1381149612223 1.6415013653981694 -23.53431230594414
5.821974392026881 3.1383344403580065 1.6434421214205437 -23.53299264320011
5.777783822417096 3.137838101845731 1.643710859865832 -23.532377464144062
5.733673154689811 3.1354961357206754 1.642223853595376 -23.53357982793566
5.689638552535422 3.1292991149083496 1.6389039419925187 -23.53857852158356
5.64567960355705 3.123920936393246 1.6339165285036585 -23.54276619804032
5.601794453742154 3.1235347764793446 1.627708265281466 -23.542035506695363
5.557980758601142 3.1233618606420546 1.6204029945441574 -23.541104292518078
5.514241670400479 3.1299566546902797 1.6128841950051134 -23.53351981179666
5.470577040178671 3.1352705182636735 1.6050574224682015 -23.527224762340275
5.426996388179402 3.1343964136691866 1.5970213176021877 -23.527060754394945
5.3835111978157535 3.131668127606269 1.5895426787243365 -23.528753288239777
5.3401223742770965 3.1293161864955454 1.583172761607262 -23.53010074389495
5.296827253657741 3.127209329508572 1.578229237376366 -23.531228375611178
5.253624554671762 3.1254898726900713 1.574883902161491 -23.53198914748046
5.210514647163978 3.1242294031016393 1.5731923795815872 -23.532304918191386
5.1674996449669 3.1235329305739628 1.5731107346314577 -23.532064486151086
5.124583156825917 3.12328819949844 1.5745083394188506 -23.531371606939615
5.081770742945102 3.122913290628318 1.577194197454311 -23.530795478093005
5.039069317495115 3.1209643447222075 1.580972151001649 -23.531758516996902
4.996485754711508 3.1187482583184627 1.5854671035323589 -23.53297504490272
4.954022807524258 3.1169957100179606 1.5902903788142941 -23.533731464477427
4.911680465769025 3.1153413252669635 1.5951677826348345 -23.53438844337729
4.869458376863082 3.1141552976100333 1.5997756085406671 -23.53457930838907
4.82735623480033 3.112207458003806 1.603885557504519 -23.535519529050582
4.785376030001959 3.1077527612596842 1.6072908528504173 -23.538926979922408
4.743520862261691 3.10253094840601 1.6096872544300649 -23.543090310272667
4.701791238164212 3.098727656610956 1.6108843342262549 -23.545867110090214
4.660184975248482 3.098578180661215 1.6108526493940305 -23.545072658765385
4.618696732047924 3.0985941954695835 1.6097179828518142 -23.544160956385937
4.577324040408821 3.0987927916557783 1.6076370646494589 -23.543125145606368
4.536064620467779 3.0996068819383678 1.604858344509761 -23.541546369949423
4.494916751838285 3.099312603110627 1.6016273581842573 -23.541135328749967
4.453878672803994 3.0971947996318723 1.5981256403731265 -23.542612311922774
4.412944942426324 3.0954039966009286 1.5945961951316308 -23.54386268851676
4.372104907299991 3.0943090239473046 1.5912452544800346 -23.54452594238691
4.331347717187362 3.0937408670471216 1.5882804567758153 -23.54477489949889
4.290662903533664 3.0939608615800154 1.5858942809438212 -23.54435632559396
4.250039919225788 3.0942769281996294 1.5841976729073473 -23.543961362576418
4.209469027637564 3.094483730279133 1.5832591448905444 -23.543795523603485
4.168940333028539 3.0943197819278443 1.5830923915637192 -23.54411456017612
4.128444203399086 3.093996187094333 1.583660500533454 -23.54469655132275
4.087971674234161 3.0939199102475206 1.5848791390560824 -23.545117912777243
4.04751547007004 3.096075215334206 1.5866083659797874 -23.543377560612456
4.0070707078467835 3.1022627522347572 1.588687177067074 -23.537659264189273
3.966635531731505 3.105243777002073 1.5911805907362593 -23.53518717903475
3.9262108523013324 3.104835565949672 1.5939272015853323 -23.536126537774024
3.88579865270342 3.1005745664127193 1.5967655909843659 -23.540912165290806
3.845401517463427 3.0979251910738195 1.599368082481171 -23.544040740152987
3.805022259606484 3.0964557345462995 1.6015731591441833 -23.545914965019662
3.7646653163440513 3.093090649704859 1.6032765590941216 -23.549578741251672
3.724338685875695 3.087977812945336 1.6043010658430343 -23.554863295794554
3.684052511266782 3.082325515471273 1.6044699485208769 -23.560553500788707
3.6438176890456844 3.0756197916856456 1.6036560834474145 -23.56716023962332
3.6036456621052655 3.067125151445168 1.601727468178644 -23.57542032631246
3.5635480049557025 3.061072633187278 1.5986469326555957 -23.581149022121018
3.5235317251735423 3.060790729481426 1.5945461416779998 -23.581075350939287
3.483599424748416 3.061330016904498 1.5894130997413374 -23.580138695049932
3.443755933804532 3.0646250474232897 1.5835946811562978 -23.576444753897476
3.40400272698939 3.082262778924267 1.578200218763353 -23.558538430118382
3.3643305000954395 3.086699454495486 1.5719786802342668 -23.553754952640112
3.324753079176219 3.08586705887491 1.5658399209363572 -23.554239663247827
3.2852722957879363 3.084135795034253 1.5604575828997567 -23.55566402710958
3.245883782937087 3.0824746349282623 1.5562091912294047 -23.557067801198592
3.206581600656172 3.0809405417666142 1.553282608018033 -23.558392123685834
3.167359672914935 3.079481966022209 1.5517479830313732 -23.559683972275415
3.128212156519013 3.078417790715448 1.5515843496275297 -23.560620510878728
3.089133413402973 3.0776733669277037 1.5527064754637996 -23.56126928650942
3.0501188948692923 3.0769881818810245 1.5550054701705498 -23.561887067819427
3.0111648362658645 3.076436960008609 1.5583361214679132 -23.562401236967524
2.972267588536265 3.077278013599749 1.56246713374971 -23.561563026817502
2.933423073606023 3.0816333401353297 1.5670680260291696 -23.55726602476745
2.894626723055085 3.0872462183104377 1.5720099724426593 -23.55177103100631
2.8558750988323327 3.0925189055321023 1.5771451245471917 -23.546682013628036
2.8171650988236925 3.09227574615997 1.5825049760341388 -23.547165238365913
2.7784948071212776 3.091342243968007 1.5875357012936024 -23.548400964707945
2.739861146638908 3.090664347227925 1.591947667941603 -23.54943362852476
2.7012617156996024 3.0893915674587737 1.5956034795267546 -23.551096728603163
2.6626953124379154 3.086621265538304 1.5984287096639538 -23.554273232629306
2.624161246459181 3.0836694317833886 1.6002503325213548 -23.557627604251806
2.585659666670186 3.0804244347186613 1.6009484329387653 -23.561255227155016
2.547191366953974 3.0771537224917793 1.600444753025066 -23.564876477095467
2.5087575430390903 3.075415082874653 1.598749729044468 -23.566929247006705
2.4703595549737445 3.0753086419503353 1.5959557697881706 -23.56731351664451
2.4319988087175477 3.0750320858022153 1.5921634719424602 -23.567829521178673
2.39367678997325 3.075213437009659 1.5876105302189045 -23.56785290711906
2.355394560180535 3.0820722938041767 1.58291738280593 -23.56119157137998
2.3171515926406654 3.090594967714806 1.578195949809159 -23.552866485296335
2.278948392884978 3.091387125041093 1.5732490168943913 -23.552261769990174
2.2407860467965337 3.0906765196623147 1.5686860606670907 -23.553163836849244
2.2026628641927437 3.0898925801255546 1.5647954685330314 -23.554142621655032
2.164576401656533 3.089235585880564 1.5617390486245224 -23.55499349280091
2.1265240857197285 3.0887009943166794 1.559599395646503 -23.5557161342347
2.088503453449152 3.0882973943398335 1.5583939424032023 -23.556299706773217
2.0505121220950353 3.0879082477212196 1.5580858369362458 -23.556860874126208
2.012547706215478 3.0874119904322437 1.5586001103127536 -23.55752364576827
1.9746077097206822 3.0868325385435993 1.5598376358860226 -23.55826877844467
1.9366894306288815 3.086501819999861 1.561681506031324 -23.558770688678337
1.8987899402102582 3.08774368076204 1.5639838388908986 -23.55771400147937
1.8609062560943463 3.090527657596312 1.5666129278076035 -23.555138587019414
1.8230353155119392 3.0926031906223237 1.569486460379505 -23.553304445496018
1.78517352503037 3.093771756205654 1.572471451307888 -23.55241690883428
1.7473172248613604 3.0933169296884997 1.5754542295197738 -23.55319174643141
1.7094626862056423 3.092899927167255 1.578276010175641 -23.5539603495313
1.67160704613262 3.0925268085977247 1.58085168975625 -23.55470833056745
1.6337480552295927 3.0919693650717526 1.5831313517304753 -23.555654543581284
1.5958842072197559 3.0912387473142706 1.585085711482827 -23.556777957362094
1.558014815518126 3.090545663593031 1.586707788504558 -23.55785748773711
1.5201400432803434 3.090003861161141 1.588007053278675 -23.55876906027148
1.4822607329359843 3.08954715795758 1.5890004123825456 -23.55956982642801
1.4443780991570454 3.089119714350216 1.5897126358234903 -23.560309644528346
1.4064935324978036 3.088707425586159 1.5901828587118323 -23.560998706380275
1.3686084935437552 3.088337074257292 1.5904668375343598 -23.56160701797767
1.3307244286535973 3.088210758397006 1.5906418854885984 -23.561929163766337
1.2928427887254028 3.0884409853431904 1.5908064433076132 -23.56185026351924
1.2549648661591926 3.08868095038166 1.591064494162292 -23.561717436362116
1.2170914190399276 3.0886256293655676 1.5915203322766076 -23.561838228088234
1.179222702594049 3.0882669925212705 1.5922789704682032 -23.56222123293948
1.141358774671785 3.0874971238582605 1.593441820610609 -23.562972092408167
1.1034995441681226 3.08670044626712 1.5950834554920919 -23.563701581914543
1.0656452457746628 3.085990008750597 1.5972456097524486 -23.56428916303154
1.0277961106582936 3.085375846823734 1.599947685901108 -23.564718270870955
