7.851952538224156 2.937963191793606 1.4053395963641138 -54.98298790047861
7.824535558114324 2.9431212297648583 1.4057030441372176 -54.97847578050866
7.797115491980117 2.946539522497917 1.4063273193299133 -54.975691022789675
7.769693645196577 2.948923408344902 1.4071561641629473 -54.97392837216428
7.742269475584891 2.9511761583157763 1.4081226414609886 -54.972285650810846
7.714841319081796 2.95337305331964 1.4091616875003965 -54.970689505773436
7.687407691307379 2.954057947744961 1.4102342806258834 -54.97059919524542
7.659967632155921 2.9543883184001123 1.4112798807342068 -54.970862734057
7.632520884406254 2.954343847275749 1.4122449264279335 -54.971506211665094
7.605067740471364 2.9535119702495654 1.4130704520005528 -54.972948778931524
7.577609127690227 2.952510497395413 1.4136762244030052 -54.97457953881589
7.5501470657749055 2.9527215353822425 1.4139828669576286 -54.975022027312306
7.522684345042322 2.9534095077456377 1.413914501772414 -54.975013457470375
7.4952250864139085 2.9544714339637506 1.413410924508871 -54.97465732939769
7.46777416691929 2.955597486206799 1.4124284225805461 -54.97426336438766
7.440337487867084 2.956625531025218 1.4109405227187928 -54.973993194425674
7.412921582790783 2.9574818522110844 1.408941129113315 -54.97391981384087
7.38553326125452 2.9581079223328666 1.4064486982845537 -54.97410106211796
7.358179466457281 2.9587535960105797 1.4035124744316643 -54.974285952531176
7.330866962296711 2.9597308966644382 1.4002060046502887 -54.97416122802894
7.303601979719637 2.9602186716498227 1.3965848340157796 -54.97455045784228
7.276390811749225 2.9607386378055347 1.392775405940306 -54.974932367965835
7.249237686666687 2.9617905596343017 1.3889241522069722 -54.97480751865349
7.222146538862163 2.96386008914063 1.3851764432428597 -54.97369013396902
7.195121525793454 2.9671125857764125 1.3816471895757187 -54.97141494130034
7.168166977498106 2.97007901010849 1.3783619306666932 -54.9694569084433
7.141287256135401 2.9735005477050334 1.3754134122035346 -54.9670698711836
7.114484677981119 2.9766557695241067 1.3728423722117382 -54.96497498174595
7.087761085211693 2.9782360222326276 1.370694460113258 -54.96448314194531
7.06111732873123 2.9787251877489274 1.369087402956847 -54.96510229779194
7.034551441037145 2.978303902300744 1.3681209467605133 -54.96664332930456
7.008059818087113 2.9780247398635784 1.3678899091152676 -54.96803991354254
6.981637859272933 2.9779939618233544 1.3684433727503247 -54.96917780973939
6.955281015320319 2.9782188234672025 1.369785646489325 -54.970043289813084
6.92898521406435 2.97883011737733 1.3718756472640363 -54.970499574874175
6.902746813110448 2.981804652597992 1.3745912035544325 -54.96855446555349
6.8765615655059085 2.986936556368682 1.3778085179554316 -54.964409813672226
6.8504263593574635 2.993346023767329 1.3814069196660965 -54.95894559927798
6.824338909397284 2.9990037857508565 1.3853076923803787 -54.95419780216738
6.79829714417782 3.0042077353714354 1.3893432996103339 -54.949865595015886
6.772297544950285 3.00537895489251 1.3934755651876694 -54.949541995142546
6.746337849835982 3.004994315094779 1.3974013057618853 -54.9507484297666
6.7204160656559155 3.0042252758719035 1.4009260612965702 -54.95232504617946
6.694530572961538 3.002432367307444 1.4039632706926246 -54.95492944037222
6.668680312438732 3.0011922131164384 1.406386849231583 -54.95699446698301
6.642863757125589 3.0002061820460124 1.4080995360402146 -54.95882596123489
6.617080372912665 2.999058363159444 1.4089948012903801 -54.96084206680309
6.591330451865104 2.99795080067433 1.4089617389452547 -54.962837582415595
6.565615567173848 2.996640309472877 1.4079029111598824 -54.96505256138933
6.539938659340302 2.996024749998703 1.4057791332793466 -54.96658096204135
6.514303154344051 2.9968015805594352 1.40263722865843 -54.96671694908032
6.488712909515846 2.9983783778472968 1.3985626148496377 -54.966050877730495
6.463172921663722 3.0000811692174176 1.3937026263514163 -54.965257677272646
6.437689167925927 3.0030366695466926 1.3883772613278422 -54.96320761432922
6.41226626763608 3.0081006222590783 1.3829705465204813 -54.959046661181304
6.3869085369944685 3.0143916760128877 1.377766140597049 -54.95367212267234
6.361621901608159 3.0167830513463265 1.3727490725217923 -54.95225069883012
6.336414816964154 3.016513377013307 1.3682290912927868 -54.95354913172542
6.3112920580505145 3.0161171810140353 1.3645413045257302 -54.95502096187097
6.286254222773481 3.015674993082652 1.3618461379093603 -54.956582001940696
6.261300858694048 3.0155458312344834 1.3602502355078663 -54.95786520825549
6.236430533204441 3.015712638508371 1.3597892768663493 -54.958880069207254
6.211641253968117 3.0160121560419038 1.3604325367034262 -54.95978188957953
6.18693102282076 3.016538441654885 1.3620989229912042 -54.9604653400639
6.162298172488759 3.0172248560574464 1.3646758823990088 -54.96098710576243
6.1377418610037 3.0191573795402498 1.3680082018693278 -54.9602424817128
6.113260366346092 3.022746397533843 1.3719328332471796 -54.95780806413662
6.088851471007643 3.027958559686363 1.3762926650794376 -54.95370904362667
6.0645125706442355 3.0335909008441937 1.3809499795569196 -54.94914999158688
6.040242289302056 3.037529070507645 1.3858005770869548 -54.94625559460691
6.016039837039759 3.0379087377491634 1.3907095919951147 -54.94689890076775
5.991904257440236 3.037624854176783 1.395309657925956 -54.94817171250535
5.967832257976874 3.037268796280099 1.3993988302518114 -54.94949209361154
5.94382040381513 3.0364917277381847 1.4028855505644766 -54.95122527248821
5.919866396760906 3.035379885831395 1.405714088224235 -54.953297901650856
5.895968047906467 3.0347435258818924 1.407796840580523 -54.95490417187013
5.872124064750548 3.0343082602489186 1.4090695134390936 -54.95632254506542
5.848333953593692 3.033947500882692 1.4094839619118928 -54.95767949158984
5.824597973720574 3.0338465192336006 1.409026843479059 -54.9587862723071
5.8009169242014655 3.0336767989280147 1.407722637251467 -54.95997013991368
5.777292378834978 3.0337672852818613 1.4056512348173085 -54.960897202969434
5.753726294607935 3.0336101311982353 1.4029226222593592 -54.962076458741414
5.730221191500971 3.0341133713751827 1.3997430394586055 -54.96259436372314
5.706778592898189 3.0369232880725834 1.3963925460875388 -54.960792779757824
5.683399656669589 3.042058053897229 1.3931086920760796 -54.95665283275652
5.66008687724873 3.0445871479406805 1.3899232932203853 -54.95514061796908
5.6368448445013914 3.045042445105599 1.3870456932887765 -54.95572403779222
5.613675623160282 3.0447651882747895 1.3846525514675831 -54.95704771956045
5.590578214994233 3.044248409756055 1.38287636930316 -54.9586075519874
5.567549864968346 3.0438041960079056 1.3818154636504967 -54.96008062149265
5.544586919756709 3.043440334249127 1.3815357877197427 -54.96145158364254
5.521685683908142 3.043201258212685 1.3820593542111994 -54.96266994306037
5.4988427653107745 3.0431043312794346 1.3833678458208833 -54.96371398310753
5.47605512290651 3.0431275415684 1.38540826470151 -54.96460292955952
5.45331999223836 3.044475166362829 1.3880686194984457 -54.96412372029767
5.4306343596028945 3.0472801360572985 1.3912263033798002 -54.96214103079473
5.407995509254579 3.0521804222881443 1.3947299817365009 -54.95801220050253
5.3854005683063 3.057139785998554 1.3985053254217423 -54.9537829372207
5.362847926094564 3.061072583369553 1.4024389656963547 -54.9505470707704
5.340336484241598 3.0603153703464483 1.4064891841174538 -54.95199005312582
5.317866415495341 3.0590371434713255 1.4103349072047129 -54.953942971949516
5.295436193773535 3.0568884542759442 1.4138733642767443 -54.95677317153871
5.273045303340066 3.05468954136996 1.4169930706598581 -54.95967329335121
5.250693184941548 3.0532564500250188 1.4195698526850613 -54.96183374629166
5.228379950869777 3.0525410344270707 1.4214988901324226 -54.96330456178445
5.206106340963108 3.0518078916510065 1.4226963410188198 -54.96482283870052
5.183873648021825 3.0511332999665917 1.4230818132878018 -54.966309365741665
5.161683559524169 3.0508218242075977 1.4226124424412687 -54.96745463708557
5.139538077746493 3.051089116535602 1.4212945653630493 -54.968037469380945
5.117439625710704 3.0517418667367737 1.4191821125730335 -54.96824727021411
5.095391185488373 3.0521413217398585 1.4163673502750918 -54.96872258428789
5.073396190375015 3.052406894581841 1.4130218509742059 -54.96934145836011
5.05145736353309 3.05488840665658 1.4094613321252747 -54.96773795533754
5.029575931530214 3.060386264426579 1.4059749119375602 -54.963102723567786
5.007753989542627 3.063695759810169 1.4025849663450767 -54.960672888049906
4.985995972033422 3.064209240022123 1.3994627655321623 -54.96106314094503
4.964304721889343 3.063862318884972 1.396825161272355 -54.96232258767667
4.942679833724684 3.0633801515151378 1.394816211259381 -54.9637138190826
4.921119210772914 3.0628035326565133 1.393530294550348 -54.9651866359613
4.899620003772563 3.062391244140498 1.3930310357838416 -54.96647210466553
4.878178874632005 3.062066316934121 1.393329313211617 -54.96764075316468
4.856792682904345 3.0618282107751966 1.3944012490552924 -54.96868804040236
4.835458503677854 3.061675536032922 1.3961957076032607 -54.969611667446294
4.8141734449222495 3.06248413702502 1.3986157457922206 -54.96952863419938
4.792934322589169 3.0647099844988612 1.401538877596837 -54.96797859536456
4.771737910780508 3.069121008770973 1.4048162731512857 -54.964188031621475
4.750580890948865 3.0741596036125967 1.4083556515447606 -54.95971956174119
4.729460787355464 3.078855937790134 1.4120512619729233 -54.95554840361809
4.708375334231563 3.0789134641303746 1.4158935889449276 -54.95599038006865
4.687323019981202 3.077967369047782 1.419582317595853 -54.95741398005136
4.666301988105692 3.0765527402957247 1.4229592035291068 -54.95929711712099
4.645310584098463 3.07438733851615 1.4259349513041513 -54.96193805200268
4.624348064092016 3.072181884445178 1.4284156219505229 -54.96463861854791
4.603413979547624 3.070533579253472 1.4303147195162935 -54.96680918114837
4.58250910970297 3.0693027982177323 1.4315563405275533 -54.968592509235144
4.5616349603918565 3.0686970504957074 1.432079414762513 -54.96977965176102
4.5407933683257635 3.0686544582863813 1.4318500486808645 -54.97042937721762
4.519986731694523 3.0687636230305726 1.4308617774986137 -54.97095063719433
4.499217955608571 3.0689349111988036 1.4291508591105921 -54.97142973328605
4.478490172461161 3.068892654746244 1.4267989579988842 -54.97214010079163
4.457806324099812 3.0688816679717075 1.4239570865409026 -54.972833019403645
4.437168768288682 3.0696400579785044 1.4208299562561322 -54.972763922803004
4.416579434772451 3.072155881596327 1.4176617938773628 -54.970936670065434
4.396040531801417 3.0764883927166804 1.4146677341721599 -54.96729050386071
4.3755545004313525 3.0781656540083993 1.41185015998912 -54.966318599076544
4.355125015017962 3.0783432711890466 1.4093562018695454 -54.966860305615114
4.334753613790902 3.0780419997259876 1.4073068461363776 -54.967884359790766
4.314439942314102 3.077388201399634 1.405779148139879 -54.96925536688337
4.294182439738623 3.076752618232566 1.4048376302580956 -54.97059153534739
4.273978495052015 3.076187687098538 1.4045232980523028 -54.97183135260784
4.2538251128885545 3.0756853196109577 1.4048506892995878 -54.9729759133282
4.233719258524254 3.075234775261623 1.4058111788141399 -54.974030771776775
4.213657735304273 3.0749570555274865 1.4073676275615843 -54.974870591788694
4.193637101049778 3.07574851156655 1.4094418179970474 -54.97459301925499
4.173653572412124 3.0783853268068007 1.4119241400511358 -54.9724165361192
4.153703283698699 3.0824605271493755 1.4147041647526661 -54.96874632542597
4.133782795551639 3.0866805050151225 1.417693112048526 -54.964878943248515
4.113888806167589 3.0908033770425067 1.4207784335945035 -54.96105971071271
4.094017780628916 3.0917108401394917 1.423912070140406 -54.96041864253431
4.074166703669116 3.0910177375174706 1.4269021576262502 -54.96135225710889
4.054333203620689 3.089802472936673 1.4296028075088054 -54.962795209466464
4.034515663971781 3.0879417568586045 1.4319453260380444 -54.96488516770136
4.014713279247186 3.0852582996445514 1.4338797982987934 -54.96781429927416
3.9949260845548102 3.082892202221756 1.4353450021791236 -54.97045469705619
3.9751552464288937 3.0812228721108195 1.4362884905310949 -54.972432584299675
3.9554031962594727 3.080386072593929 1.4366564609173016 -54.97361094071111
3.935672854690802 3.0798889424912397 1.4364119948338328 -54.974479370854205
3.9159673666412855 3.0796105707538923 1.4355487578554527 -54.97515538723835
3.8962900154388636 3.079370800659542 1.4340973879187688 -54.97581602072063
3.8766439314304755 3.0792009677443413 1.4321388047777865 -54.97642650135353
3.857031902101724 3.0789937240550156 1.429784408670542 -54.977091427972795
3.8374564990988986 3.0789263952133634 1.4271796648749056 -54.97763025879903
3.817919993606564 3.079407952829747 1.4245004533529706 -54.97763297356383
3.7984248724646115 3.080402909757879 1.4219118205612074 -54.97713684243406
3.778974166905457 3.0828270577471266 1.419561824346978 -54.97522148849498
3.759570709789226 3.0852206943478544 1.417475744817774 -54.97334727052277
3.7402171817502814 3.087122985939508 1.4156825708392469 -54.971972446851
3.720915469366623 3.088353089542878 1.4142088570222313 -54.97127301368827
3.7016664138523137 3.088270385250352 1.4130820378193851 -54.971885639278206
3.6824698630843 3.0873085807463396 1.4123443867116063 -54.97336741529301
3.6633241481954943 3.086364555893282 1.412035655412971 -54.974808988703984
3.644226201867315 3.0857377123288385 1.412187374727719 -54.975900786676576
3.625172293148253 3.0852859535129955 1.4128045680279446 -54.97677809981705
3.6061585383652397 3.0852790525251965 1.4138699702513096 -54.97716441930159
3.5871806437585834 3.085193750818323 1.415344454472815 -54.977578876491435
3.568234141761777 3.0854337463067765 1.41716778377554 -54.97761436058649
3.549313902574258 3.0868523791138647 1.4192556150595887 -54.97641489315287
3.530414686653925 3.0898468843621134 1.4215145849623958 -54.973582132252744
3.5115314135333415 3.0940523152324704 1.4238596750151817 -54.96948295825811
3.492659632670079 3.097503705965464 1.4262354846674765 -54.96608749089216
3.4737954089700396 3.0980576024538213 1.428591635020957 -54.965549427901756
3.4549350793500047 3.097453596371721 1.4307888531033983 -54.966145076116106
3.4360761935228665 3.096326212422176 1.4327327478990057 -54.967253774887915
3.4172174877375805 3.094151207442513 1.4343952663301136 -54.969414167954575
3.3983585911132685 3.0910188358322843 1.435744509409148 -54.97255241068068
3.3795003073601135 3.087572080981856 1.4367363270970763 -54.97604082599133
3.360645337746409 3.0846804828838663 1.4373251154935849 -54.979018917632004
3.3417979090972265 3.0826085238346175 1.4374690641026222 -54.98122342938254
3.3229627555345904 3.0809067677905784 1.4371460812415418 -54.983102008292775
3.304144872861851 3.0796916596920654 1.4363582122339564 -54.98453467681131
3.2853491586361074 3.078864890257116 1.4351303573614862 -54.98561449330164
3.2665799589731495 3.0784119292287206 1.4335206920887902 -54.986350246176485
3.247841032353308 3.0781932529852787 1.4316127369895457 -54.98687628490541
3.2291356985756856 3.0779343996981554 1.429505957586715 -54.98746369563019
3.210466982799745 3.0779077210847725 1.4273291927205831 -54.98783769035836
3.191837700193794 3.0793597386788067 1.4252406131452184 -54.986745612004164
3.1732505134569555 3.0836028169554903 1.4233777807318642 -54.982863339772166
3.154707787146249 3.0874937852599404 1.4217347886482365 -54.979333441742504
3.136211970105978 3.0908791730597867 1.4203465494048753 -54.976304981722535
3.1177644161039493 3.0920196290747217 1.4192179711811206 -54.97551768606444
3.0993656736628146 3.091323556109939 1.418402065024288 -54.97655827167337
3.0810146497078374 3.090228084468878 1.4179524716816452 -54.97797877762286
3.0627085182515272 3.0894750437462584 1.4179139371814853 -54.97902642644963
3.0444434368809903 3.089007652958498 1.4182981225823048 -54.97974927653204
3.0262149863717727 3.0886663617825825 1.4190936190459122 -54.98029948732241
3.0080180881788907 3.0883413083908575 1.4202744694539042 -54.980781857116185
2.9898470072807397 3.0881214640142174 1.421801690737706 -54.981104301301116
2.9716955073457014 3.0881307133058944 1.4236162687187426 -54.98114169678873
2.9535571977214294 3.0895897070552913 1.4256211691829235 -54.97967407705328
2.9354261536999022 3.092838641406453 1.427720331488504 -54.97636240700252
2.9172973518419045 3.0968968021519925 1.4298398295208283 -54.972189368301734
2.899166548801129 3.098377501548594 1.4319552313887516 -54.970545358274414
2.881029306385176 3.0978481542192493 1.433961004967115 -54.97087844418057
2.8628819059842248 3.0971473695982406 1.4357419851969988 -54.97136695848378
2.844722310993768 3.095905734621672 1.4372499036489539 -54.97239143829063
2.8265496980782383 3.0931746176002437 1.4384725391939168 -54.97491331224444
2.808363996128238 3.090497560782516 1.4393704705410473 -54.97740757966195
2.7901673032553487 3.087891251360009 1.4399140454223143 -54.979867630252784
2.771963630625719 3.0854854060279573 1.4400742797191473 -54.98216924482488
2.7537577205561203 3.0833503076541446 1.4398378502044258 -54.98424408179702
2.735554756574701 3.081326485036756 1.4392065481985183 -54.98625134258126
2.7173601181253013 3.079321661527964 1.4381970249000222 -54.98828209215957
2.6991791685444277 3.077437224799876 1.4368441268630217 -54.99023256418297
2.681017008348249 3.076438266762139 1.4352154937380623 -54.99133263239501
2.6628783680327803 3.075909547967634 1.4333738794844966 -54.99199092457302
2.644767463833884 3.0752488184489124 1.4313963016966678 -54.99280550130755
2.6266879445405538 3.0751511176566106 1.4294015803757132 -54.99307687499144
2.608642915141157 3.0769399642740836 1.4275248969035967 -54.99147272975608
2.5906351500705145 3.0813305273012643 1.4258669321845543 -54.98726424543789
2.572666865113543 3.085566425862324 1.4244322594745937 -54.98320064226048
2.55473975987546 3.0890392747249233 1.4232505866293395 -54.97988568363784
2.5368544181852317 3.0896983065789243 1.4223285140063597 -54.97937053433576
2.519010334245959 3.088910542354394 1.421720005669362 -54.980284636564846
2.5012053828964564 3.088076771696021 1.4214791856954416 -54.981219543616426
2.4834362036823516 3.087527004617069 1.421621978729679 -54.981836463827555
2.46569848431151 3.0870973707992686 1.422141799375927 -54.98229165941179
2.447987069140875 3.086659121465004 1.4230204164267262 -54.98270845401805
2.4302960352381073 3.086346967822589 1.4242287868376158 -54.98294848335476
2.4126188894343445 3.0862480409270505 1.4257229634457467 -54.98292315134506
2.39494899977448 3.0867031077573897 1.427434320356451 -54.98229241744965
2.377280075225198 3.088818679350771 1.4292654391688766 -54.979952274876695
2.3596069327848825 3.0910256430482494 1.4311499551480023 -54.97747078393619
2.3419246996335388 3.0923945342897405 1.433013599852348 -54.97578241087473
2.3242288874416968 3.092391883093311 1.4347825915428785 -54.97542921769318
2.3065154494955564 3.091935869451415 1.4363669796450667 -54.97550645939365
2.2887816853244227 3.091086047922427 1.4377121180765582 -54.975964760088765
2.271026042254018 3.0894220223740336 1.4387988297889343 -54.97723552386111
2.2532480947388738 3.087168878058362 1.4396101306442006 -54.97910749459
2.2354489127812553 3.0848105091332534 1.4401122662403532 -54.981109046525525
2.2176314854903825 3.0823576320463144 1.4402861129300697 -54.98323673288466
2.1997998873554274 3.0798956794964893 1.4401307459993036 -54.98540976369086
2.181958874586978 3.077598815615318 1.4396523132712677 -54.987456220116215
2.1641136284740625 3.075413845522854 1.4388676962789126 -54.989428998055025
2.1462694366856736 3.073395130473297 1.4378091667959314 -54.991272353201424
2.128431510912665 3.071694378296928 1.4365222882552586 -54.992831788809475
2.1106048397397124 3.070354844793684 1.4350618489206874 -54.99405978607086
2.0927940100139777 3.0693125866575297 1.433491599276913 -54.99501553548425
2.0750030448782075 3.0686207937412133 1.4318881045345193 -54.9956411557371
2.0572354648685427 3.068591965408101 1.4303344307522987 -54.995618824749215
2.0394943820855707 3.071141647005114 1.428931277320335 -54.993022530448094
2.0217826265475027 3.074669097586693 1.4277041275444802 -54.98943836920251
2.004102099883574 3.0793803416266625 1.4267012025057115 -54.9846490718284
1.9864537360708518 3.0818965699259713 1.425922399509937 -54.982027236936254
1.9688371276817693 3.08264002945904 1.4254105812838265 -54.98115203277169
1.9512506424152618 3.0821185796304316 1.425194177036627 -54.9815148923751
1.9336915124259637 3.0815948464924965 1.425278920273309 -54.981849431714586
1.9161560415430023 3.0811032788049975 1.4256462475993161 -54.98211439662194
1.8986395919057222 3.080639231460066 1.4262691495497344 -54.982308639848526
1.8811366979754063 3.080458866647941 1.4271108436612425 -54.98217174954779
1.8636414238861383 3.080565365608665 1.428126786690299 -54.98169805227333
1.8461477913962376 3.081016785890186 1.429257881819699 -54.98082941337278
1.8286501737087344 3.0816618456279747 1.430438899447915 -54.979718169044155
1.811143409367233 3.082326763110114 1.4316067007453421 -54.97854033138544
1.7936228201564837 3.0828851985339116 1.4327043490541762 -54.97742566691969
1.7760842740418605 3.083369571849098 1.4336846779503007 -54.9763459779972
1.7585242929729998 3.083570295731714 1.4345184097213066 -54.97551514292749
1.7409399723741033 3.0831977031285485 1.4351939033741032 -54.97522926564111
1.723329066867606 3.082273356464389 1.4357164558490063 -54.97547698003212
1.7056904669615935 3.081377587868731 1.4361062918020033 -54.9756900239239
1.6880248119411094 3.079704956842728 1.4363579248607419 -54.97667894755295
1.670333301595783 3.07739646167059 1.4364422277456774 -54.978312857913224
1.6526181784216518 3.0746419493224737 1.436336355407042 -54.980409985975086
1.634882516485153 3.0714846709950985 1.436040602590877 -54.98293300806905
1.6171299688311906 3.068464775586885 1.435570460169986 -54.98534733002673
1.599364984169921 3.065663352323519 1.434948123944797 -54.987572809369894
1.581592356881819 3.063099382537739 1.4341917046521617 -54.98958956368528
1.5638169653304739 3.0607993369525377 1.433321255633075 -54.99136894219149
1.5460435709734757 3.058825608085609 1.4323613014542498 -54.992845235581235
1.5282766660807938 3.0575145643949693 1.4313451294626192 -54.9936774209531
1.5105204687108842 3.0564384586946676 1.43030659977514 -54.9942862372397
1.4927785268602645 3.0558545819755314 1.4292851817788599 -54.9944088947704
1.47505392739524 3.0571663980667196 1.4283299667237397 -54.9926326802053
1.4573496124333203 3.060250466527899 1.427473640944312 -54.989062512695725
1.4396676069306946 3.063270043370019 1.4267417465657908 -54.98551854163102
1.422008342858926 3.065420804765897 1.4261825735577711 -54.98279845429413
1.4043709069288102 3.0661907140486733 1.4258423396680246 -54.981412028675905
1.3867530703067434 3.0659673112784898 1.425722919452276 -54.980972060319075
1.369151672597651 3.0653034545415827 1.425804858816782 -54.98092408861092
1.3515627853629888 3.0646751157206915 1.4260643794292467 -54.98078794452476
1.3339818905394838 3.0642738176403537 1.4264683519409456 -54.9803665257771
1.3164041181121855 3.064057772233018 1.4269775126556126 -54.97969654702512
1.2988244083948153 3.063987438321454 1.4275502839486551 -54.978814479135636
1.281237779879642 3.06400019689197 1.4281423237574382 -54.97778109784434
1.2636394715032384 3.0640370527904457 1.4287118455194514 -54.976654766977354
1.2460250747102992 3.064131188509957 1.4292228816610668 -54.975402732232716
1.2283907067103947 3.0642506078952403 1.429649102637587 -54.97405723454902
1.2107329846649109 3.0643884617092483 1.4299793778434353 -54.97262624879745
1.193049099251731 3.0639080593862067 1.4302261655701465 -54.97174749519641
1.1753362792290938 3.0629323284224172 1.4304083263145924 -54.971307191443906
1.1575928787336547 3.0617256684069623 1.4305451251496468 -54.97104992623909
1.139818544100601 3.060407297299334 1.4306468613515084 -54.97086218614916
1.1220138902956476 3.0584135333234364 1.4307038876787945 -54.97130977671228
1.1041796767804684 3.0556889440129575 1.430686254356285 -54.97245545431834
1.0863173054386717 3.052482206812854 1.4305543011736601 -54.9740583866453
1.0684289882479705 3.049048615330719 1.430274761594304 -54.97586827926025
1.050517633174962 3.0455404347877675 1.4298294226655486 -54.97773486040471
1.0325866164706763 3.0420196684446585 1.4292140593639275 -54.97959596206023
1.0146395683066847 3.0386634036479108 1.4284362066868415 -54.9812731501481
0.9966803801561295 3.0355828094625448 1.4275117494375966 -54.98265116422022
