7.870719580805683 2.8806964630801155 2.0651731746884647 -10.642287645333772
7.8292340015378326 2.882775625943995 2.0624815606108022 -10.639282092544905
7.787767319080799 2.881746881262071 2.059304121496729 -10.639158969013021
7.746341463420029 2.8817129754223214 2.055757513537851 -10.638029345692077
7.704961601938938 2.881725259910194 2.051965363081123 -10.636924851865063
7.663629165791552 2.8796026434602484 2.0480620244652696 -10.638095840723377
7.622340570441172 2.877560365334723 2.04429844063817 -10.639488591532572
7.581081862705883 2.877025852780894 2.040901951303471 -10.63978111572861
7.539837208869975 2.878141467014637 2.038022947847546 -10.638906202430823
7.498592062919962 2.8802631578198485 2.035778223143873 -10.637576873062688
7.457333022717007 2.8830593586622832 2.0342633210574013 -10.63619238638688
7.416045707890884 2.8866082306377785 2.033553515218109 -10.634723294661326
7.374715693887609 2.890627016335188 2.0336800607052 -10.633489548390159
7.33332959912432 2.8948130259157527 2.034624206655953 -10.632820685479304
7.29187534745755 2.8988136863783986 2.0363152605923402 -10.633091664207301
7.250341665160471 2.902571524144448 2.038628848832934 -10.634372016108154
7.2087173707135985 2.9067724643473483 2.0413718914312056 -10.63594737674252
7.166991567812691 2.911485726223406 2.044343427173959 -10.637738470210493
7.125152600999209 2.9171989659833795 2.0473052116558894 -10.639208485098216
7.0831896209869845 2.9235596422903045 2.0500603405567133 -10.64070317524756
7.041092341779897 2.9285878220052672 2.052472096761097 -10.64431879385973
6.998845431570609 2.9346290135631357 2.0542255284537507 -10.647425725269523
6.95643106059125 2.9421196352376917 2.0551506640318338 -10.64941376127607
6.913834777946335 2.9519657588085484 2.0551475019997465 -10.649146696169606
6.8710488779459045 2.962700265144285 2.0542407658283786 -10.648098089776576
6.8280651513323924 2.973248552284241 2.0524901718661375 -10.64732087111496
6.78487504658458 2.983510607462905 2.049950177982757 -10.646816724195372
6.741473643809309 2.9943153868915746 2.04671073250764 -10.645579289126305
6.697862440964473 3.005658702927997 2.042863627678609 -10.64354137975099
6.654048903031853 3.014273148735828 2.0383777701069983 -10.644221513302334
6.610040004421032 3.0213024581552266 2.033371389235163 -10.646270645671816
6.565847696410688 3.027845712883256 2.028022219392797 -10.64842593811448
6.521490011626254 3.035797309199608 2.0225553949320627 -10.648600306033568
6.476986878931637 3.0427705320552048 2.0170014323801464 -10.649405029704559
6.432346037097439 3.0493742372463455 2.0115619839567445 -10.650211240796889
6.387572118075185 3.0556830761213516 2.006395046331125 -10.650967737998807
6.342668826743523 3.0621238810565012 2.0016293801158773 -10.651252672831136
6.297640363724253 3.068683221766029 1.9973246898698576 -10.651126988166933
6.252492076422852 3.0748664558703664 1.9934864807306476 -10.651172844675063
6.207228503410583 3.0807176775807057 1.9901195153881721 -10.651408759649616
6.161852934736146 3.08578718859609 1.9872132750711857 -10.652390240841866
6.116365827870779 3.090543619468572 1.9847643515294933 -10.65369971379458
6.070764230262774 3.0950668851733445 1.9827313914319569 -10.655327759883402
6.025043104568271 3.099825868515945 1.9810626274888963 -10.656835583400301
5.979195881835518 3.1049551298712443 1.9797073996917718 -10.658107944887876
5.933216568104622 3.110694912841888 1.9786112950676653 -10.658894281384978
5.887100593950222 3.1170016870913235 1.977711617852954 -10.659236649050342
5.840844981879261 3.123753776024156 1.9769336342305752 -10.659259475512046
5.794447839649561 3.130989291449822 1.9761966437028833 -10.658910488814826
5.747908161253089 3.138536951852335 1.975419167565075 -10.65835563547791
5.70122514336354 -3.1373221576984505 1.9745262737799534 -10.658141725780881
5.654396712135459 -3.1299718848867677 1.9734624015180569 -10.65796432231333
5.607419942648467 -3.12273973485266 1.9722010603666398 -10.65792947539058
5.560292141829618 -3.1156056875187828 1.9707423447712207 -10.657974518131198
5.513010863468249 -3.108503428681884 1.9690932487915085 -10.657993593576357
5.465574238910927 -3.1015832737087896 1.9672515787905007 -10.658123784252746
5.417981376552263 -3.0948028079176146 1.9652152670203702 -10.658297979652597
5.370232342921215 -3.0881681019417315 1.9629841060221782 -10.6585053082274
5.322327593528538 -3.08181046053848 1.9605653182947773 -10.658870759358615
5.274267948943712 -3.075574939149311 1.9579777789004853 -10.659210090482928
5.2260551607357995 -3.069226685581975 1.9552507594405109 -10.65924935641259
5.177692442997008 -3.062640776826371 1.9524108730758534 -10.658831283861117
5.1291846482484 -3.0562441653037795 1.9494651475411737 -10.658387904165618
5.080537653309201 -3.050360313750553 1.9464186868583317 -10.658237742116379
5.031758020069626 -3.04543834587006 1.9432751026848465 -10.658831812136647
4.982852695512539 -3.0412798243225527 1.9400556104433018 -10.659936770011795
4.933827933549706 -3.037586362156752 1.9367976195677468 -10.661233217056024
4.884689382740959 -3.034264417646792 1.933541764209469 -10.662634436460522
4.8354421943906765 -3.031111227507099 1.930331831246849 -10.663947071696606
4.786091095135782 -3.028010107040478 1.927208030643367 -10.66507304611651
4.7366403726066215 -3.0249562954741207 1.9242039250591714 -10.666030878434947
4.687093281318612 -3.0219915904387014 1.9213495277412582 -10.666888849047691
4.637452214606347 -3.018901400841128 1.9186732727019369 -10.667447716863215
4.587718915462587 -3.015771154364414 1.9161921275609033 -10.667822008530807
4.537894816138037 -3.0125481705997452 1.9139177442581568 -10.667981325981415
4.487981334400786 -3.0094783703184667 1.9118543880940386 -10.668205264276697
4.437979483339105 -3.0064996885211617 1.9100007664512915 -10.668451418240002
4.387889716662646 -3.0035662808890944 1.9083491077674883 -10.668690791386826
4.3377122188860495 -3.0006202524852195 1.9068838925595093 -10.668878858592185
4.287446925024566 -2.9976113583036326 1.9055847641484538 -10.668973188766524
4.237093668226157 -2.9945325763454833 1.9044272280628964 -10.66896997746604
4.186652364062553 -2.9913483408469856 1.9033834970933 -10.668830709905667
4.136123116744461 -2.9881556695406575 1.902424738262803 -10.668650172644119
4.085506211512026 -2.985039109062713 1.9015237112767702 -10.668505978982493
4.034801646290804 -2.9819949898304583 1.900655402382698 -10.668381821126514
3.9840091862657174 -2.9790106676246086 1.899795585617715 -10.668252563063394
3.9331286190504042 -2.9760201963459663 1.898918300180669 -10.668042171750926
3.882159869915512 -2.973063284782538 1.897997017768208 -10.667789637848687
3.8311030396951677 -2.970097889569492 1.8970045837782792 -10.667454046013933
3.7799583720755163 -2.967114651878685 1.8959134395833688 -10.667031790326964
3.728726260944164 -2.964104288160306 1.8946974689237963 -10.666521271653952
3.677407188223933 -2.9609765225234175 1.8933360262429018 -10.665837568208246
3.6260017316677207 -2.9578450755545007 1.8918167055226436 -10.665104955061773
3.574510635205647 -2.9547830951758978 1.8901396727943716 -10.664400039697876
3.5229346256508465 -2.9517304297262252 1.8883231227509611 -10.663655977957866
3.4712745013687223 -2.948687001455819 1.886400370165024 -10.662861437800254
3.419531471313926 -2.9455716848644857 1.8844201255987125 -10.661913518978833
3.36770770854296 -2.943254584491777 1.8824389929407292 -10.661678422391606
3.3158065111597828 -2.942580717341911 1.880504624452719 -10.66298173626283
3.2638317206300886 -2.943213991989412 1.8786535225003163 -10.665434135633594
3.2117867411806404 -2.944694795739403 1.8769302931831922 -10.66852536138503
3.159675164618571 -2.9469562052682043 1.8753879085458718 -10.672151915630925
3.107501702773971 -2.949045440707886 1.874078556524738 -10.675310925194987
3.055273085205647 -2.9505959928462957 1.8730210316349554 -10.677611753468042
3.0029975706221625 -2.951678447243294 1.8721952673633462 -10.679121989181606
2.9506846642589104 -2.9527819851091595 1.8715610088158077 -10.680340321377782
2.898343987718818 -2.9541312985943113 1.8710710841528349 -10.681503477718412
2.8459848125650713 -2.95582645880327 1.8706780090674957 -10.68273001044128
2.7936157160363524 -2.9579272298131265 1.8703470182791084 -10.684107847554001
2.7412442028602046 -2.96011391831653 1.8700615760176362 -10.685355211097956
2.6888764221834727 -2.961770225287169 1.8698264682955543 -10.685903701614496
2.63651757598038 -2.963404871715924 1.8696619305540487 -10.686305608996209
2.5841717060734632 -2.9624564355288077 1.8695608111658963 -10.68405318939758
2.5318410644610725 -2.9591492424758883 1.8695367311091682 -10.67942205466268
2.4795260540807647 -2.9556181259959042 1.869639143481507 -10.674590919093992
2.427225871258904 -2.9536411038253347 1.8699190589429884 -10.671383054303007
2.37493811364413 -2.9540192164931236 1.8703819073860288 -10.670643990858007
2.32265920191915 -2.9549126545901414 1.870937780033218 -10.670579260134023
2.2703843322572665 -2.955439280402699 1.8715179960492225 -10.670337352271329
2.2181076407636846 -2.955458910533066 1.8720841032766051 -10.669789064885297
2.165823259942267 -2.9549046763806466 1.872601037870126 -10.668864550851865
2.11352590002078 -2.9538446023726674 1.873035082244165 -10.667616579771474
2.061211110011593 -2.952571138531193 1.873353060384583 -10.66631374882461
2.008875227682122 -2.951372958836573 1.8735218591731646 -10.665213910993344
1.9565150939647904 -2.950362658271899 1.8735226943489178 -10.664393726060188
1.9041280845279995 -2.9498417552549197 1.873363762446566 -10.66412037523204
1.8517123604386694 -2.949495484684167 1.873066179299651 -10.664033131174307
1.7992669089265838 -2.9494204460768985 1.8726654601931283 -10.664183821506557
1.7467922567713368 -2.949992688496116 1.8721721544607361 -10.664896290894635
1.6942900115928485 -2.95098680250048 1.8715869701604484 -10.665880309949355
1.6417629714969673 -2.9510353118759016 1.8709165660957898 -10.665705753935725
1.5892151637896046 -2.9505135544797563 1.8701797127173903 -10.664725426838887
1.536652891344094 -2.9498964491543904 1.8693524421473673 -10.663397469857651
1.4840842932683231 -2.9496627665010933 1.868380719935327 -10.662185347911329
1.4315183114286274 -2.9497049249255585 1.867203286978348 -10.660973706019687
1.3789640411261173 -2.9501146118161135 1.8657649563780652 -10.659859603759928
1.32643057715672 -2.9509526368529677 1.864015620919039 -10.658919768453641
1.273926763599137 -2.952420336692933 1.8619111957750376 -10.658379803318477
1.2214606889946442 -2.9543710693643406 1.8594344723927638 -10.658131498911066
1.1690391756686849 -2.9565652509950096 1.8565951298173284 -10.657982850273081
1.1166673513884622 -2.959018759458013 1.8534441849832695 -10.657993705452244
1.0643492269854018 -2.959247213048335 1.8500914901915622 -10.655761637046473
1.0120864999239376 -2.9600093261007925 1.8466251563697247 -10.654045562873687
