8.063262583626907 2.300309834300125 1.2589260976698542 -5.760572775930905
7.944006120439116 2.298381815277136 1.259290523458005 -5.759374901291304
7.824626875300419 2.294461528845682 1.2580994254832554 -5.7599250706231935
7.705156821155806 2.291418367158555 1.255442718841128 -5.759293706068992
7.585617199069472 2.288896481177228 1.2513918507945494 -5.757822240307861
7.466013990982767 2.2862805470700365 1.2459433638012494 -5.7561322407836375
7.3463438060411645 2.2837002047304478 1.2390698119071877 -5.7541152417381305
7.226599487595209 2.2818286256409226 1.2307744902087143 -5.751129723192056
7.106773900359644 2.2823143547283276 1.2212017832333508 -5.745587938697611
6.986863927965696 2.2819817299965592 1.2100626445109466 -5.740655057484265
6.866886302521982 2.278122728234555 1.1969417899417036 -5.739016022632984
6.746863683891376 2.269384634516196 1.181402374166544 -5.742030692644519
6.626828388611879 2.2550621386490213 1.1629979444143015 -5.750442148379598
6.506825782276622 2.2416576798154146 1.1425991252358896 -5.758018561864883
6.386909919955437 2.2339652840046273 1.1211509492415044 -5.760227258562836
6.267134238877583 2.223637333407752 1.0971323336003937 -5.765413806845571
6.147556516939702 2.2137786998768725 1.0713136723061638 -5.770789433905859
6.0282303515186895 2.203669942275057 1.0435360537561442 -5.777363927875411
5.909218984625066 2.19130558990328 1.0131990943891174 -5.787593521660971
5.7905922709481485 2.1771344039828526 0.9802796312998457 -5.80172704808676
5.672411310497616 2.1628615683619414 0.9450935076803707 -5.818984036652696
5.554717189228382 2.1512974838958234 0.9082572472395797 -5.837519083253584
5.43753201922206 2.1428791389428126 0.869528355001477 -5.858252539920154
5.320885019341522 2.1369264024217953 0.8281077682246334 -5.88412513705097
5.204822946349018 2.1396236487500664 0.7860015641035757 -5.909865162173603
5.08936856425919 2.154822977933297 0.7448745632778044 -5.931878910029762
4.974517721937684 2.1927561204333177 0.7113061673160724 -5.931632744863734
4.860114418737024 2.2474671478293677 0.6844087031207694 -5.911784400535238
4.745982286352587 2.301772868738526 0.6541973198502877 -5.904023231622764
4.632179311396299 2.359297331742679 0.6230602705596819 -5.900655741047368
4.5187677741485475 2.4213652337581224 0.5916244857084654 -5.898627156042786
4.405801290987797 2.4887257061831374 0.5606953080295067 -5.895696633308454
4.2933203016095 2.5625362961699256 0.5323310952497199 -5.884989589571296
4.181298521191572 2.6403669564534344 0.5053644489099537 -5.870968081590886
4.069718177522404 2.719634588739383 0.47666435739880775 -5.865597108016467
3.9586093076808706 2.8015800909117328 0.4488773551579004 -5.860533475054651
3.8479636208965413 2.886309940121163 0.42341212407725526 -5.84963165237073
3.7377360226500667 2.972811507475963 0.3989609840018019 -5.836501415581922
3.6278855360227906 3.060987094116843 0.37438500172994976 -5.8247905173404595
3.5183754612305163 -3.131388255706579 0.3497619683872785 -5.8139222321268385
3.409161994145325 -3.0365721626538353 0.3245976913164308 -5.8064032131997
3.300212011339325 -2.9369291790763 0.3021032407297248 -5.79060401616267
3.191464696961828 -2.835070733145276 0.28469566424056947 -5.757535672521308
3.082855796060334 -2.7324068995749426 0.2687324650438989 -5.7245813466740945
2.974397789472404 -2.6295738586819923 0.2527828873955863 -5.70273240599619
2.8661050725824353 -2.528388690079678 0.23782747279941255 -5.691589126333446
2.7579706830878123 -2.4311370630333826 0.22483926706250246 -5.685899029589551
2.6499673207153815 -2.3403827119167353 0.21376357431244006 -5.683076066762676
2.5420620037558446 -2.2586506909886817 0.20411056555682128 -5.682335454764018
2.4342197837384085 -2.1882768853559926 0.19528409098741062 -5.683535648763233
2.326405603413982 -2.131066291236197 0.18676674986503392 -5.686373274128832
2.2185853565272913 -2.0883281477157714 0.17819906966514398 -5.690349987233729
2.110726757511983 -2.0617715089866406 0.16938342092546782 -5.695757399641499
2.0028017767341844 -2.0513358077206187 0.16052993265179621 -5.7004898137477555
1.8947926638379522 -2.0557385411422455 0.15210548411692465 -5.702336511933576
1.7866885937012884 -2.095142152622632 0.1439346405437858 -5.7155112153575915
1.6784803747382107 -2.1320420277591934 0.13793842335404088 -5.7138438722093206
1.5701836423908637 -2.1927684693987435 0.1339571471423165 -5.717227792792841
1.4618074116824147 -2.269594764379448 0.13263439226956336 -5.723983350680355
1.3533625564911882 -2.3493717207164937 0.1341352974519587 -5.730332696492503
1.244861165304479 -2.4258954103959036 0.13814550272439016 -5.736914197561557
1.1363200154264994 -2.489609053954235 0.14382099165910153 -5.74109770400343
1.0277654471443054 -2.542784466256058 0.15062172240637484 -5.746227308746008
