7.7820417421470305 -3.0672424950192116 2.7553940385195697 -37.8342641999147
7.704603061834718 -3.0636995788497594 2.758052793607981 -37.83420145094143
7.627090493931716 -3.0609365970775624 2.7588229402945883 -37.83397942413864
7.5495103721155825 -3.0595440095301876 2.7577970482691616 -37.83419144389805
7.471866679789011 -3.0587650853035018 2.7551859347024754 -37.8339980827927
7.394162158595951 -3.0581742907676897 2.7512746480729833 -37.83286886313636
7.316401347897736 -3.0578875905311276 2.7463514327896177 -37.83079198249428
7.238592358576385 -3.058718059402636 2.740705323807908 -37.82843098158149
7.160754464297026 -3.061145328645158 2.734696220213365 -37.82605608912792
7.082911157562286 -3.065658229160168 2.728737422962769 -37.823658329260795
7.005080051471548 -3.074202304308098 2.723116894095111 -37.822536513161324
6.927274765453161 -3.0883688892538874 2.7181382256595796 -37.823597868120984
6.849506632010912 -3.1065737739684227 2.714146635253008 -37.82498678762526
6.7717863733667665 -3.1290730740522394 2.711220359162667 -37.82651508167879
6.694130455743414 3.124448985369389 2.709228282339158 -37.8300608133025
6.616561477122645 3.088513731274949 2.708073645527877 -37.8344283519079
6.5391029045245785 3.0461182314510045 2.707527880831075 -37.83938783030697
6.461779234236781 2.997438727509963 2.707287777777563 -37.84456694684033
6.38461580662563 2.94199396339204 2.7069720152507943 -37.85021435443733
6.307638300127828 2.880810971977546 2.7061509138202013 -37.85573240237334
6.230870178808472 2.8182031405415406 2.7044505546304514 -37.858734900058344
6.154327296311939 2.7596249165780775 2.7016542863964506 -37.85656579246852
6.0780110164817405 2.7027270457314527 2.6974484780788885 -37.85169978917884
6.001923769434803 2.6491453287872457 2.691700898954267 -37.84421139781777
5.926068273199246 2.5944522886699257 2.683978673415172 -37.837643039021756
5.850457555535476 2.5397115340545513 2.6741346154855647 -37.83221004057911
5.775098373039637 2.4883279682596475 2.6623984288681672 -37.82657093482893
5.699988875705503 2.439372998052092 2.648910180400593 -37.82198826434059
5.6251295865713855 2.3919458253503496 2.6340040716989646 -37.819457398916256
5.55052179395664 2.349973563113522 2.6186379282824435 -37.81668544786454
5.476150153290447 2.3129518542619456 2.60333605430141 -37.814138845646454
5.401994772722572 2.27660508571735 2.588172964000327 -37.81494808063812
5.328046911126328 2.2486451359007305 2.5747353940519964 -37.813016773847394
5.254286967891304 2.2231939160219216 2.5628268486366785 -37.81234104431525
5.180698203313217 2.2037725417344753 2.5530408023564015 -37.8096232782744
5.107253412287654 2.1884620324206208 2.5452471725530943 -37.805980530652235
5.033927374382026 2.1732677465655725 2.5391465816592618 -37.80443727857077
4.960699412478661 2.1589151679023124 2.534725677944154 -37.80400709845727
4.88754785484656 2.1459306463095658 2.531875011583999 -37.803801691892794
4.814452372533479 2.1334294187314313 2.5304340104965024 -37.804234736093136
4.741395891138536 2.121022467660017 2.5302230382592494 -37.80532235033075
4.668364663518318 2.1096997149562013 2.5309908402094616 -37.80582433767663
4.595348626669603 2.101035440799057 2.5323597083967693 -37.803923778208414
4.522343866427784 2.0903499158950947 2.533998768493632 -37.803521322772305
4.449354345964106 2.0809834288580085 2.535450202591577 -37.80115380691115
4.376380879984626 2.067679802706179 2.5361445012696784 -37.80119368397161
4.3034289902815726 2.0432751468707493 2.535364684279196 -37.80977507902895
4.230516321103443 2.014246932448211 2.532546281511401 -37.821168054685465
4.157659733940477 1.9845715962842652 2.527359028782431 -37.83213120774626
4.084880623898542 1.9553878913802891 2.5195244146339806 -37.842064859766936
4.012206288761529 1.929285520228389 2.508994655616828 -37.84911637761472
3.9396644165778465 1.9056177245059716 2.49558464392525 -37.854101994918
3.867282753242884 1.883408688417828 2.479123653578097 -37.85804540421579
3.795089473745761 1.859626689335096 2.459149355490469 -37.863683155426344
3.7231169926010854 1.8350166337921707 2.435836743342974 -37.87046214929077
3.6513951259243687 1.811667436193527 2.4098948570098613 -37.876594293352326
3.5799457352197277 1.7963108376366885 2.3835045438229514 -37.8761953620845
3.508771841868783 1.7860713700418818 2.356827757956904 -37.87170091986396
3.437875655515835 1.7839807824401208 2.3312835342038576 -37.86046126080026
3.3672460221997107 1.7771100914239362 2.3039762778954747 -37.85386407377134
3.296901145406572 1.7721642490275011 2.277271826531551 -37.846090064860824
3.2268321123162997 1.771346023486063 2.252471803632223 -37.83525596636427
3.1570193121373507 1.770044128970735 2.2290083381853316 -37.82540269564821
3.0874525031986346 1.7654042715962839 2.2068412273376707 -37.81906811729335
3.0181219542105344 1.7517334299795397 2.1854625837721664 -37.82155909541584
2.949020600568704 1.7404780829301143 2.1674869303251274 -37.82260728484516
2.8801126526452605 1.7337074290241226 2.1529963881049627 -37.820325241184015
2.811361402182628 1.726653786769726 2.1411535761952623 -37.819103752942596
2.7427388431603825 1.7179754764822615 2.131821965485577 -37.820211303117986
2.6742179385270664 1.7092149954442122 2.1251380252519234 -37.822210589670824
2.6057700931744363 1.7027258097512292 2.1211230835972112 -37.82284266091101
2.537366453744185 1.6966939383168782 2.119510586843177 -37.823775142523495
2.4689809597417045 1.6922107722481656 2.1200789169735668 -37.823883592283806
2.4005902486159054 1.6883708854266817 2.1224584779804663 -37.82392899992757
2.332175271721683 1.6848218395989187 2.1262172115042435 -37.824116833382334
2.263721633539635 1.6835296787623883 2.1308796231492604 -37.82244881202489
2.195219995746495 1.682233457257443 2.1361697313239767 -37.8211099342919
2.1266639414750843 1.6802796225974015 2.1417469934872497 -37.820706737543304
2.058050540171924 1.6755289042871109 2.1473285857202526 -37.82329238681502
1.989379218727499 1.6729027604459066 2.152186322566243 -37.8239994050901
1.9206569488039542 1.6696367066719209 2.156045831584861 -37.82560201971352
1.8518940174602614 1.6624469020600505 2.1587182469344124 -37.83143934064487
1.7831026895230924 1.6548002094189602 2.1598738737367578 -37.83818326685231
1.7142993001812026 1.6483100273445606 2.1593977089164675 -37.84431187220013
1.6455023491192236 1.6429886804950349 2.157296134835181 -37.84987718383586
1.5767308612711424 1.6383261692440032 2.153603123376725 -37.855429617019716
1.508003535946835 1.6374071395808645 2.148518914820331 -37.85789607759574
1.4393363244649802 1.6420572526421926 2.142322643393349 -37.85539527456058
1.3707386497786003 1.6438745549386118 2.1347184342940797 -37.85620779550295
1.3022192366531025 1.6443127389474805 2.125981904828285 -37.85869613006104
1.2337861018416503 1.6478146115769945 2.1166728224944555 -37.858237604736225
1.1654452277705707 1.6615901289769444 2.107591100735809 -37.847554317978734
1.0971965198251983 1.6686860144284514 2.0974452598105517 -37.84341975502892
1.029049293981292 1.6719227210847285 2.086770084785095 -37.842975519651766
