7.80354781896544 0.4170807060513103 2.077226691546671 -58.796509008568215
7.7031403983595235 0.4208953059528955 2.078182670609978 -58.79579947096485
7.602677933104423 0.4248457779706393 2.077817375750165 -58.795260779788975
7.502220491987963 0.4266520811173684 2.0765376730117366 -58.79721925145772
7.401835289162674 0.43002331078148626 2.0748642303505886 -58.79786880402743
7.301570085550326 0.4365098471159433 2.0732605613777673 -58.79551595062032
7.201446928004015 0.43926534849496934 2.071845866286448 -58.79695286429962
7.101465063292246 0.4404140436617234 2.071058096947976 -58.79981355761112
7.001592413430159 0.44247734850576914 2.0712437492368 -58.80135249830429
6.901784313586489 0.44386540040597344 2.072615171545978 -58.80299422493257
6.801994525282334 0.4415514035911486 2.0752561357923245 -58.807603204593654
6.702187221209596 0.43455796937367247 2.079273261204335 -58.815952442959656
6.6023283461794975 0.42444917688018136 2.084667063807276 -58.82633194781623
6.502389798002866 0.412007448687473 2.091411910803481 -58.83786155278269
6.402344841843985 0.3977377694386095 2.0994651177669352 -58.84995205459126
6.3021676018120205 0.3809101448121927 2.1088287520750106 -58.86318337301468
6.201825088230186 0.3619285734684275 2.1194054722911035 -58.87702668340172
6.101276472772063 0.34197411587675824 2.130981020713537 -58.89023683881829
6.000475151739555 0.3220808986106844 2.143274695783247 -58.90172782765354
5.899376110083813 0.30192384514921894 2.1560506096257903 -58.911651822458346
5.797936694187373 0.2821191999778738 2.168962008015402 -58.9193246161935
5.696118825756665 0.26201262218674354 2.1817310450515977 -58.925204737144405
5.593884927585345 0.24086539316915384 2.1940316819181205 -58.929838280854874
5.491197228052143 0.22079392750370108 2.2053039984451144 -58.93147460250823
5.388034089970738 0.20939158104516398 2.2148119286768844 -58.92421447719248
5.284417000436171 0.20056779735492608 2.22299070494632 -58.913508071496175
5.180356278891084 0.18387572883606787 2.230541753574656 -58.90797793152369
5.07583494977338 0.16426141831706662 2.2374538915213167 -58.90409043322238
4.970815204768737 0.1670109003252937 2.2432084501153 -58.88256047404834
4.8653640240679525 0.16752670644811246 2.248711390190299 -58.86302140354647
4.759511168007702 0.16767339674537515 2.254050742523054 -58.8442693926974
4.653273244181396 0.1702800442177592 2.2593093123982135 -58.82422724988726
4.54665960580445 0.17481996371273362 2.2646436610581193 -58.803370015246394
4.439677243462034 0.17940635968708502 2.2702043780829904 -58.78322118862515
4.33233382888357 0.1780281464119174 2.2762386393305394 -58.768715193317945
4.224631702194458 0.17471274378164353 2.2826850982325366 -58.756455140666326
4.1165981828222264 0.16747225178350839 2.289688772542894 -58.74807747309921
4.008261170652378 0.1560281799966728 2.2972973664397918 -58.74383368070837
3.8996472624457876 0.13747773558867732 2.305649247825174 -58.74621117584055
3.7907758975455454 0.10727435327756281 2.3149006249224335 -58.75914668281431
3.681659206381724 0.08428070587926237 2.3238315277775015 -58.76637693034651
3.572347151961837 0.07046631061226782 2.332153290237717 -58.766072438876456
3.462886213232049 0.05590558362183295 2.3402103324621764 -58.76677240640128
3.353293141646427 0.041706061799704305 2.3476644008002 -58.76742350667106
3.2435760202615396 0.028007972293183126 2.3542280700988845 -58.76786260552501
3.1337359186739078 0.014682913423408994 2.3596835082504954 -58.768193088995574
3.0237730707715977 0.0016139472763380474 2.363887172340266 -58.76854694311191
2.9136852592637674 -0.011103545192374378 2.36678425631233 -58.76890955676602
2.803470585720189 -0.023436263351732413 2.368407556251157 -58.76934687269608
2.6931270117068427 -0.03676733508618644 2.368800075577399 -58.771213176943995
2.5826508915006663 -0.051672879008481415 2.368031413888856 -58.77515034620978
2.4720416462282286 -0.06753881617447548 2.3662751814603524 -58.78070486384463
2.361304227744268 -0.08421059344818764 2.3637220856777805 -58.78780672140382
2.250447932108854 -0.09992625296232847 2.360708033450109 -58.79486723078875
2.139486576186308 -0.11208195320632114 2.3576791863642277 -58.79943680343671
2.0284377256618376 -0.12167170222597855 2.3548464367958393 -58.80237956358979
1.9173191395364895 -0.12875861430445132 2.352509025530783 -58.80368463687401
1.8061487706156476 -0.13468727958934665 2.3508696992011338 -58.8045599799977
1.694943933492859 -0.13892282740542553 2.3502782231636745 -58.8044322344799
1.583726495293281 -0.14328445162617154 2.350954120936256 -58.80494768351751
1.4725074959785958 -0.14634962915077662 2.353256856259583 -58.80459276591632
1.3612912286175758 -0.14882607425696145 2.3573850722810445 -58.803959796231325
1.2500806822370973 -0.15134372004958122 2.3635528374999786 -58.80361257947902
1.1388825239290505 -0.1539617997577035 2.3720298486516955 -58.803589578435776
1.0277077233763736 -0.15661659124314556 2.383137907735303 -58.803825469057
