8.043367021827496 -2.4130468157866507 1.0660335781538 -62.32094017848983
8.00607114510899 -2.4122848696818373 1.0645231714969317 -62.32017797613939
7.968746943835182 -2.411754362685768 1.0629313704760104 -62.319486951894746
7.931395268772259 -2.410982625241166 1.061298386508774 -62.31845895717684
7.8940169804937055 -2.4107075456844447 1.0596770633933794 -62.317885924520056
7.856614877668472 -2.4111561521785 1.058120476339922 -62.31806679763941
7.819192057074172 -2.4122305501548427 1.0567083155262964 -62.31899538955714
7.7817497713251695 -2.4124579566310924 1.0555393414728544 -62.31931789090858
7.744288929947931 -2.410908226255717 1.0547109917281354 -62.31821355088421
7.706810764859049 -2.409157435203744 1.0542734757610732 -62.31733567593251
7.669320423262779 -2.4074825618441302 1.0542498728854561 -62.31703878666914
7.631825525307383 -2.4053991669739316 1.054643638389718 -62.31689062647641
7.594335133338349 -2.4025941502465322 1.055442625356531 -62.31659904281028
7.55685925945768 -2.399066259282215 1.0566311090016105 -62.316158428604986
7.519408447623099 -2.3947614624141473 1.0581915447352281 -62.31548416165386
7.481993068466355 -2.389820364142952 1.060113588493427 -62.314676882220226
7.444623271261073 -2.3847510240954883 1.0624062004578574 -62.31420467312107
7.40730919109313 -2.3797174397620244 1.0650808950062607 -62.31416642378787
7.370060795552785 -2.3741000342222107 1.068128354538595 -62.313827103489146
7.332886563879688 -2.3686422056968546 1.071602211419106 -62.31386100454349
7.295794796692094 -2.362644834947945 1.0755178820928908 -62.313418995130405
7.258791778177975 -2.3555125265845644 1.0798888545304295 -62.31176249076597
7.221882433868193 -2.3486187204951845 1.084818757899049 -62.310230244876394
7.185073046158813 -2.340891394295911 1.090224966355285 -62.30761896726506
7.148366407692594 -2.3355714267694188 1.0962733591725473 -62.30723854828592
7.11176728436088 -2.332540900159031 1.1029661738313576 -62.30885871527473
7.075275869408748 -2.3299299860308063 1.110180259744954 -62.31042952316344
7.038886845321591 -2.3276105862137646 1.1178966243623418 -62.3117464607296
7.002593318662334 -2.3253485268345826 1.1260750644409676 -62.31253102031732
6.966387893915542 -2.3233367454672784 1.134691439586957 -62.31298858402134
6.930265589136095 -2.3217418692454697 1.14371001438463 -62.3133228534972
6.89422369633575 -2.320409296265212 1.1530580829209958 -62.31342744998972
6.858260347747698 -2.3189363826938623 1.1626235505959912 -62.31296306976604
6.8223741892011125 -2.3160781010741807 1.1721911302828982 -62.31076507681379
6.786563986040671 -2.311504195727663 1.1816262243118298 -62.306596949349874
6.750828632006025 -2.305211643307222 1.1908046915628476 -62.3005472277266
6.715166719263195 -2.29887262771929 1.1997329002222252 -62.29436741504831
6.679579210573118 -2.296609563789728 1.2086325129384776 -62.2922336751645
6.644069632410923 -2.2973307937401213 1.217245547763562 -62.293152606437324
6.608639100394053 -2.2971922664126354 1.2252141860443138 -62.29340352658244
6.573283618541334 -2.296835647883118 1.2326591116557732 -62.29370207842982
6.5379984448657575 -2.297281374052429 1.2397312408780474 -62.29512586119363
6.5027788307412395 -2.2982828928732206 1.2464228787810983 -62.29748661374859
6.467619281201333 -2.299417044274876 1.2526690923061987 -62.30039804274975
6.4325163665488585 -2.300466523941813 1.2583795466302674 -62.30365239550736
6.397469182553729 -2.3018347760565083 1.2634826903441032 -62.307650365057434
6.3624788776054535 -2.303463786874352 1.267892208805677 -62.312301696333385
6.327547687302298 -2.2992629833962495 1.271339018676303 -62.311308876308814
6.2926747097498215 -2.2951303239156835 1.274133912607093 -62.31062811777783
6.257863743370634 -2.288035408922497 1.2763357628282186 -62.30704405186506
6.223116571923661 -2.2699087245261507 1.2780323594152558 -62.2921326170306
6.188431200713788 -2.2614678497231244 1.2799988788374954 -62.287130333804335
6.15382441216546 -2.258509730022047 1.282426778725763 -62.28758021637783
6.119303311048357 -2.2566894531001407 1.285435180790361 -62.288912938569
6.0848671119310005 -2.254897255807662 1.2891943679568771 -62.289912780307844
6.050513369255071 -2.25341692583835 1.2938544099182547 -62.290828698933346
6.0162404373450755 -2.2522383321012986 1.2994764378444992 -62.2916480242882
5.982047993778556 -2.251117775884234 1.306073083439779 -62.2921459321473
5.9479369341368304 -2.250099185869821 1.3136497300108003 -62.292405773955885
5.91390960125584 -2.2489876440617858 1.322151473799996 -62.29228771521333
5.879969411157979 -2.2476084638400025 1.3314673017313217 -62.29168578499255
5.846120736467049 -2.2473374045151866 1.341593319906781 -62.29204864245071
5.81237021704669 -2.2479948691564027 1.3523348600029157 -62.29327155674671
5.778722574461063 -2.2488463741677345 1.3634384892583675 -62.29468576209567
5.745179986781804 -2.2498048355783893 1.3747702621348001 -62.29625494842045
5.7117427495397095 -2.249512209226014 1.3860662012774352 -62.296667490939306
5.678408568859801 -2.2487327176534717 1.3972730796580768 -62.296715033284556
5.645177513289028 -2.248767457457956 1.4083848480548145 -62.2977181727406
5.612050831934711 -2.250785824797904 1.4193643390710822 -62.300855310834635
5.579029963668413 -2.2528221691461168 1.4298156158766098 -62.30414322838881
5.54611421724994 -2.251640879712537 1.439265646927739 -62.30430180392681
5.513299517912912 -2.249454343513742 1.4478458222053432 -62.30351745429694
5.480582822395949 -2.2472891242302917 1.4556119472397198 -62.3027841433068
5.44796175725363 -2.2446888671575755 1.462577058233697 -62.30160426920969
5.415434001144211 -2.241505001845858 1.4688630587090186 -62.299795714047455
5.3829973468262935 -2.2401195162437313 1.4747181069266806 -62.299731625240106
5.350650045039054 -2.239378431412785 1.4800891878933211 -62.30023535121711
5.318385007622474 -2.2386080791502176 1.4849790332807722 -62.30061933922218
5.286193580099701 -2.2381597445978527 1.4894461260250236 -62.30123031467629
5.254067329143282 -2.2377679946524203 1.493530181534256 -62.30180069388861
5.2219974214157805 -2.237465878220365 1.497283393251416 -62.302368465172314
5.18997498380046 -2.2374999179198283 1.5007834354694842 -62.30319019061057
5.157991996757662 -2.237011909364111 1.5040913057292027 -62.30341921368038
5.1260412817166205 -2.2362921821804043 1.507316505651926 -62.30335873008467
5.094118730305423 -2.233585088535425 1.5104972723988268 -62.30126875502117
5.0622220880179345 -2.2281373919760274 1.5136809859031652 -62.29641337097394
5.030350738632786 -2.2218216182179216 1.516974763122122 -62.29067981002353
4.998506169424578 -2.222107446121933 1.5206585260609653 -62.29154655392873
4.966692515964448 -2.223879417134341 1.5245544788715104 -62.29392213976378
4.934912015905216 -2.227538221911132 1.5287717366012603 -62.29821726685255
4.903166280174449 -2.2297871162391383 1.5332957004120529 -62.30114114458368
4.871456913800784 -2.231096115537094 1.5381816370384296 -62.30316064305767
4.8397872791661065 -2.232144288420717 1.5434300385138258 -62.304946376327095
4.808162357853912 -2.2365200833119903 1.5491703334479845 -62.31007287839917
4.776590415477093 -2.243593679798447 1.5552411257076826 -62.31789286651713
4.74507994607719 -2.250523650618923 1.5612880723914617 -62.3255410460805
4.71363708842933 -2.254074603284942 1.5669237781923884 -62.329756104929906
4.682265635749958 -2.2533403160459833 1.5719929088135802 -62.32961143672517
4.650968026704751 -2.2521282485276175 1.5766454120268363 -62.328894195847525
4.619748483259248 -2.2496477220116438 1.5808541955721414 -62.32680629250228
4.588609101421726 -2.2330983303563166 1.584227536814466 -62.31060150226499
4.557542666673321 -2.225315135527671 1.5879184238191948 -62.3030457936496
4.526559987428014 -2.225054949084435 1.5919944185218229 -62.302904958804724
4.495665826513161 -2.2262565559345924 1.5963228276515347 -62.304161873412944
4.4648568799167645 -2.227317502631775 1.6009554156854318 -62.305244101128274
4.434127870230782 -2.2283628299939835 1.6059879403739874 -62.306297320871316
4.403473558459129 -2.229376083363814 1.611462126072683 -62.30732447841998
4.372889135061423 -2.2298813568200737 1.6173551835435855 -62.30786893598349
4.342370433676873 -2.2301837682681 1.6236537589056694 -62.30824845509345
4.3119151589492954 -2.2303874294674584 1.6303133119693287 -62.30858237815916
4.281521895477432 -2.229592171887434 1.6371991599034577 -62.307988914450114
4.251189098699837 -2.226862848029692 1.6441527261713214 -62.30554591266347
4.220914919357225 -2.2216000883206384 1.6510308311829027 -62.300658803530055
4.190697354004091 -2.2165104004752862 1.657920448803038 -62.29602679489378
4.16053590410922 -2.2140836137721633 1.6648719417968383 -62.294133307959385
4.130430915169146 -2.2152198699594536 1.6718411367902213 -62.29586737080716
4.100382593114121 -2.2164594087671876 1.6785364119720427 -62.29774729533571
4.0703895926515195 -2.218639271623749 1.6850442274981365 -62.30057885792309
4.040451604043851 -2.2208557946985534 1.6913375788596146 -62.303427113133026
4.010567601700923 -2.222849494339378 1.6973898707809199 -62.30599470844681
3.980737314481306 -2.225549870902546 1.7032001062134672 -62.30917151066922
3.950961202006144 -2.228586399429516 1.7086749517543602 -62.31255146061069
3.921239679160788 -2.2310835727580067 1.7136972618285966 -62.315232644794996
3.8915730928698475 -2.2322264322951177 1.718177458823248 -62.31638680686032
3.861961813062285 -2.232779686098923 1.7221226244912535 -62.31676920295441
3.832406493875754 -2.2335371494953473 1.7255659769577796 -62.31717630714685
3.802907978517327 -2.2338511671017947 1.7285425682090096 -62.31699280036008
3.773466519126029 -2.225971786208836 1.730999458590812 -62.308608872536354
3.744079376266336 -2.2208815535473154 1.7333894107665493 -62.30291551450556
3.7147488190954387 -2.221936036674002 1.7358643326272063 -62.30327552228469
3.6854756687523644 -2.2239081892181765 1.738357054281818 -62.30458223325272
3.656256304639576 -2.225800571940424 1.7409262794040217 -62.305892643664784
3.627086254885624 -2.2274379149453196 1.7436439663987806 -62.30706407009751
3.5979611750575415 -2.2286487647531565 1.7465585234466117 -62.307946173061964
3.568877178482533 -2.2294751895356044 1.7496943978814845 -62.308587983013766
3.5398312067885884 -2.230099727252184 1.7530512611918214 -62.3091705044416
3.5108209346474313 -2.2305914644634393 1.7565990255091783 -62.30975791433722
3.481844461161247 -2.229715172770009 1.7602417095132388 -62.30911209019273
3.4528998061420535 -2.2269132657641713 1.7638967798168652 -62.30666306435139
3.423984973157863 -2.222351218447132 1.7675059407904448 -62.30255773732709
3.3950983545214637 -2.2184112680714474 1.7710891793560803 -62.29915704328405
3.3662386971988103 -2.218581123795964 1.7746953482646384 -62.29992798176112
3.3374049933265835 -2.2193425322640046 1.7781594140458319 -62.301323526884886
3.3085961308082497 -2.2205137977463 1.7814834355887108 -62.30312823957707
3.27981135347975 -2.222732485963517 1.7847380194969555 -62.305946085418434
3.2510506338447187 -2.225070852325525 1.7879467389399701 -62.308813350547105
3.2223146913109977 -2.22669765101796 1.7911063408504158 -62.310864801052944
3.193605033702642 -2.2278757702481697 1.7941907925217235 -62.31233431138352
3.1649237629000395 -2.228924862493695 1.7971582749626844 -62.313519455370496
3.1362731062907008 -2.2299098029064717 1.7999706100395683 -62.31447124542141
3.1076552856555177 -2.2310138642802486 1.802612292740508 -62.31536695421425
3.0790724784961556 -2.232364974841154 1.8050877005850328 -62.31633843170416
3.0505267214155984 -2.2338914124706983 1.8074202624192077 -62.317328492999884
3.0220197259386072 -2.235177098304685 1.8096432575127803 -62.31794713617705
2.9935528857681395 -2.2342506093379355 1.8117723589897607 -62.31627825576884
2.9651271178950833 -2.2293456574539867 1.8138321292840722 -62.310619881541356
2.9367429786621484 -2.2280660484797816 1.816020902852511 -62.308509859783975
2.9084021889186924 -2.230060129859073 1.818365272075738 -62.309649812978584
2.8801050323966555 -2.2324608549027585 1.8208020209894586 -62.31125531826761
2.8518493570716754 -2.234549592426825 1.8232957564062429 -62.31264704517243
2.823632064594232 -2.2363581325544475 1.8258301795622904 -62.313882783331906
2.7954499022404558 -2.2379149906908475 1.8283898644072234 -62.31501122570198
2.7672995531415614 -2.239223234487112 1.8309561922720115 -62.316050001396064
2.7391776103742544 -2.24028530601727 1.8335050437156455 -62.317009534334325
2.711080570407491 -2.240935824975451 1.836002096154822 -62.31772595173128
2.6830048513245432 -2.2404115822083646 1.8383936405220218 -62.317430804161795
2.6549469555964396 -2.238617414542185 1.8406332796957052 -62.31601406413906
2.6269035711024715 -2.2356080632394986 1.8426806922248868 -62.31351054626255
2.5988713891885116 -2.2318592354263966 1.8445119912431156 -62.31037012996356
2.5708472026235842 -2.229724600206378 1.8461379668065496 -62.308920355624025
2.5428277697578996 -2.2294191905864973 1.8475367080737413 -62.30934712524839
2.514810150070778 -2.229269540382169 1.848688323306143 -62.30993944862169
2.4867924186981143 -2.2294973322854146 1.849630410041301 -62.31088646811172
2.4587734734206856 -2.230100219736552 1.850430778547959 -62.31215687075706
2.4307530481224386 -2.2313975123754615 1.8511577159387287 -62.31403959635143
2.402731660491278 -2.232786151964222 1.8518619351026095 -62.31589782357177
2.374710985181427 -2.234031096563164 1.8525791584874995 -62.317468213717724
2.346693725151287 -2.235215093070528 1.853318606133594 -62.31881855158473
2.318682919707073 -2.236347878567589 1.8540724624899485 -62.31995371823108
2.2906815472103776 -2.237468149403521 1.8548330317677622 -62.32091561591955
2.2626924027748987 -2.238616977450185 1.8555981045708418 -62.32175653731492
2.2347180022927753 -2.239728008458803 1.856375834468458 -62.32242919407677
2.206760534245421 -2.240552205715302 1.8571834534442004 -62.32270986194864
2.1788218471736536 -2.241014218835369 1.8580548116151663 -62.322548658770934
2.1509036206372496 -2.241305348255249 1.8590318326849673 -62.3221603031461
2.1230074113266704 -2.2408423761779663 1.8601474399215898 -62.32099438577885
2.095134605602912 -2.2407649264440903 1.861433988136925 -62.320207430666485
2.0672859951846276 -2.2401501001753883 1.8628804233504044 -62.31891090738895
2.0394618569336136 -2.238926865020843 1.8644619927354396 -62.31705333566164
2.0116619065037433 -2.238804629614964 1.8661578834099655 -62.31634666187833
1.9838851114387446 -2.239152165149216 1.8679119629688195 -62.31618977368751
1.9561297028707219 -2.239392284463211 1.869668744469888 -62.31602624955373
1.9283934091613404 -2.2396063048163994 1.8713792245022969 -62.31594565344532
1.9006735021471475 -2.239650462357308 1.8729823859734327 -62.315811659531015
1.8729667669114012 -2.239633185827684 1.8744138716210357 -62.31573497864851
1.8452695265385717 -2.2394057065662483 1.8756160551101415 -62.31556858677115
1.8175777072935668 -2.2387974549729224 1.8765527284859747 -62.31513416998439
1.7898871584296543 -2.2379382514626407 1.8772108173842397 -62.31454604548015
1.7621938615714476 -2.236955650618456 1.8775877688299691 -62.31391357016996
1.7344940451186883 -2.2358711565951226 1.8776928195700437 -62.31323804678541
1.7067843361157733 -2.234659511268408 1.8775447746888716 -62.31247374736437
1.6790618551338619 -2.2334811086171267 1.8771775294438982 -62.311763374098724
1.651324216358699 -2.2327410088482407 1.8766366311299447 -62.31149857161571
1.6235694537325416 -2.232381757943961 1.8759801497994206 -62.31160852062124
1.595796298118115 -2.2321682022549476 1.8752756979608942 -62.31184058687159
1.5680043722819934 -2.2322667504741105 1.8745803903925577 -62.31234014629516
1.5401939930652444 -2.2324980950093813 1.8739440715770062 -62.31290267821223
1.5123663425889533 -2.2331418575126416 1.8733998176764504 -62.31378260412137
1.4845231274228528 -2.234257761368454 1.8729677978898902 -62.31501661297266
1.4566665561371708 -2.2356901213277554 1.872659280219814 -62.31643310916593
1.428799262063398 -2.2372162969335587 1.8724828786683696 -62.31780088615641
1.4009241752416788 -2.2386568763685557 1.872445730024921 -62.31893809739426
1.3730443605913611 -2.2398709891491997 1.8725543812706162 -62.31970676024316
1.345162880929044 -2.2409361333636784 1.8728135057488915 -62.32019093760269
1.3172825936577275 -2.2419674211506564 1.8732258286460766 -62.320515108735954
1.2894060597532173 -2.242848144703997 1.873792289299306 -62.32057633998115
1.2615355716333159 -2.2435522500083898 1.8745121015983106 -62.3203642369313
1.233673039256138 -2.2443465489814245 1.8753782119768443 -62.32016283866811
1.205819753368739 -2.2455433239105638 1.8763750310101055 -62.32030781202748
1.1779762337169755 -2.246658374098293 1.8774794833152053 -62.3203467268767
1.1501425505868126 -2.2479803571597654 1.8786674274233588 -62.320594664713376
1.1223178959827245 -2.2490157573102185 1.8799097933216953 -62.32058089039539
1.0945011189801737 -2.249830414544389 1.8811694790070548 -62.32037417638074
1.0666905090938257 -2.250523563052899 1.8823984657730208 -62.320073641076796
1.0388837942582096 -2.250956635574729 1.8835357793154717 -62.319535962562995
1.0110781325919913 -2.2511691097376607 1.8845247872617885 -62.31879736212485
