7.863568545656696 2.7134659134233865 1.7947907920090496 -54.632378949693475
7.826094525491791 2.715216293285526 1.795940089896272 -54.63163979014979
7.7886071663281 2.717546971508869 1.7973406177712128 -54.63042874646034
7.751105201969672 2.72077320550089 1.7988571311849972 -54.62841037711714
7.7135881110369775 2.7223902408064933 1.8004279067559732 -54.628074440312005
7.676056178399388 2.72344049852609 1.8019157200145135 -54.62833475173378
7.638509282302263 2.7238643683392203 1.803192915173122 -54.629196015735225
7.600946934347939 2.724376677050839 1.804094324082753 -54.62987866862871
7.563369651261624 2.7257143416579845 1.8044642910688726 -54.62958071010377
7.52577751113131 2.727865055784179 1.8041786917702143 -54.62826584656871
7.488172042613265 2.729421778164624 1.8031350717795385 -54.6273072935914
7.450558137267524 2.7302211068580804 1.801222284343757 -54.62684279449059
7.412942691189154 2.7306058003229237 1.7983587690157257 -54.62651460138311
7.375334176057098 2.731038109732872 1.7945139970686719 -54.62586250735024
7.337742234824104 2.7318391002740006 1.7897043803675725 -54.624581978018384
7.300177074944344 2.7324851798925076 1.78394811583627 -54.62320877554176
7.2626493176901255 2.7322747520986983 1.777281660636065 -54.6224500899002
7.225169494937678 2.7314193704613094 1.7698361969782492 -54.62211099597649
7.187747069225809 2.7305744416045434 1.7618077185494478 -54.621560358907324
7.15039055409765 2.729164900422623 1.7533225810149886 -54.62137098739023
7.113109118455813 2.727790117294523 1.7446143056635666 -54.620968610116236
7.075910108231936 2.7267773225940504 1.7358969299771823 -54.620049961707394
7.038799941087083 2.725537865988216 1.7272871781832653 -54.61920672501027
7.001785561420571 2.724475917505276 1.7189308328605393 -54.61807789725973
6.964872219818676 2.7237915560508537 1.7109342961911191 -54.61650643005008
6.928063516516606 2.7216626202540186 1.7032766419913492 -54.61629536092801
6.891363028415998 2.717986125468705 1.6961125749784092 -54.617575242382536
6.854771642485798 2.7141944509345355 1.68972033663341 -54.618986981462086
6.818286002926036 2.710721238301674 1.6842890355289002 -54.62013659689287
6.781901001060468 2.7076034960183915 1.6799425935330639 -54.62101108028999
6.745610960752421 2.7049367191554348 1.676739686398663 -54.621532851250606
6.7094113354229385 2.702534903210703 1.6746703045932712 -54.62189260352451
6.673299530217474 2.700303972712293 1.6736944941395333 -54.622188927784364
6.637274293675057 2.6989149462360262 1.6737401045793154 -54.62177291525253
6.601334124504443 2.698858529009648 1.6746835814650536 -54.620168347926885
6.565478325027346 2.700949198903635 1.6763501890647443 -54.6165799371382
6.529705573352268 2.7053236100065767 1.6785370326097147 -54.61087504702793
6.4940138108888 2.7101427719701268 1.6810646303292804 -54.60486347648266
6.458404180658703 2.712460220423606 1.6837982465382344 -54.601449275757126
6.422879769807955 2.71077781918444 1.686525184109014 -54.60211395451278
6.387443301409034 2.70964840754404 1.6888067157508786 -54.60236485030694
6.352090817892838 2.708695389806769 1.690395317356705 -54.602534558590435
6.316816918680388 2.706991693135752 1.691101017606445 -54.60349692290037
6.281616704429057 2.704386731136075 1.690699923491185 -54.6053715776102
6.246484429663711 2.701005064957194 1.6889776997152417 -54.60801774437871
6.211415650300259 2.6969357096684266 1.6857756121901852 -54.611341308307026
6.176408672652656 2.6920902920579404 1.6809806833345016 -54.61543215303444
6.141463900646347 2.686650271920165 1.6745682946672944 -54.62011692364651
6.106582896000418 2.687094755295222 1.6670839717704455 -54.619014335015045
6.071763830362767 2.687298898190886 1.6583472788482818 -54.61815998340708
6.037009971226678 2.689153131913966 1.6488318705102272 -54.61568297828177
6.002323422092199 2.703415086761287 1.640048896284493 -54.60096451899528
5.967700393364132 2.708457672842594 1.6302738485885433 -54.59532898057938
5.93315670341308 2.707737309005608 1.6202892680697751 -54.595367939607755
5.898699573553303 2.7056945594777018 1.610913508708482 -54.59670632078999
5.864328322145089 2.7039994168902823 1.6026309127651908 -54.59770213182071
5.830040237048545 2.702437329959444 1.5956376381728072 -54.59857147925505
5.795833394606317 2.700917244847256 1.5899987129584192 -54.599408310604815
5.761707598971322 2.6997605670236924 1.5857208132355334 -54.59989788214275
5.727664003594222 2.698947999191464 1.5827383638034207 -54.60005985905262
5.693705317207246 2.6985775825723928 1.5809237130123805 -54.59979843726228
5.659835469879734 2.6986868899348644 1.5800897995320617 -54.599079587702604
5.626059374966176 2.697705439277887 1.5800143222303384 -54.59946002460032
5.592384312860112 2.6959253209488026 1.5804490459029386 -54.60066172278253
5.558815089285998 2.69398556897419 1.5811373187266289 -54.60206089715681
5.525353973128002 2.6918728438191417 1.5818392572500062 -54.60367053175179
5.492001189724859 2.6909530267350577 1.5822672428406341 -54.6041349952409
5.458754771318344 2.69049642196106 1.582179407577327 -54.60417283483564
5.425614707827241 2.688645282928037 1.581334204317177 -54.60562278483478
5.392582772582941 2.684683906940193 1.5795046403030926 -54.60919831062973
5.359660635369071 2.681134743360216 1.5765951795784559 -54.61241234482847
5.326847223422207 2.681090255511461 1.5726988542997375 -54.61220943935264
5.29413795871718 2.681773610883006 1.5678177314128183 -54.61133959527145
5.261529828258925 2.6824745249322635 1.5620698215410307 -54.61050524628837
5.229020418278385 2.683857566444979 1.5557269934131954 -54.60904454728525
5.1966071737466235 2.6854425687168764 1.5490583501061235 -54.60743156815491
5.164287963521328 2.6851030752570315 1.5421910640089487 -54.607780205142056
5.132060479294496 2.6848699564684746 1.5355045007045804 -54.60808117371998
5.099916370109093 2.684482516969371 1.5292066686728698 -54.608593227126384
5.067847183104307 2.684184122817538 1.5235523215898372 -54.60907754783203
5.035844076016486 2.6840847184945233 1.51876712288145 -54.60942872169638
5.003898030749441 2.683974072546677 1.5149841310544738 -54.60985831292857
4.972000212392059 2.683593446686322 1.512252607502743 -54.610622090662275
4.940142809240242 2.68385144896619 1.510577290139998 -54.61080813772842
4.908318957072619 2.6844637391344963 1.509870617453292 -54.610691377707234
4.876524728353905 2.687523697299084 1.5100181628395406 -54.60817369489184
4.844757837217828 2.693570744490253 1.5108407802321535 -54.60270821081784
4.813017608785396 2.6992088682767093 1.5121856746918076 -54.59768224217366
4.7813059964236055 2.6987411521049633 1.5139384747061162 -54.59878603204033
4.7496270814929895 2.6965943551171914 1.5157813421444322 -54.601587800133956
4.717983025592634 2.692772631144159 1.517457071923201 -54.60606972123432
4.686375656521862 2.690844171773338 1.5186370951339685 -54.60864780780087
4.654806931647718 2.6891024262315217 1.5190878555827092 -54.61101238777907
4.623280932841618 2.687624109216233 1.5186097972014532 -54.61307726365035
4.591802916652526 2.68145384336259 1.5169586400413473 -54.61978279623976
4.5603823121330285 2.6730172138441417 1.5139454825850829 -54.6287044082134
4.529027563449845 2.6659803429041875 1.5095452872024089 -54.63618188660884
4.497743887578547 2.6633241116288167 1.503908779320241 -54.63923856295085
4.466534036401251 2.6642476606191505 1.497166731422353 -54.63867226679924
4.435400315639725 2.6652959153013986 1.4893202602698008 -54.637928887308824
4.404346586133455 2.67176519543559 1.4811489949637529 -54.63173763613315
4.373371111333861 2.6907780620303967 1.473772774069563 -54.613018817007365
4.342467312835535 2.6941167105063353 1.4650160729387947 -54.60990645604605
4.311650573626409 2.69388299784805 1.456428527259492 -54.610377739151076
4.280920763495293 2.6930786858551574 1.448652121691992 -54.61146448954319
4.250273635639533 2.6923840714524414 1.442019996512482 -54.61250687602282
4.219704117950063 2.6918218522168598 1.4366733862204941 -54.61349378560731
4.189207450611049 2.691468288674417 1.4326489304054129 -54.614353661251585
4.158779439023342 2.6916270064357084 1.4299046960040345 -54.6147809677419
4.128416868342779 2.6919948204913298 1.42833551200282 -54.61507415258791
4.098118041960016 2.6924543174921136 1.4278243120609069 -54.6153461199116
4.067881925492538 2.694717648977806 1.4282341481686807 -54.61387377095683
4.037706739646784 2.6987873201272983 1.4293924181375832 -54.61064436743062
4.007590918913469 2.7050161927884955 1.431107405550379 -54.60529308487424
3.977532700396528 2.7091862894474112 1.4332596392406636 -54.60204338551417
3.9475326602210417 2.708935441825094 1.435689618514396 -54.60325953840344
3.917591660658133 2.7079477528828293 1.4380708357262935 -54.605234846599956
3.8877086217994608 2.7065055170576158 1.4401781099922328 -54.607679802359804
3.857882979399581 2.704793230521951 1.4418270934292414 -54.61040592248663
3.8281143336429304 2.7033692055245218 1.442837305908536 -54.612845954042136
3.7984022178947177 2.702074375101 1.443046868190943 -54.61514953561184
3.7687469120270287 2.7001057001776396 1.4423091670641568 -54.61811093513954
3.739149089700949 2.6983391804561205 1.440531238792938 -54.62083878383418
3.709609069006318 2.69764851451668 1.437703776509101 -54.62244438990275
3.6801269200088385 2.6980818779303095 1.4338790909972048 -54.62286882803266
3.650702662899122 2.698390932179308 1.4291205377914211 -54.62335556525044
3.6213367246823136 2.6988501752155556 1.4236221431736782 -54.623627709864
3.592029021363157 2.7028492072014387 1.4178432982256328 -54.620299593637725
3.5627779487301625 2.7131620148213895 1.4122870655147999 -54.61061305344746
3.5335810389739453 2.713778914528442 1.406204972114532 -54.61060315545591
3.504442528459381 2.7134736149774317 1.4004364742093973 -54.61151001159515
3.475358673383488 2.7127543899680537 1.395240135191115 -54.61283338416246
3.446325405197286 2.7121009955446933 1.3908225398216676 -54.61410380516412
3.417338300668281 2.711668950423024 1.3873008700976868 -54.6151737867137
3.3883932508372587 2.7115334314097153 1.3847157847489353 -54.61597359649473
3.359486678425804 2.7115572126261247 1.3830353209183637 -54.6166428097644
3.3306157170987505 2.711635926800179 1.3821850570440157 -54.61728558800742
3.3017780375066836 2.712454983555025 1.3820699751423506 -54.61721181690318
3.272971491060798 2.714745020254072 1.382571398555828 -54.615683297200505
3.244193920508021 2.718930108041565 1.383554003189981 -54.61226727250027
3.2154433764381984 2.7236831345608685 1.3848936060892614 -54.60828784965462
3.1867182703740666 2.7261049540595383 1.3864808199594765 -54.606647657106144
3.1580174605348486 2.7255515156350585 1.3881607895079415 -54.60799073379139
3.1293400800688165 2.7246275136066695 1.3897405817497106 -54.60970582712348
3.1006851882533173 2.7225773978673105 1.391101114695542 -54.61255254921185
3.072052760528619 2.720010207731737 1.3921159815249178 -54.615923449596174
3.0434437224721704 2.718374940292185 1.3926708057587824 -54.61836532032263
3.0148596051795766 2.7175587459101433 1.3926732224483827 -54.61998128462291
2.986302666091214 2.717052672403874 1.392053985270899 -54.62127013653283
2.957775253420755 2.71675943164199 1.3907729880872963 -54.6223205692675
2.92927967909187 2.7165620766192764 1.3888277355729024 -54.62324384912144
2.9008181297698656 2.7162453233294093 1.3862545962457413 -54.624252828540335
2.8723926585880286 2.7158519583290524 1.3831353550594627 -54.62530521960738
2.8440049868281188 2.7155187818063973 1.3795858652083108 -54.626266830235615
2.8156565384737755 2.717092033990028 1.3758175808820021 -54.62529298113352
2.787348122412221 2.7226424366190236 1.3720923231458835 -54.62031463197034
2.7590801508454876 2.726584702285769 1.3683424042539722 -54.616931842466435
2.730853745476864 2.7262860558269253 1.3646169670480184 -54.617794728206015
2.702669661594087 2.725332811224272 1.3612048674396304 -54.61932168741634
2.6745262737524613 2.7245311370247234 1.358233203881513 -54.62070104883037
2.646420949962198 2.7238908342836745 1.3557926995195186 -54.62191725608557
2.6183506837270576 2.7233548509134935 1.353939777058755 -54.62302319514207
2.5903122756216757 2.722904046268618 1.3527016164383534 -54.624035176481485
2.562302345346849 2.722527290667481 1.352077798678343 -54.62496183487653
2.5343173569865702 2.7223549707857684 1.3520421394175945 -54.625669595466185
2.5063536590999336 2.7228262762748723 1.3525429642669975 -54.62571418189734
2.4784075932364207 2.724417753330557 1.353505413670406 -54.624612307701696
2.4504755837568104 2.727106582258527 1.3548410839619154 -54.62238238029804
2.4225540901211287 2.7303717521542294 1.3564568886298227 -54.61954248175802
2.3946396942325197 2.7325152599460294 1.3582656473528103 -54.61779085402251
2.3667290332515893 2.7324119674872565 1.3601745085879655 -54.618254799630876
2.3388188851495695 2.7321896927542335 1.3620378955646906 -54.61880688611291
2.310907085266561 2.7316660533650023 1.363768650343028 -54.61963323996888
2.282992266194397 2.730762725571761 1.3652960281675484 -54.62081961366282
2.2550739847550125 2.729195397111108 1.366561929574428 -54.62265854923934
2.227152625903805 2.7274636232662353 1.367491377185347 -54.6246548188452
2.199229688696394 2.7258286338935642 1.3680170464871064 -54.62654725019652
2.1713077669213727 2.7243195998436427 1.3681097127319277 -54.62830748173701
2.143389906705725 2.723047037672347 1.3677637787249664 -54.629823682608766
2.115479255477791 2.7220721367727396 1.3670001863191148 -54.631032558233464
2.0875788627474314 2.7213482705940395 1.3658635429285004 -54.631978644540744
2.0596915354752405 2.720788110740542 1.3644178441030042 -54.63274803057616
2.0318197580848048 2.7203751243030325 1.362739788231295 -54.63335728440347
2.003965715248614 2.7202791984264505 1.3609169988752192 -54.63363774183189
1.9761313727703567 2.7203428673616745 1.3590326784118885 -54.63374987372816
1.9483185550970057 2.721564677335691 1.3571902536898657 -54.632697864918754
1.9205289623177262 2.722951125871198 1.3554464618635633 -54.63147653683463
1.8927638419951138 2.724773780629996 1.3538814003337118 -54.62981498927531
1.8650238603674956 2.7273357007521852 1.3525665316486268 -54.627405326093246
1.8373090709250883 2.728391010057161 1.3515202670829012 -54.62648843128993
1.809618594863145 2.72905818137852 1.3508128224763114 -54.625938368740385
1.781950760300262 2.7290977409926414 1.350470869307687 -54.625984357714636
1.7543031311319517 2.7291372185768115 1.350508572334853 -54.62598747699742
1.7266725967002605 2.7291609213512666 1.3509161447859699 -54.625949933408705
1.6990553296749198 2.7291181927666557 1.3516817725826749 -54.625913634062336
1.6714468573448849 2.729263444161701 1.3527783508079678 -54.62561707449242
1.643842451320857 2.729566787607928 1.3541674802572203 -54.6250844781832
1.6162373657504518 2.7299779007167926 1.3558018059300747 -54.624364204729446
1.5886270684050283 2.730379125247162 1.35762948924962 -54.62357428218967
1.5610073208659767 2.730799964979919 1.359596413649637 -54.6226876667652
1.5333743470167098 2.731231522664191 1.3616556727328957 -54.62171650966214
1.505724855161626 2.7315735582541105 1.363774141524825 -54.620766410175136
1.4780560533679064 2.731338828284798 1.3659348854630164 -54.6203328930253
1.4503654905455712 2.7305650678489766 1.3681203246269684 -54.62039137556686
1.4226515975389293 2.7296596259807213 1.370309839554462 -54.62054561047556
1.394914001030978 2.728610672888159 1.3724867919457377 -54.62081385572982
1.367153150824592 2.7272142876406194 1.3746177847689094 -54.62140440215794
1.339370143450693 2.72521169313907 1.3766564042965361 -54.62257737578789
1.311566579091093 2.7226416531371584 1.3785496583087322 -54.62429446612986
1.2837446423370555 2.719729453083336 1.380255479674111 -54.62633013813771
1.2559070734498756 2.7167106304766175 1.3817514101032056 -54.628447422723085
1.228057060447304 2.71377639789037 1.383034291437112 -54.630451831499734
1.2001980777241106 2.7110891892606404 1.3841175959300585 -54.63217583556025
1.1723337380076988 2.708791801060922 1.3850277730986773 -54.63346946845788
1.1444676644258565 2.707008393645806 1.385801887458202 -54.634199036902096
1.116603370913991 2.7053797468328327 1.3864828154162556 -54.63471187490487
1.0887438893478643 2.7039282294678744 1.3871154902632739 -54.634973422726844
1.060891900778682 2.7027510516658366 1.3877533419449815 -54.63487351485767
1.0330496931072566 2.701408686338985 1.3884625753335065 -54.634838314490096
1.0052187083899626 2.7004970218417874 1.3893234228209488 -54.634260143645214
