8.055235186429275 -2.9305003679186417 2.3089382038719957 -24.60391644248231
8.037553152572517 -2.9263483433094413 2.3088991739699476 -24.60321537630852
8.01983825059265 -2.922671599561804 2.30885614223061 -24.602877851948257
8.002091942420707 -2.9200263170078573 2.3087930549336204 -24.603339885684967
7.984316116913154 -2.9182493899285955 2.308688597082622 -24.604288823234178
7.966513583380576 -2.916196629078779 2.3085472709168378 -24.604416993580976
7.948688830849564 -2.914290106793201 2.308358822664223 -24.604048127633682
7.930847256490462 -2.912869938645983 2.3081058120134266 -24.603453548193393
7.912995113615563 -2.9123643325835253 2.307767066586572 -24.60301632852
7.8951393075448335 -2.9129887742099076 2.3073229206997063 -24.602932404131124
7.877286945005733 -2.9147107441942444 2.3067635016941437 -24.60317998063762
7.859444917254414 -2.917475134554458 2.306091978920238 -24.6037404988015
7.841619800128939 -2.921222904053686 2.3053224746793948 -24.604611253106818
7.823817815455048 -2.92523407566428 2.304483744601306 -24.605165838932997
7.806044380189923 -2.9296817455615676 2.3036053856703 -24.60565380555206
7.788303942479576 -2.9345080291480357 2.302742213907283 -24.60610060666719
7.770600076321296 -2.9381352285227242 2.301981628240872 -24.605075091324288
7.752935349975901 -2.9391071691142163 2.3014121980615387 -24.60125762994665
7.7353120562516136 -2.938552818065964 2.3010861693509264 -24.5957883124251
7.717733045771185 -2.9387620575263704 2.3010222212054807 -24.590913497231575
7.700201195007443 -2.9394538028158554 2.3012297826775514 -24.586459886945534
7.682717762248791 -2.9432106889866394 2.301714796473579 -24.584985880213978
7.665283677581141 -2.9484573312292643 2.302491595895728 -24.585132074974936
7.647897291591225 -2.9538263293394276 2.303575992778159 -24.58572401231055
7.630555203971065 -2.958789175193678 2.304979216937846 -24.58635710933246
7.613253609854622 -2.962919485439433 2.3066910236983174 -24.586708955007545
7.595988302375116 -2.966349270249927 2.308688881570019 -24.5869737464512
7.57875473971646 -2.968795911858153 2.310935480441004 -24.586916310268464
7.561547734583214 -2.96958390239162 2.313367501745056 -24.585878093397973
7.544361927177298 -2.9683512793701112 2.3159074055494133 -24.58346972857958
7.527192068489728 -2.9649603548849135 2.31847278050929 -24.579485063843336
7.510033335192799 -2.9600085518386936 2.3210003132128394 -24.57442122653461
7.492881786259032 -2.956805527396672 2.323486723251826 -24.57148205787199
7.475734387389353 -2.9566986442953214 2.3258765672395714 -24.5719189367449
7.458588423454322 -2.9570158666721795 2.3280374173261573 -24.572906863922718
7.441442568317015 -2.958455846431543 2.3299646486992343 -24.574977473346422
7.4242965540247186 -2.9613215019556556 2.3316767523796353 -24.578239246036894
7.407151146261122 -2.9647535761108075 2.333160931468651 -24.581637225987308
7.390009316340594 -2.9678311042690444 2.3343973793993245 -24.584099723528347
7.372875086864507 -2.9710049672450025 2.335361156240795 -24.58598375985286
7.355753564280347 -2.974700088857636 2.3360290970126782 -24.587654020169296
7.338650568613357 -2.97906946306565 2.3363867151222752 -24.58924029832484
7.321572251666381 -2.9841600267233823 2.3364314049086197 -24.590799236127637
7.3045248195790595 -2.989981448260762 2.3361750007008157 -24.592378186017164
7.287514315084866 -2.996034486467807 2.3356487389838954 -24.593561133732287
7.270546263043838 -3.002093192132169 2.3349030315101604 -24.594212360922945
7.253625363603033 -3.0086642326205117 2.334008585759579 -24.59489248927673
7.236755651982139 -3.0155454313486367 2.3330663943738883 -24.595484545407544
7.219940464098345 -3.020044485220738 2.332212079841612 -24.593529872017392
7.203181774566259 -3.0216325881903563 2.331541455155292 -24.58860349692887
7.186481758966572 -3.023132320302117 2.331093561768509 -24.583422594672093
7.169843401536227 -3.0271006979933004 2.330902142836596 -24.580468409364542
7.153269663036135 -3.0337781987874064 2.331026145253445 -24.580098557518767
7.136761746184859 -3.0420891439794358 2.3315161743665893 -24.581468949938433
7.1203180946222995 -3.050402426150053 2.3324227425164406 -24.583202562028077
7.103934761758925 -3.058016910094281 2.3337899904898194 -24.58475615304262
7.087606926850844 -3.064369932789853 2.335635148842685 -24.58568233233487
7.07132914510976 -3.0694186668892773 2.3379398085797005 -24.585995468459345
7.055095979029778 -3.0729999692474332 2.3406449242265346 -24.58557831364859
7.038901797921607 -3.075532351482258 2.3436738193424564 -24.584857861132065
7.0227410055680135 -3.0765203850677034 2.346904493590048 -24.583362519558662
7.0066072828660095 -3.075573057821463 2.3501989722440983 -24.58068983879445
6.990493857839473 -3.073209677603891 2.353446173980965 -24.57728225586832
6.974394459649305 -3.0701467926051347 2.356547766702395 -24.573736305379818
6.95830370629018 -3.069639848607212 2.359482576507871 -24.573169661340962
6.942217648284565 -3.0701560297257533 2.3620967717516623 -24.57391013554419
6.926133688322891 -3.0711672678678212 2.364312330087808 -24.575242578813786
6.910050567070554 -3.0736262935941756 2.36612651638037 -24.577944870878213
6.89396784714682 -3.077446321029035 2.367537538463076 -24.58173115123511
6.877886404911236 -3.0808586316121547 2.3685532153866786 -24.58463958719709
6.86180940598614 -3.0840899534296966 2.369188475110617 -24.586767695401825
6.84574162748736 -3.0876115637453068 2.369452497672195 -24.588504990865523
6.829688740143184 -3.0917027350521162 2.3693603157205114 -24.590080436087412
6.813656949499701 -3.096661129898202 2.368934441408998 -24.591767472964747
6.7976527535097935 -3.102688080597915 2.3682053326167347 -24.59376952954854
6.781682732117525 -3.1094273604860745 2.3672177709523017 -24.595778096740254
6.765753132121584 -3.1163005223951616 2.366028170931025 -24.597299059316974
6.749869507963723 -3.1231263839850043 2.3646994564851256 -24.598231983557262
6.7340365268231634 -3.1302947435761 2.363302343229355 -24.59901444607599
6.718258410463075 -3.1373845256664477 2.361925242279069 -24.599317473769126
6.702538751713094 -3.141584075741889 2.3606900406035165 -24.59658038935511
6.686879832763689 3.140116367138804 2.359654014932334 -24.591050052479282
6.671283787714365 3.138226069367917 2.358828445900549 -24.58571824792299
6.655753449844791 3.132845870824208 2.358230963726272 -24.58355861840299
6.640291876082857 3.1248315265816347 2.3579535609925273 -24.583930595532287
6.624899464114753 3.1153944809055067 2.3580649801690163 -24.585880537706124
6.609573746810716 3.1066667254040454 2.358638513408147 -24.587571658574163
6.594309894893105 3.0991484007437498 2.359721405453122 -24.588643652818178
6.579102334773092 3.093113461083226 2.361317089649173 -24.588920594800378
6.563945116326488 3.0882886544978807 2.3633939431803306 -24.58873458426897
6.548832049902398 3.0839777358539644 2.3658990816423535 -24.58881912916437
6.533756498436024 3.080408330955676 2.3687361136441307 -24.589019406633334
6.51871070979353 3.078956379526506 2.3717464881079886 -24.58801261050084
6.503686257529412 3.0800732570542926 2.374783332277326 -24.58529557224046
6.488675275406442 3.0830952805754244 2.3777359437172376 -24.58141877970006
6.473671018266952 3.0872909405928826 2.3805101696093613 -24.576974105081923
6.458668417888557 3.08758054549563 2.3831198859025933 -24.576916982474444
6.443663319135737 3.087423554933375 2.3853666928863557 -24.577618046779612
6.42865344814917 3.086751777445161 2.387187113030901 -24.578945581406856
6.4136379203218645 3.0842596348224376 2.388584186931985 -24.582020110749433
6.39861659691395 3.0813896854203366 2.389542680338742 -24.585169183920065
6.383591324471025 3.0789181328166686 2.3900852951406866 -24.587406760147132
6.368566667387622 3.0762271389840388 2.3902265866800674 -24.589223217914125
6.35354841586788 3.072880602842348 2.38997881874515 -24.59096090066192
6.338543129258959 3.0685845218843246 2.389358004558909 -24.59285147518841
6.323557860068218 3.063268217388834 2.3883867137194446 -24.594940570189955
6.308599822495082 3.0569776279838563 2.3870975113085238 -24.597192745034512
6.293676123975172 3.0500092539765804 2.385533495865121 -24.59936113955216
6.278793568278344 3.04279168144726 2.3837446138942067 -24.601101725580804
6.263958485870942 3.03564991622001 2.3817869661144258 -24.602190919874175
6.249176201899868 3.0282797655787816 2.3797212675016812 -24.60300065300315
6.234451222071545 3.0212990361735903 2.3776422473333194 -24.603030931894338
6.219787101919948 3.0178107555306073 2.375701985334789 -24.599462729496118
6.205185714076661 3.0167225130481676 2.373946174303804 -24.593403880474675
6.190649090883809 3.014626998251626 2.3723729700430667 -24.588116931079085
6.176179900516822 3.0082453929481066 2.3709977274268437 -24.5867706621736
6.161780968297183 2.9991230300478686 2.369945848419802 -24.588104186703433
6.147451724828541 2.989699974671544 2.3693409236752534 -24.590021561843642
6.133188236302216 2.9813314018733537 2.369283086842604 -24.591387538766412
6.11898504827143 2.9742460473925605 2.3698225605530308 -24.59208338567757
6.104836162467185 2.968684783925672 2.3709542879701493 -24.591965292634065
6.090735044175142 2.963653003246459 2.372649426231314 -24.59205821392355
6.0766749939345726 2.9592426515075387 2.374839630526267 -24.592357790531167
6.062648134742327 2.955778570272012 2.3774155095835185 -24.592613323388875
6.048645658568049 2.9551863234502944 2.380193891622149 -24.59094065301224
6.034658661543756 2.9566578832892545 2.383047149690593 -24.588057901401925
6.0206793207117695 2.9606481772052393 2.3858217046960672 -24.583406636158664
6.006701251675469 2.9646450423059623 2.3884625376045654 -24.57935769856406
5.992719580037372 2.965065606114768 2.390924061169872 -24.579388409947896
5.978730124551742 2.964997768066549 2.3930109692305117 -24.5802203977632
5.964730932023493 2.964056745287301 2.39465839397069 -24.58204267507849
5.950721289667274 2.9610076428074903 2.3958488395132225 -24.58589708068223
5.936701418141655 2.958700289152778 2.3965490079233236 -24.58867844703027
5.922674600393914 2.956786695305446 2.396776614426191 -24.590548101506656
5.908646112072014 2.9543110949067026 2.3965426476305685 -24.59233851439896
5.894622328288184 2.9509655675923923 2.3958592439475836 -24.594263479414685
5.8806102843698 2.9467094545772206 2.394745429408865 -24.596307028936813
5.866617383524027 2.94148295427167 2.393227420797243 -24.59850744938133
5.852651170770123 2.935330066346441 2.3913424704467476 -24.600834722062963
5.838719054776324 2.9285871054598807 2.389142860481169 -24.603007129252397
5.824828065326286 2.92159382872451 2.3866864191872232 -24.60476773741547
5.810984733719808 2.9147379343639925 2.384040857528347 -24.60583437988545
5.797194506562431 2.9076391925716973 2.381269817187763 -24.60665174683333
5.783461959703628 2.9019790502883245 2.378509765793793 -24.605717090412945
5.769790246144363 2.899875131470142 2.37590841726609 -24.601123319045094
5.756181296021059 2.8992768999948577 2.373480767003346 -24.59487846911344
5.742637345422905 2.896331167290034 2.371201962764852 -24.59067403993511
5.7291612006622765 2.8891942031372944 2.369130563193744 -24.590364198230674
5.715754709305682 2.879883547692447 2.3674256372442204 -24.592244177758147
5.702416115198652 2.871099693953275 2.3662517990712097 -24.593943628235124
5.689140709302553 2.8633995882559815 2.365704722365953 -24.595046282563935
5.675922797993007 2.85707081906379 2.365821573424731 -24.595367306031854
5.662756057369011 2.8517405533636855 2.3665942151316934 -24.59534476921487
5.649633761268339 2.8468172472626203 2.3679880941633242 -24.595629516132774
5.6365484691389245 2.8427946615289788 2.3699259627536673 -24.595838738060245
5.6234914847605255 2.839815496874145 2.3722878804592846 -24.59587619906557
5.610453718594322 2.8399964224090284 2.3748840887101266 -24.59365317535505
5.597426465662699 2.842111219519048 2.3775863520881426 -24.590300610032997
5.584402263567068 2.8466170021617714 2.3802386685258052 -24.585258315422983
5.571375401273671 2.8485352519358367 2.3828367914668918 -24.583388759705365
5.558340742071636 2.8488795669532476 2.3852085606488194 -24.58356726751981
5.5452947652874105 2.8487633870169145 2.387210827711946 -24.584496483548662
5.532236040605259 2.8473667802564258 2.3887841323549224 -24.586820291756467
5.51916405824238 2.8449868087630135 2.3898745594133244 -24.590033240858844
5.506079932747005 2.843197581674042 2.390447851304651 -24.592323301941306
5.492987951552009 2.841400962475332 2.3905055545574516 -24.594130574173242
5.4798938413496945 2.8388939401181927 2.3900472000819284 -24.596045060689356
5.4668042013816285 2.835599190016069 2.3890808456096195 -24.59806121160777
5.45372616391493 2.8314809921734465 2.3876239804514845 -24.60016753378013
5.440667198080929 2.8264582857760043 2.385703635335266 -24.6024309281976
5.427634844886188 2.820710862249431 2.383365070242243 -24.60469447524713
5.414636416069753 2.814421691567592 2.380664646446492 -24.60682615576144
5.401678850352549 2.8080958537108742 2.3776759497236744 -24.60840833717983
5.3887684188589215 2.801948968325278 2.3744751546822194 -24.609316872337303
5.37591023262533 2.79561039541232 2.3711373622869076 -24.60997767749339
5.363108603627316 2.7918781886581545 2.3678552668327364 -24.607810903259704
5.350366156723872 2.7918436997490264 2.364754399391931 -24.601858612015533
5.337684697369903 2.792081234060074 2.361798539865007 -24.595429457356687
5.325066644342579 2.787629561780358 2.358918225902459 -24.593282436895386
5.312515169275393 2.780142381207627 2.356303654319281 -24.59400436436752
5.300030339415901 2.77153923621584 2.354129706502304 -24.59594793763206
5.287609125395504 2.763802288607034 2.3525635462037604 -24.597367688285196
5.27524644284217 2.757053598272013 2.351684655100299 -24.598233565240704
5.262936561022079 2.7516797015472325 2.351520878289029 -24.59825804181623
5.25067302877738 2.7467657959750778 2.3520562357649277 -24.59839094348365
5.23844911751194 2.7422907468208124 2.353249130756168 -24.59873861001151
5.226257008058007 2.738592335173338 2.355016763947148 -24.599055676279797
5.214087938605645 2.737039623388442 2.3572061092506384 -24.59803520212369
5.2019330764731855 2.737964251557449 2.3596551109517185 -24.59531950135392
5.189784511707538 2.741067666228017 2.3622116824051864 -24.59113460751
5.177635711190605 2.745387941366614 2.3647600996395397 -24.586343649238614
5.165481625166542 2.7456290395274277 2.367285372513132 -24.586167884000858
5.153317011474955 2.745621695900377 2.3695397131550835 -24.586658556340126
5.141139234247549 2.745211191004378 2.3714074281705058 -24.587812321757298
5.128947252820863 2.7430691746576037 2.3728372305436487 -24.590804113937054
5.116740643157108 2.7410477045760633 2.3737463004809483 -24.59357031680399
5.104521539939408 2.739436742842322 2.3741077430326274 -24.59562000994587
5.092294753222811 2.7376521905342446 2.3739119738304617 -24.597409924457565
5.080066216199577 2.7350888018878763 2.3731548206528563 -24.599450021962774
5.067842511330418 2.731820126834866 2.371847748466935 -24.601597400931055
5.05563065931356 2.727831331653889 2.3700143265871185 -24.60382850180885
5.043437921560589 2.723072101105021 2.367690128260526 -24.60618404764547
5.0312715526434575 2.717844815733434 2.364934123838348 -24.60838622675498
5.019138555112763 2.7122776072387103 2.36180831911468 -24.610353087196167
5.007045541850395 2.7068838663543793 2.358397475595384 -24.61164864092001
4.99499823603371 2.7014892436482296 2.3547775509354296 -24.61250489516346
4.983001424804415 2.696713152383158 2.351066162241168 -24.612385534839838
4.971058935057532 2.695191850138574 2.347460107786929 -24.608832207260782
4.959173190286829 2.696429268626947 2.344024338764801 -24.602383640676223
4.947346240847609 2.696494873678855 2.340696766461342 -24.596843047377256
4.935580566180956 2.6920753358412473 2.3374565723682577 -24.595451957694145
4.923878399636221 2.684877515483319 2.3345006399479615 -24.596729126726785
4.912238893209171 2.677464482017778 2.3320352458674174 -24.598381570200743
4.900658195414513 2.670841195055797 2.3301957714359443 -24.599550035697973
4.889131196659457 2.665120880926108 2.329056585289613 -24.60020332851245
4.877652058049999 2.660308697795244 2.328644930622891 -24.60040727514007
4.866214255757744 2.6558889721090218 2.3289475705086677 -24.600727257898342
4.854810644642193 2.6520205047667056 2.3299224491801858 -24.60108774756337
4.8434331525120395 2.648884470628401 2.331480854933162 -24.601370919495416
4.83207321717937 2.648413972567589 2.333463187553137 -24.599697343341546
4.820722723065013 2.6504088694730057 2.335718124014154 -24.596224979307898
4.809374695640276 2.6543772222757025 2.3380986326568314 -24.591371996235594
4.798023675886609 2.6561956523860757 2.34056516904893 -24.589177235313166
4.786664441147042 2.6562955816195646 2.3429583293057106 -24.58916485477534
4.775292758604194 2.6560804513585663 2.345100737203066 -24.589821525839426
4.763906499784955 2.6552365203437027 2.3468859895863177 -24.591330057015703
4.752504828515386 2.6526678988948347 2.3482478062291534 -24.594645699856493
4.74108774244241 2.6509523047172925 2.3490860177857686 -24.596990978188337
4.72965837476865 2.649391205492679 2.3493685392636814 -24.59890277565316
4.718221859710969 2.6474239934049093 2.3490715375817555 -24.600842579706608
4.706784152647055 2.644861552898829 2.348185246012655 -24.602921618696577
4.695351750218865 2.6417101863919688 2.3467176678890005 -24.60507952960814
4.683931534414056 2.637926703099118 2.3446919218915983 -24.607331875435186
4.672530533492917 2.6335883164790266 2.3421502510224643 -24.60959968856288
4.661155688026213 2.6289038307091546 2.339153992177586 -24.611697675187735
4.649813656650339 2.624201271818221 2.3357793800840683 -24.613345171870847
4.638510486341491 2.6197661758324804 2.3321168735223137 -24.614313614726107
4.627251351128471 2.615143828736924 2.3282410411874657 -24.615089105611993
4.616040673469923 2.6122020443915366 2.324326059632079 -24.613912446537356
4.604881736906828 2.6127579316181704 2.320540318953723 -24.609081484786316
4.593776842755336 2.6148323802320452 2.316888302052523 -24.60255126580053
4.582728229731276 2.614646773246705 2.313308929423082 -24.59800785730168
4.571738078263762 2.6101019301552526 2.3098383146894568 -24.597556215600115
4.560807587836374 2.6033122553850028 2.3066885132566335 -24.599303176800206
4.5499349497578345 2.5970979947378696 2.304080544877343 -24.60066001457257
4.539115832711408 2.5915351284055577 2.302113353851633 -24.601628139069646
4.5283451757815065 2.586688342469622 2.3008530777633482 -24.60220871529002
4.517617157105052 2.582514001873432 2.3003228433560508 -24.602503443476706
4.5069252633275205 2.578701487472583 2.300506961064252 -24.60287223201921
4.4962623396302535 2.575449273639752 2.3013623645958665 -24.603188502517824
4.485620510346097 2.573314958053999 2.302790994868418 -24.60294949134844
4.474991761258341 2.5737357387176356 2.3046405684040145 -24.60074374008274
4.464368920959276 2.576741955668877 2.306757132743887 -24.596500944733954
4.453746096879147 2.580490005859753 2.30902772085402 -24.59198953289367
4.44311849104321 2.5800655612224332 2.311426786604405 -24.592076554209257
4.432480556130685 2.579864097050355 2.31370577542565 -24.592332202856518
4.421829206031876 2.579411446933641 2.3157391960122453 -24.59313332869968
4.411162795008318 2.5780356863479965 2.3174368339329723 -24.595044788397175
4.400480643676892 2.575693792205834 2.3187089211107392 -24.59797578271425
4.389783440418957 2.5739381443956484 2.319458390240207 -24.600209328909763
4.379074870636898 2.572250261551705 2.319642458571357 -24.602140217964845
4.368360053403954 2.5701840091759154 2.3192334318370604 -24.604139208477115
4.357644760233057 2.567612078124794 2.318220888841401 -24.60627387580376
4.346935234000655 2.5645832272321165 2.3166156751355427 -24.608454797383267
4.336237990123398 2.5609963329812695 2.3144445504449114 -24.61076182780969
4.325559616147998 2.557150220957671 2.3117621014604954 -24.61289837176946
4.314906566601374 2.5531468554300973 2.3086312645955536 -24.614782487104428
4.304284865354749 2.54937696429287 2.305140691428511 -24.616058838370357
4.293699940507907 2.5457061638802787 2.301372160299957 -24.61689189630416
4.28315644302837 2.5420459735727685 2.2974173293149938 -24.61739509557664
4.2726583691620315 2.5407247131375206 2.2934684818660855 -24.615335820879217
4.262208729423621 2.543109071134432 2.2896714816621264 -24.609429861366287
4.2518097084898505 2.545886032532284 2.2859741121830215 -24.60292510520076
4.2414635236341285 2.545085805238144 2.2823059231541016 -24.59971840439548
4.231172078438246 2.5407559808929125 2.278801013468113 -24.599855212104103
4.220935396204707 2.5349181583286495 2.275660994882388 -24.601497035374734
4.210750985344903 2.529790631287519 2.2730783389854823 -24.60259080076999
4.200614535183886 2.5251920799832597 2.271131767049952 -24.603378748197073
4.190521069051308 2.5210696223997524 2.2698764772208704 -24.6039689856415
4.18046482157467 2.5175138269358763 2.2693330746941935 -24.60432431448669
4.170439297607221 2.5143261117134412 2.2694826369711993 -24.604688150529086
4.160437444052843 2.5117369851439855 2.2702783022357202 -24.60488619788952
4.150451759515037 2.5110371957903 2.271610655429999 -24.60367616236524
4.140475123140079 2.5126308760915412 2.2733406069780253 -24.600645329390183
4.130501353362404 2.5163408008937607 2.275317110928556 -24.595930325277678
4.120525599746128 2.5180873632907472 2.277487058838281 -24.59355015604112
4.11054287532725 2.517612900738183 2.2797259200672095 -24.593757541126443
4.100548598357293 2.517225629208528 2.2818451661218857 -24.594206554720984
4.0905401321990755 2.5165972587797176 2.283726859989226 -24.595141084288954
4.080516227492833 2.5146673099818977 2.285292162895618 -24.59752553373618
4.070476356212719 2.5126407791413414 2.2864298188101313 -24.60002503155218
4.060422030342974 2.5106969054389876 2.2870507235414883 -24.60233077817793
4.05035727235166 2.5087137423840256 2.2871035416590293 -24.604477591512413
4.040287170714326 2.5064968962304937 2.2865602746955496 -24.606603402773302
4.030217355365707 2.503863859339896 2.285412581183194 -24.608847021651506
4.020153817577001 2.5008462220129877 2.2836754559246755 -24.61114742054623
4.0101027144968295 2.497559066486907 2.2813867452144225 -24.61337585349054
4.0000701686015825 2.494173779205304 2.278604909027703 -24.61536246795451
3.9900620465309955 2.4909068387344844 2.2754051547388077 -24.61690444186084
3.9800838162922365 2.487921946261846 2.271873771271545 -24.617858773990243
3.9701403334427527 2.4848207790747416 2.268084900373585 -24.618633978121707
3.9602358375606888 2.481927892455326 2.264143638725013 -24.61892730873398
3.9503739781111262 2.4822997918590906 2.260265549200289 -24.61577428631145
3.940557566447571 2.485980730919274 2.2565367816134927 -24.60916697192752
3.9307887811467297 2.488806269846722 2.2528684832112105 -24.603199103857015
3.9210696044965982 2.487737822435204 2.2492378232812307 -24.600886651358053
3.9114012316462055 2.4836317291454733 2.245813737181544 -24.60148321894613
3.9017828055763015 2.4787391063656656 2.242796985055523 -24.602899192752353
3.8922112951240857 2.4744876230910786 2.2403358124159336 -24.603817271400047
3.882682434014329 2.4705957309169913 2.238493696237208 -24.604569893927177
3.8731912504836963 2.467092701474609 2.237318733351224 -24.60518007697931
3.8637319455682957 2.4640736596232338 2.2368280819083486 -24.60559934832405
3.8542980630637333 2.4614915277147307 2.2370032804466304 -24.60591728796502
3.8448826507166833 2.4596955914344414 2.237788488718406 -24.605824198776972
3.8354786663858356 2.4602964094903346 2.23906753066046 -24.603740752851053
3.8260799429149075 2.4629263283858385 2.240705636455928 -24.60000631757945
3.816681250518259 2.4663762911561284 2.242585229174971 -24.595790588931834
3.8072781981562223 2.4659494427719135 2.244677657138118 -24.595762731261303
3.7978652906426706 2.4655740397837373 2.246782001691142 -24.596001163501484
3.78843915254099 2.4652046708267923 2.2487705823996262 -24.59650835395516
3.778997589727215 2.4645546225900636 2.2505354375253015 -24.59749488779385
3.769539704867847 2.462542821999212 2.251998182390995 -24.59995090065719
3.7600652965738575 2.460784806884242 2.2530384000607575 -24.602139697216124
3.7505766604310877 2.458883080889397 2.2535706050114173 -24.604363036548712
3.7410779582590403 2.4567400411055833 2.2535455339757573 -24.60665603296126
3.7315741386553527 2.4543906889303764 2.252935481772049 -24.608937618616203
3.722070701541185 2.4517889827975337 2.2517341617099262 -24.611220803432808
3.712573446136238 2.448896700226505 2.2499575137608496 -24.613522511646067
3.703088243959126 2.445952100385252 2.2476500617943462 -24.61559495252248
3.693620884332314 2.44295976734193 2.244867757429614 -24.617434556827156
3.6841768734556366 2.44025677334782 2.2416909882581444 -24.61871566962452
3.674761304729289 2.437747783525277 2.2381974296913527 -24.619545169607782
3.6653786513027335 2.435202731073501 2.234467107031729 -24.620158969380505
3.656032825633917 2.4335024015666886 2.23062419044059 -24.619700647997576
3.646727194993363 2.435279473452536 2.226861513436527 -24.615606613113677
3.637464467101484 2.439646403012946 2.22322549252293 -24.60877823229834
3.6282466908600903 2.4422610180980073 2.2196261575338916 -24.603499812822555
3.619075383820163 2.4410928526051725 2.21609418316809 -24.601815029453753
3.6099509051256913 2.437540366507473 2.212806802709388 -24.60244120557691
3.600871685399366 2.4335554040352854 2.2099458138883556 -24.60355005319034
3.5918344519386425 2.429914781366149 2.2076240093297113 -24.60444171933308
3.582834997866606 2.4266110111308166 2.2059034817819154 -24.605175590731143
3.5738682552248955 2.4236742511167226 2.2048238194179217 -24.60576755603384
3.564928411152179 2.421175606851638 2.204398507615376 -24.606186420176265
3.5560090968013425 2.4193073005081467 2.204607782400887 -24.60627624348102
3.54710362240259 2.4186868524867746 2.205386475255151 -24.60544461078684
3.538205624998834 2.4201833386718765 2.206620013772379 -24.602826545077825
3.529309682120415 2.42323776192655 2.2081839161192254 -24.598955664592907
3.5204112474060074 2.4256390608846674 2.2099903545191197 -24.596017159067564
3.511505790460391 2.4252153456323082 2.2119712190371694 -24.59618049075852
3.502588345952993 2.4249238724255866 2.2139536284843 -24.59648306309579
3.493655972726887 2.4245577211528824 2.215822020609739 -24.59708956640801
3.4847068356638826 2.4234193477109964 2.2174806835336933 -24.598624767996085
3.475740141689408 2.4216257596876254 2.218829470721285 -24.6008770803291
3.4667565079745866 2.419716490583015 2.2197563018706883 -24.60320573902564
3.4577588537256783 2.417612518262218 2.2201824226946147 -24.605618663444133
3.448751392134668 2.4152435057669037 2.220064705416432 -24.60813652078773
3.439739036084133 2.4127708429923285 2.219379397037827 -24.610560426423568
3.430727214819164 2.410146414778185 2.2181236981270973 -24.612913985981706
3.4217215937169265 2.4074049030506286 2.2163178565602766 -24.61514871176376
3.4127278661262346 2.4046390521456558 2.2140044733437443 -24.617167622453373
3.4037515581020217 2.4020343993486497 2.2112455907968105 -24.61878938247029
3.3947978817127518 2.399749903343118 2.2081172467151386 -24.619864224474185
3.385871562453206 2.397515642648818 2.204692112926112 -24.62066709282376
3.376976727247086 2.395447497002401 2.2010613179873317 -24.62108868450592
3.368116983613866 2.3951287665000263 2.1973717692871872 -24.61957544268047
3.3592954871758147 2.39838329809968 2.1937803824630957 -24.614352494244166
3.350514781519713 2.403035916963114 2.190281959845137 -24.607588900384762
3.341776606765177 2.4047662500782403 2.1868029237779916 -24.60356072810039
3.333081843344781 2.403187732436013 2.1834519958859806 -24.60270575293776
3.324429903586934 2.4001373818107417 2.180405917743526 -24.603302631974486
3.3158185180668824 2.396764371053743 2.1778075860049997 -24.604285291476444
3.30724420772452 2.393680655800686 2.1757493282296143 -24.605105267136103
3.298702588855019 2.3908990456019152 2.1742818806805335 -24.605795839536654
3.2901884537078137 2.3885182008244845 2.1734340816135305 -24.606300713944655
3.2816959412826607 2.3866901575283364 2.1732103150771156 -24.606504255636686
3.2732187427163546 2.3855981201143988 2.173575000983518 -24.606246663697533
3.2647505228895386 2.3863806426313627 2.1744419950849605 -24.60440415789278
3.2562857912310146 2.3886579930750864 2.1756987339030887 -24.60134223910304
3.247819755478738 2.3912485359283613 2.1772426686078608 -24.598225461608536
3.239347990074876 2.3917629042160495 2.179006838855662 -24.597436544962612
3.230865545920509 2.3916024422626747 2.1808637086029927 -24.597578487977053
3.222368709464594 2.3914845416193224 2.1826917116131 -24.59791169181127
3.213855020936287 2.391166459261077 2.1843868723674675 -24.59862870111609
3.2053231531523374 2.3900006217094205 2.1858642354286544 -24.600302387954947
3.196772756938989 2.3884560454265022 2.1870215386590033 -24.602371410044164
3.1882052609733904 2.3866170483808964 2.187755583195283 -24.604679500490377
3.179623927770505 2.3844700476361296 2.1880056623766095 -24.607185917763147
3.1710329383238 2.382015955687327 2.1877391546201785 -24.60984330816784
3.1624371255310795 2.379494642673937 2.1869414103504115 -24.612376880273168
3.1538418271449595 2.3769476192310885 2.185616356942981 -24.614723954303663
3.1452526093011963 2.374401413437604 2.183787282252816 -24.616848396333594
3.13667502170148 2.3718447892263583 2.1814932445940096 -24.61876067661757
3.1281143910835425 2.36953790199345 2.178795990268536 -24.620207109298853
3.119575723364682 2.36756606275298 2.1757665557945733 -24.621112377063987
3.111063487961098 2.365527449762721 2.172469905113387 -24.62188145797709
3.1025815572888042 2.3639800865833 2.1690069516945565 -24.621968130323722
3.094133339867573 2.3649081554642613 2.165530180878396 -24.61942285119308
3.085721899608756 2.3695549962827154 2.1621656582081132 -24.613047566898246
3.0773495827468587 2.374257582575648 2.1588568095772156 -24.60648066826527
3.069017677688011 2.3752033478006833 2.1555727438993633 -24.603509020861935
3.0607262524300625 2.3733961636128966 2.1524740602134766 -24.60320749064489
3.0524738752395173 2.3705197019226127 2.149723432898235 -24.60398920216766
3.0442577355656075 2.3676558885524153 2.14743883034243 -24.604842683980515
3.036074103057155 2.365061530017201 2.1456867450983874 -24.60556101073356
3.0279183822720777 2.362796031394845 2.144507368907106 -24.606127918268648
3.019785227030952 2.3610344162083674 2.143918944908735 -24.60640870645266
3.011668718625456 2.35999086696863 2.143906059748953 -24.60621653783786
3.003562752652181 2.3600773841256086 2.144410009049639 -24.605151898975784
2.995461652493691 2.361587605604964 2.1453335220100085 -24.602920837152197
2.9873604768412316 2.363958320434702 2.146575181838006 -24.600075492218735
2.979254801643734 2.3657566507995687 2.148053693097121 -24.59804022737189
2.9711401221287623 2.365915733262722 2.1496968663682785 -24.597884112751785
2.963011872379117 2.3661115008048292 2.1513861319741667 -24.597921857027465
2.954867062917231 2.3662320013532607 2.153028796247794 -24.59823194183287
2.946703657109566 2.365992647142792 2.1545363930398977 -24.599041220830735
2.938520735700727 2.365175552288831 2.155830389759306 -24.600484257171587
2.9303186114138784 2.3637829721889094 2.1568182654236048 -24.60248333076823
2.922099174172943 2.361734763564054 2.157413803560299 -24.605065227166612
2.9138655821557955 2.3593434606023163 2.1575653161999715 -24.607869217909936
2.905621955755294 2.3567983258399647 2.15724449666313 -24.61066048611368
2.8973731465321912 2.3542232605745195 2.1564367110684945 -24.613285291100382
2.889124478352881 2.3516599033734 2.15514303863466 -24.61568710163567
2.8808814623844508 2.3491399704749583 2.153382763810197 -24.61783080586885
2.872649552298144 2.346717390399619 2.1511923907335637 -24.61966761651808
2.8644339531234273 2.3445601905666376 2.1486273377111824 -24.62104059589916
2.8562394840370002 2.342693302375033 2.1457533266056044 -24.6219372950033
2.8480703880913203 2.3409764443583296 2.142641049496909 -24.62250544115627
2.8399303307132464 2.339893348075264 2.1393844450136394 -24.62227358599663
2.8318225225652167 2.3421509488150756 2.1361548000319104 -24.61858239573632
2.8237499003089708 2.348143453479892 2.1330431144071715 -24.61107274830907
2.8157145460312307 2.3518963562159314 2.1299276127425815 -24.605665680924858
2.807716996440957 2.3521313805181254 2.1268941665144747 -24.60366200766304
2.799756343175452 2.350471525477651 2.124104352562878 -24.60352766580899
2.791830418706491 2.3478159205512914 2.1216859099030425 -24.604430703885498
2.7839359832690693 2.345454409979655 2.1197424792161477 -24.605144303536107
2.7760690485223614 2.3433682343584152 2.1183207337386962 -24.605726750355608
2.768224843113391 2.341709527627327 2.1174504405354146 -24.606065858750767
2.760397955109793 2.340688131117911 2.1171322954638234 -24.605983303701585
2.7525826354353464 2.3403115569114825 2.117328027416135 -24.60548706030307
2.7447731787089737 2.3411747479395544 2.1179615160242524 -24.603989822631192
2.7369645586688915 2.343210860736567 2.118940227069034 -24.601552123240694
2.729152360308794 2.344997499965209 2.1201884016815606 -24.599588141735715
2.7213320047458107 2.3457376326116637 2.1216382697778142 -24.598894845033563
2.713498939963936 2.346267052767852 2.1231974790709134 -24.598631728856006
2.705649702740276 2.346834114316665 2.1247836766924633 -24.59852815689024
2.697781746622808 2.347005233609272 2.126322750044808 -24.598975789564186
2.6898933212146874 2.3471521445634136 2.127732211327897 -24.599529985038963
2.6819842283516278 2.346520392853839 2.1289406091539314 -24.600869859387572
2.674055269587849 2.345213224575592 2.129859652139552 -24.602839123125428
2.6661085643646176 2.3429355958947697 2.130417598700175 -24.60569310988634
2.658147065653203 2.340447139677932 2.130564749263004 -24.60862615368176
2.6501749245152295 2.3378876974360763 2.130271737868014 -24.611456331041687
2.642197034789806 2.3353360946011135 2.129519996576413 -24.614081094264513
2.634218730593425 2.3328206574933104 2.1283062867169695 -24.616463804287022
2.6262454844590972 2.330376607529822 2.1266467187545284 -24.61857173452539
2.6182826600042466 2.328073764239398 2.1245765784336883 -24.620344789111243
2.610335324690806 2.3260469762535982 2.122149495549458 -24.62166220590261
2.6024081020106387 2.3242622719639017 2.1194292495531943 -24.622570895131453
2.594505021555186 2.3228913522046315 2.1164947628063593 -24.622910131037138
2.5866295902442142 2.3227761655648274 2.113448380732045 -24.62185411763859
2.578784942816622 2.326000717969329 2.1104342141361045 -24.617361844093985
2.5709738702259615 2.332340818857772 2.107522236698985 -24.609684521519263
2.5631981650679436 2.3352538545663735 2.1045984467411953 -24.60531080403156
2.5554574904828504 2.3349668806291373 2.101811428265825 -24.604059935304036
2.5477501715226265 2.3331614783034103 2.0993151860560357 -24.604332366792235
2.540073526338593 2.330944299803908 2.097222336888599 -24.6050807815897
2.5324240908850464 2.3290005655658153 2.095605359646922 -24.605668788657923
2.5247977102288597 2.327394196297497 2.0945017035519755 -24.606071067744907
2.51718951579552 2.3262992530617357 2.093928617450313 -24.60614971864331
2.509594120259907 2.3258785278517604 2.093868534261241 -24.60576542488443
2.502005997095874 2.32608517481411 2.094266817711326 -24.604974331009302
2.49441980754479 2.327561307318707 2.0950431343865143 -24.603135995196247
2.4868310243864484 2.329158463149211 2.0961244245873747 -24.601392296641613
2.479235003405498 2.330291444389708 2.0974418407154602 -24.600327305352828
2.471627222850367 2.3311843561977597 2.098922011577008 -24.599712951537
2.4640038277898366 2.3320966284871307 2.1004878995615095 -24.59927612165248
2.4563617962416187 2.3328270278963466 2.1020721175071575 -24.59918794841989
2.448698826385797 2.333154536213359 2.1036041439912663 -24.59961950350194
2.441013586185133 2.333489415951338 2.105008539103648 -24.600085094085777
2.4333063863959157 2.33292220816259 2.1062158277198195 -24.601438621262524
2.425578198429031 2.331617581627289 2.107142984600524 -24.603471909109295
2.417831190974175 2.3293853562219278 2.107722719233677 -24.606339608478116
2.4100683211183034 2.3269389857275278 2.107906260693194 -24.609287657640415
2.402293747389409 2.324463068512475 2.1076638624994812 -24.612094880545456
2.394512370147066 2.322017117162467 2.106977139124472 -24.61468138362551
2.3867294905099117 2.3196287442985697 2.1058430489129103 -24.61701388460441
2.37895051362143 2.3173229206654753 2.1042778427419493 -24.619071724135424
2.3711807021192475 2.315180592727675 2.1023176344848125 -24.620784578981095
2.3634250057345296 2.3133320014043854 2.1000161581518357 -24.622036454337596
2.355687924418845 2.311756400420015 2.0974375116530437 -24.62286050975022
2.3479733790984616 2.31068823934416 2.094660879735768 -24.62303334569026
2.340284796874992 2.3112526665056663 2.09179217641238 -24.62145133983072
2.3326253173805047 2.3153098727163814 2.0889634064825753 -24.616295457767436
2.324997742894688 2.321199051763248 2.0862022698801197 -24.609237057627766
2.317403464275821 2.3234261967449714 2.0834535390336004 -24.60573675902323
2.3098414024952922 2.3230632719316358 2.0808839829663466 -24.604783391372195
2.302309412326995 2.3213886472788112 2.0786298315699097 -24.60516662884863
2.294804477622975 2.3195755033803325 2.076790289868916 -24.605766163225617
2.2873230158359514 2.318024406399116 2.075421636439826 -24.606222579018436
2.2798607857100515 2.316874885042624 2.0745546887241106 -24.60643298748481
2.2724129220007065 2.316302237681313 2.074193174257928 -24.60625139636428
2.2649742143725713 2.3163440983387664 2.0743069712126863 -24.605657633106617
2.257539393024413 2.3169647796683464 2.0748379080036794 -24.60469347259547
2.2501034147115653 2.3182654708280848 2.075714799835691 -24.603257850634265
2.2426617116637733 2.319592513374905 2.0768696345239324 -24.602001648465738
2.2352097653288623 2.3207483931935187 2.0782366072913643 -24.601119513065278
2.2277434062007546 2.3219351835513113 2.079746179450451 -24.600402159823524
2.220259152627445 2.3231446538650453 2.081331077217683 -24.599837607530894
2.2127542329745937 2.3239660469259458 2.0829321283770996 -24.599802389355723
2.205226469249929 2.324463198100462 2.084480404053172 -24.600175874874587
2.1976749244571923 2.3249823810603543 2.085905647308806 -24.60053924988511
2.1901002732917894 2.3245328234226643 2.0871426787751792 -24.601844494658764
2.1825034999515363 2.3232961426039704 2.0881125350310095 -24.603873725806906
2.1748867047073004 2.3212357261697494 2.088749176907058 -24.606631283240723
2.167252824344739 2.318868702602319 2.0890037173671523 -24.609565797007612
2.1596058880210474 2.3165030032140423 2.0888453307040407 -24.612337689141974
2.151950720828745 2.3141830335888676 2.088256272765841 -24.614883400641133
2.144292525433492 2.311936782573057 2.087233667293374 -24.617169862833784
2.136636598112626 2.309778751420377 2.085793350913669 -24.61918697413892
2.1289880824483522 2.3077937098028416 2.0839711099701606 -24.620860140720787
2.121351816052317 2.306109987244484 2.08181961391838 -24.62207452246748
2.1137322104004 2.304740273969132 2.079402448739877 -24.62282916115263
2.1061331328149913 2.303907897143713 2.076796013339034 -24.622911047982768
2.0985579802801713 2.304799705763515 2.0741019979973134 -24.621157473282715
2.091009933957031 2.3092452483565657 2.071445369076528 -24.615778987029223
2.0834919367666456 2.3146322568613766 2.0688310487490154 -24.609389543256754
2.0760050146674534 2.3167663264367824 2.066259265395514 -24.60617033827431
2.0685476405087977 2.316450660500572 2.0638817458061602 -24.605375811690422
2.0611172894219276 2.3150821028381148 2.0618297646826615 -24.605674103583652
2.0537107870321054 2.3136145502648597 2.060188522994533 -24.60615825690183
2.046324463909025 2.3124306682321563 2.0590069998305465 -24.606483567427993
2.0389540670665482 2.311711627247398 2.058310131203354 -24.606503067644397
2.031594813499746 2.3116129188219814 2.0580910563262176 -24.60608480502028
2.024241702267789 2.3120272795963213 2.058312787643999 -24.605349745207064
2.0168896402009633 2.312887696101804 2.0589206870674785 -24.60436885063349
2.0095337298782874 2.314000950811885 2.0598521322947767 -24.603335200891266
2.0021693091543646 2.3153236152187056 2.0610400532545117 -24.602289709338066
1.9947921484185973 2.316783264009385 2.0624219853819987 -24.601298340222158
1.9873984633516688 2.318275883685146 2.0639366977787152 -24.600452974560717
1.9799849612775835 2.3196809271248235 2.0655240922297784 -24.599849137167837
1.972549004481301 2.320622935691891 2.067127953408526 -24.59982334951996
1.9650886016258502 2.321377350952482 2.068681263899587 -24.600040341571066
1.957603221906735 2.321995060728972 2.0701223869328937 -24.600389215484455
1.950093566782832 2.3216344345739977 2.0713895874729427 -24.601680350744793
1.9425605618740096 2.3204720492813395 2.072406057612455 -24.6037051165928
1.9350062194775537 2.31858128107788 2.073105219514596 -24.606361247349895
1.9274334430558495 2.316276935338058 2.0734368331866606 -24.609306436217274
1.9198460786341431 2.3140043974838527 2.073367451584858 -24.61206839133586
1.9122488644486122 2.3117943953653417 2.0728792247341716 -24.614598201418396
1.9046468961092455 2.309676566790463 2.071968871526909 -24.616861486265968
1.8970453596543355 2.3076536349103933 2.0706514511140357 -24.618859779986863
1.889449281236279 2.305811711335556 2.0689621842093193 -24.620516451193488
1.8818633948494008 2.3043592063517626 2.066954031983772 -24.621635840639904
1.8742920871316142 2.3032182198184223 2.0646874642480313 -24.622306106979643
1.86673917249709 2.302588166781083 2.0622355987751635 -24.622339041155733
1.8592079998443454 2.303657065024041 2.0596954238181144 -24.62057148550769
1.8517017931857007 2.3083528415151062 2.057188312286172 -24.615114816955803
1.8442237389815515 2.313242384594581 2.054704862088763 -24.60939704500843
1.8367744205463892 2.3151985554762966 2.052287951852673 -24.606546842925248
1.8293519065339865 2.3151119401134084 2.0500834710376536 -24.605731625389218
1.8219534598810798 2.3140923316627995 2.048202097208551 -24.605899457538207
1.8145757923568986 2.3129849168670407 2.046719796153801 -24.606251158084817
1.8072151765490214 2.312238236612658 2.0456807321497283 -24.60637578099295
1.7998674084544017 2.3119800174892013 2.0450992165208737 -24.60617426195494
1.7925278518851797 2.3122815245172776 2.044961333741839 -24.605596123078087
1.785191661195966 2.313052849102241 2.0452312560357195 -24.604740741934236
1.7778539291289506 2.3141615746652895 2.0458585506650278 -24.603742103862352
1.7705098846015088 2.3155275421877612 2.0467847093207894 -24.602678798011453
1.763155064279072 2.3171231296168235 2.047949396414922 -24.601573118953475
1.7557854430230468 2.3188781366957745 2.0492953875450297 -24.600485469956972
1.748397446440157 2.3206270044229447 2.0507666161093847 -24.599563352984852
1.740987964011344 2.322096744982392 2.0523101276573334 -24.599050452723255
1.7335544281510173 2.323129436565855 2.053869167465589 -24.59906024972568
1.726095169615144 2.324105849101193 2.0553784673577438 -24.599152161017365
1.7186100965570787 2.3247620387975814 2.0567833353841927 -24.599548403379735
1.7110998095465857 2.3244409832655744 2.0580239929564828 -24.600879759021844
1.7035651541130876 2.3233682988032927 2.05902544982092 -24.602891890185205
1.6960081014806525 2.3216482096590663 2.0597220145161006 -24.60545596721567
1.6884314930921358 2.3194610409875103 2.0600645074175628 -24.60836980277311
1.6808389766635006 2.31726333198244 2.06001972498954 -24.611154505818874
1.6732351045452203 2.3151499210063906 2.0595714510744316 -24.61369800864
1.6656248206588147 2.3131475896468006 2.0587179100156248 -24.615967413896286
1.6580131625746402 2.3112453365640673 2.057474261643516 -24.61797640761374
1.6504050098690743 2.309529833080055 2.055875070799989 -24.6196460881252
1.6428049811233842 2.3083690116033444 2.0539736195934712 -24.620620069705893
1.6352175215506008 2.3074526402423827 2.051823889753136 -24.62121653569578
1.627646361485019 2.3070025612678715 2.0494949711657737 -24.62122804718622
1.620094795745011 2.308180049244408 2.0470779696549255 -24.61951892149586
1.6125661087715792 2.313083404125937 2.0446899529994176 -24.614030242310655
1.605063870079017 2.3172683909689082 2.042308279469941 -24.609193385415466
1.597587937969307 2.3191139098086397 2.0400226238461876 -24.60664813186348
1.5901361606711273 2.3192754726808147 2.0379639579931577 -24.605792610836893
1.5827056357248788 2.318526443348019 2.03622306602427 -24.605906188445438
1.5752929054377343 2.3178029295950884 2.0348683243257435 -24.60609945236066
1.5678942774866016 2.3174800111878406 2.0339359530347636 -24.606034364927694
1.5605056261799866 2.317641518551193 2.033430593621881 -24.605652749525092
1.553122449716091 2.318313277041902 2.0333364427153264 -24.6049454149858
1.54574004628546 2.3194012744896475 2.033617085166573 -24.604011993319567
1.5383536758227072 2.320774456949875 2.0342245512621906 -24.602983453405578
1.530958721368703 2.3224012433533923 2.035103723803399 -24.601887284877392
1.5235509278129298 2.3242888313308723 2.0361988598722442 -24.60070773016463
1.5161265177393746 2.3263429242871942 2.037455181252852 -24.599524998172825
1.508682160739246 2.328264591778952 2.0388239536517045 -24.598615189280892
1.5012148476151006 2.329795560293651 2.0402571075440674 -24.598202199195022
1.493722164342752 2.3310480920138894 2.041697605303294 -24.598125434347146
1.4862029168817343 2.3322033723099795 2.0430871563210444 -24.598152632015037
1.4786571716196728 2.332951854093318 2.044377452201005 -24.598562415106294
1.4710854456929365 2.332718972147227 2.0455129001454933 -24.59990714210428
1.4634884489307456 2.331793854762296 2.0464204750025776 -24.60187186484763
1.4558681022943711 2.3302681879844607 2.0470358200327587 -24.604344560142316
1.4482271295963849 2.3283442774291063 2.0473101509826037 -24.607104932158393
1.4405690755078577 2.326240447452268 2.0472118938867188 -24.609917823951747
1.4328981513676506 2.324248557564282 2.046725567612173 -24.61247697490166
1.4252191393518177 2.322380244169235 2.0458517137215466 -24.61476236162745
1.4175369118557684 2.320625428202474 2.044605940048488 -24.616784390299188
1.4098562042814842 2.319165884830825 2.043022246909471 -24.618366973437084
1.4021816190280436 2.3183128208016925 2.0411502118929596 -24.61920810888985
1.394517637443649 2.3176503893644274 2.0390391398437875 -24.619732128557345
1.3868678955942877 2.3173813039802447 2.0367535769098013 -24.619752776706832
1.3792356198377969 2.318672751694325 2.0343792041974385 -24.618128807303506
1.3716242251190218 2.3236206737071923 2.032023209197899 -24.61280125559535
1.3640377465611078 2.327006846585247 2.029660564116159 -24.60897061038984
1.3564750774850607 2.328704743764228 2.0274186149629685 -24.606796949917758
1.3489340418360711 2.3292764224205063 2.025414883963083 -24.605768143232623
1.3414118309894856 2.3288611773738688 2.023719185143131 -24.605789873935706
1.333904723107092 2.328564027534048 2.0223935007747404 -24.60580468371299
1.3264091280040224 2.328662744508268 2.021463648290046 -24.605568742727534
1.3189210747137314 2.329237593807145 2.020929500144535 -24.605024294349036
1.3114362809877098 2.3302708502670706 2.0207723182603257 -24.604202907550665
1.3039502457207077 2.3316373537787825 2.020955851348154 -24.60323375712138
1.296458388128943 2.3332805646769716 2.0214328884673707 -24.60217191820184
1.288956331602713 2.3351752331148248 2.0221516455946102 -24.601036263149396
1.2814400659876863 2.3373418899359604 2.023059033310611 -24.59979503424949
1.2739060851290174 2.339638063812885 2.024102799761316 -24.598573875594994
1.2663512586375152 2.341684037895147 2.0252405967838127 -24.59772627086837
1.2587726318766488 2.343375125742857 2.026427226276999 -24.597319108541264
1.2511680627726416 2.344866550573687 2.0276095261075446 -24.5971490773479
1.2435366723972987 2.3461801199736585 2.0287368878181473 -24.597153966853476
1.235878496272973 2.347079666647551 2.029764576754189 -24.597543552095928
1.2281940085872636 2.347029341271865 2.0306418023533257 -24.598834692004914
1.2204837747021209 2.3463379699874722 2.0312987292555054 -24.60069650560397
1.2127496180580843 2.34507472942385 2.031673583570723 -24.60304376199978
1.2049940728155235 2.3434884673179175 2.0317185536826767 -24.605613225093236
1.1972205665359816 2.3417193119093564 2.0314037794930173 -24.608252103744007
1.1894330855761133 2.3399253290304363 2.0307160603393912 -24.61079192666871
1.1816360365905885 2.3382506721963314 2.0296579937073322 -24.61308143027408
1.1738340617082847 2.336807647952929 2.0282475324548632 -24.615005434339828
1.1660318289230276 2.3357693358718965 2.0265175270708586 -24.616392829621546
1.158233934482819 2.335313141056879 2.024512154327887 -24.61707384945384
1.1504448266458676 2.3349874360121228 2.0222767681622513 -24.617509881063242
1.1426679921857292 2.3350178253436833 2.0198717080813933 -24.617492519226964
1.1349065972022132 2.336317599314141 2.0173722171513266 -24.616131928493346
1.127164031852345 2.3409807114465413 2.014874578934809 -24.61136730552775
1.1194448325250541 2.3436886804677823 2.012367121331545 -24.608500320717013
1.1117469378347367 2.345306508428207 2.0099940469097866 -24.606706764374366
1.1040683592202867 2.346423547577393 2.007859132542083 -24.605442743091167
1.0964067057460583 2.346552549864139 2.0060138726508314 -24.6052324097059
1.0887580241682653 2.346746477115763 2.0045118053064606 -24.605067626615096
1.0811187987769801 2.3473158728134615 2.0033710166994507 -24.604668609824465
1.0734853234169082 2.3483381906223335 2.002585040228894 -24.603977569703346
1.0658536591565255 2.3497177490320484 2.0021310937185275 -24.603101599165058
1.058219559187345 2.3513891557563236 2.0019733060967986 -24.602109936843576
1.0505787547019714 2.353318783413038 2.0020664651522346 -24.60103320716224
1.042927203103142 2.3555400144565026 2.002360671329336 -24.59982998157966
1.0352613032202833 2.357999140081978 2.0028042616913293 -24.598540280911685
1.0275778575522911 2.360455910500959 2.0033499778541937 -24.59738434651579
1.019873849407269 2.362501069894729 2.0039614584618746 -24.596743382215323
1.0121463330618408 2.3643760231573467 2.004591565402576 -24.596335774416943
1.004393796135777 2.3660775133060596 2.005191902858191 -24.596121816702123
0.9966156238138931 2.3675524402337214 2.005718542593698 -24.596123687923743
