7.849910887121811 3.0965362491448585 1.0479474193179927 -61.961420426561695
7.802771255273241 3.0983147692581126 1.0439966249862387 -61.95978772994858
7.755619337171623 3.098725390963411 1.0405395389236876 -61.959359485381576
7.708457440137055 3.0985447526169887 1.0376516291800422 -61.95937466190824
7.661285094694317 3.0983946159063196 1.0353581614612286 -61.959248433065675
7.614101457027427 3.098579339963878 1.033628364088697 -61.95872965137594
7.566907138976321 3.09886899903986 1.0323867126865354 -61.958109057646446
7.519704516868645 3.098491748270405 1.0315058444750735 -61.95822104673165
7.472496995642756 3.0975606881777717 1.030845933036558 -61.959031525589566
7.425288715629125 3.0969890839764944 1.0303049110639206 -61.959739576109165
7.378082288322675 3.097873885981326 1.0297810882976117 -61.959364240550585
7.330877509021775 3.1002297051798595 1.0291626877758844 -61.957984490148824
7.283675882733921 3.1029917065832278 1.0283519359445523 -61.95675293960592
7.236484269811053 3.106027459512083 1.0272473923621102 -61.955862465824374
7.18931309726511 3.1089699196215426 1.0257435251020433 -61.955728159069565
7.142174147636574 3.112263173594763 1.023758753486831 -61.955907984633214
7.095077486498156 3.116531443649364 1.0212499655331435 -61.95574890296092
7.048032283503767 3.1219478561713405 1.018193337827573 -61.95505260976339
7.001048607070604 3.1279384722539816 1.0145690910723122 -61.95438761717562
6.954137150482914 3.134202579071731 1.0103827373659207 -61.95402248311359
6.907307484998045 3.14094983033576 1.0057138924581872 -61.953672661873334
6.86056737837088 -3.134437544224246 1.0007296882175298 -61.95267131130739
6.813924073881188 -3.126190064863988 0.9955868797562231 -61.95159797383115
6.767386529393912 -3.1173101591250747 0.9904994905589645 -61.95018495151204
6.720962383702268 -3.108502165884482 0.9856660783025949 -61.949147642744165
6.674659846810486 -3.0995763872687476 0.9812952224394662 -61.9482210463961
6.628484080430218 -3.091979069539157 0.9774937631021711 -61.94890071449728
6.582440766738422 -3.0851671286604856 0.9744755475591941 -61.95049830007501
6.53652920043923 -3.0782253529214585 0.9724931112961662 -61.951910139998446
6.490742871783097 -3.0710856066807235 0.9717252959508256 -61.95296323502664
6.4450734893561 -3.064074551526872 0.9722780695927612 -61.95392351516987
6.399513266606068 -3.057225203280315 0.9741800402069802 -61.95476258212126
6.3540561543039 -3.0503613959492397 0.9773863939268933 -61.95525176152414
6.308698031977374 -3.043709246654564 0.9818262361378728 -61.95561181536788
6.263437366772579 -3.036953896420853 0.9873595170021607 -61.9554957954245
6.218273986032058 -3.0297610865247986 0.9937913827022762 -61.95455248542236
6.173208511985875 -3.0223681016466584 1.000934415329655 -61.953049435685
6.128243183393283 -3.0125687707969533 1.0083439493422675 -61.94867713816833
6.083376700302061 -3.002968432935186 1.0159635250921868 -61.944227346572696
6.038612547973567 -2.996220385251599 1.0237302976221554 -61.94250260649113
5.993957762067336 -2.9918345680350473 1.0312913207396424 -61.94302924417913
5.9494179258675635 -2.9870066038838603 1.0381474747042327 -61.94298604265766
5.904989749859571 -2.9818605685617605 1.0441455260290926 -61.94265728494828
5.8606656961807655 -2.9777087398423956 1.0492501517541915 -61.94355072673811
5.816438083892149 -2.9732979612216677 1.053220971665156 -61.94445520877169
5.772297412933997 -2.968480807512099 1.0558961255541848 -61.94527887319446
5.728236429069295 -2.963599596330371 1.0571367421338704 -61.946403091049326
5.684251236688172 -2.9597725638529426 1.0568350984725963 -61.94900218271206
5.640341123329527 -2.9577265383831146 1.054921558746582 -61.95381832737271
5.596507778387277 -2.9521229660794392 1.0515437764856717 -61.95509834890685
5.5527496892592305 -2.944072464994596 1.0469393670357752 -61.95396410576668
5.509067634474134 -2.9349102770766144 1.0414341685647375 -61.95177850655242
5.465464708245807 -2.915209666704943 1.0360212707412972 -61.93835031283335
5.421938222721199 -2.9050238252253817 1.0300416682459328 -61.935124311008586
5.378503842428369 -2.8983046462139352 1.0242980948361444 -61.93546417112346
5.3351620867888 -2.892536490295263 1.0193903222677054 -61.93656628286762
5.291909539195401 -2.8867121227981527 1.0157562624214087 -61.93729056537615
5.248741122489978 -2.8811842704960045 1.0136241057420772 -61.937996904247996
5.205654640171503 -2.875871271222397 1.0131011321381087 -61.938620052343175
5.162650647546306 -2.8704206274230866 1.0142184765669153 -61.93883220658134
5.119731678786208 -2.8642728597978113 1.0169159504491883 -61.9381081746995
5.076902348905037 -2.858000425720071 1.0210791756527204 -61.93712881095442
5.0341705440761935 -2.852606761494116 1.0265718154764716 -61.937025431619944
4.991545582655985 -2.8485194617649365 1.0331739933758282 -61.93831378676909
4.949034714622396 -2.8443140333874255 1.0404440514019624 -61.939549138369095
4.90664062617286 -2.8412676872554066 1.0481820340185786 -61.94212807402734
4.864365394263773 -2.837207321735101 1.0559088196467488 -61.94382589638627
4.822207283626843 -2.8321233342758463 1.0633574083349127 -61.94467907197936
4.780165644368251 -2.830525462751366 1.070618428972183 -61.949480146218875
4.738245497777004 -2.83096525206018 1.0772684929035394 -61.956726804028385
4.6964507450310595 -2.8286380473886017 1.0827259342365076 -61.96129436402553
4.654779260032561 -2.822084359721405 1.0868245881985816 -61.96156452320509
4.613226107151183 -2.8140959401649597 1.089721119780344 -61.96042533590963
4.571787792528254 -2.805827731869045 1.09154331275224 -61.9590133236271
4.5304617034559325 -2.79689085764874 1.0924849135415176 -61.95681408699851
4.489245808929074 -2.7894724468668803 1.0928719312389155 -61.956060489201505
4.448139199115074 -2.784208280496965 1.0928765852050917 -61.957303591602425
4.407135908041501 -2.7784680057165985 1.092630070056755 -61.957636641979015
4.366223674702465 -2.7730990740145733 1.0923170750300453 -61.95786463314089
4.325391976873722 -2.767504383825963 1.092134988717687 -61.95725902863438
4.284629784715039 -2.762333265124378 1.0922184405339397 -61.95642762670951
4.243927225040838 -2.758549165558802 1.0926615692876063 -61.95632616369889
4.20327454454126 -2.7565422608093746 1.0935324550763463 -61.957353020502815
4.162661936368643 -2.7550917672216158 1.0948404486060803 -61.95830810150142
4.122079807343128 -2.753370813636111 1.096571468995824 -61.95844331449453
4.081520965116385 -2.751376165031801 1.0987198534595686 -61.957865211618675
4.040982021085544 -2.7455971957495935 1.1011586346023352 -61.9531680956913
4.0004616530292925 -2.738661936976953 1.1039038672058827 -61.94712689384384
3.9599612149513104 -2.7384267792066006 1.1071545124370588 -61.94772501124254
3.9194846449703675 -2.740542048753479 1.1106351419028981 -61.95072964370388
3.8790347550346964 -2.7430201406557977 1.1142356601287764 -61.95432068615568
3.8386134604931543 -2.7437452679786114 1.1178015563436576 -61.956531395420726
3.798223459406169 -2.7442095002093643 1.1212817340017833 -61.95897923801356
3.757869431099315 -2.7459245218006028 1.124614594903867 -61.9632711640711
3.717558729062254 -2.7486011054208443 1.1276310444560023 -61.9691701417309
3.677300437508636 -2.7518376633759343 1.1300988754812484 -61.97626607448876
3.6371036542034583 -2.7558159704198184 1.1317808074018474 -61.98472344252188
3.596976645156741 -2.758079404530597 1.132423203365826 -61.991939605693425
3.5569259319724424 -2.7530453429007262 1.1319515999079914 -61.99198664307141
3.516952851108642 -2.746676638347699 1.1304796409962639 -61.990982725291445
3.4770610904057695 -2.7364353813625546 1.1282627891180748 -61.98612349897639
3.4372500771638435 -2.710494592555521 1.125998465781595 -61.96479806939787
3.3975102620389266 -2.701277092612557 1.123296240240943 -61.961097601295094
3.3578573034867643 -2.6953045657449315 1.1208053802918148 -61.960601325679754
3.318289659258035 -2.691276317080337 1.1188993294004073 -61.9617805776397
3.2788029882371124 -2.687548298690267 1.1178940061015021 -61.962800352349454
3.239391276888669 -2.684191302479809 1.1179534506593094 -61.96368134385764
3.200049016247665 -2.6814191413739272 1.1191436313254222 -61.964628275573524
3.160771488772898 -2.678841483877056 1.1214481396086022 -61.96525440151277
3.1215547607093312 -2.676372010444542 1.1248051433095225 -61.96551017963576
3.0823960639168893 -2.6743326048299183 1.1291288462857254 -61.96577670136526
3.0432937207902095 -2.672741122902243 1.1342886559826224 -61.966130060525444
3.0042463976989415 -2.6692053393748876 1.1399750614814956 -61.96421254873179
2.9652519018900088 -2.663604787750949 1.1459793963642748 -61.95997997140498
2.926308172511926 -2.6570926753485145 1.1521713027284237 -61.954670968995515
2.8874135917924533 -2.6528054230802955 1.1585571345364034 -61.95150911699484
2.8485676433933644 -2.653064590140234 1.1650755812439129 -61.95289593884832
2.809770181445928 -2.653709456380627 1.1712535608617178 -61.95472679287711
2.7710199250703855 -2.6546263943543336 1.1769864576651603 -61.95697084615173
2.7323162781397805 -2.6562574697247876 1.1822282356161853 -61.960137330407456
2.693658903997913 -2.657644340414373 1.1868439785165201 -61.96330734034252
2.6550476132291476 -2.659348192996008 1.190746633676623 -61.96707294073567
2.6164828900744266 -2.660590252801066 1.193781274181234 -61.97065111836587
2.5779649691374233 -2.660457620518705 1.1958401980950966 -61.97309698873776
2.539493799770598 -2.6579860983775006 1.1968953836377996 -61.97339021501126
2.501068988751945 -2.655263414134053 1.19702504973411 -61.97361060860594
2.462690556354394 -2.65219752798447 1.196328463706072 -61.97360223843124
2.4243581767131825 -2.6475647730934715 1.1950171322314174 -61.972042695589124
2.3860708561559507 -2.6359442517388536 1.193446138085142 -61.96331272087302
2.3478260128130244 -2.632101637096099 1.191598729254038 -61.962492102033345
2.309623959952262 -2.6297286920990404 1.189748695894998 -61.963008758573274
2.2714607830352467 -2.6279832073491263 1.1880782600158681 -61.96391277044622
2.2333315535677296 -2.626609821036595 1.1867414840003352 -61.96488630985008
2.1952316802439404 -2.6254383109534984 1.1858635213011457 -61.965728449564224
2.1571567345817786 -2.624376061488826 1.1855193891035134 -61.96634172906407
2.1191027617462423 -2.62341520402341 1.1857310180401432 -61.966736201904546
2.0810664526409526 -2.622699998711497 1.1864713073464896 -61.96709013450969
2.0430450557417643 -2.622324420139134 1.187675458357318 -61.96753863749076
2.005036176090685 -2.6214215315343226 1.1892411840013695 -61.967255932398515
1.9670377584013619 -2.619272159289553 1.1910524742848163 -61.96556852989559
1.9290480583574992 -2.616428150558586 1.193015684703268 -61.96307455519114
1.8910654107419278 -2.615194553875825 1.1950699804378817 -61.962118299834394
1.8530877319143877 -2.6154751795632967 1.1971177847407684 -61.96263781730668
1.8151131238033649 -2.61595301840578 1.1990504055614 -61.963351169806174
1.7771401579235995 -2.616617145124882 1.200814246391074 -61.964277856321516
1.7391678088500648 -2.6174600347138677 1.202389378099976 -61.965437826864246
1.7011956262933765 -2.6183814298307277 1.2037762603207938 -61.96675477701806
1.6632238183966288 -2.619312692246809 1.2049706861695226 -61.96817826495592
1.6252531849103586 -2.6200532852236518 1.205960161499918 -61.96951867617871
1.5872850369281184 -2.620549395738631 1.2067289267044747 -61.97072327589141
1.5493209025909234 -2.6208046641696874 1.2072725656076073 -61.97178974792161
1.511362354929294 -2.620795757205036 1.2075989447038185 -61.9726818901503
1.4734108935952386 -2.6205147829986335 1.2077298087232506 -61.97337328306835
1.4354678673378158 -2.61996210187662 1.2076983080757495 -61.97384083124284
1.3975343964009963 -2.618119968226805 1.2075572995134871 -61.97303250002536
1.359611594108808 -2.6141776857894197 1.2073803197258266 -61.970103993656224
1.321700457798394 -2.612156710573437 1.207192775413906 -61.969072405553106
1.2838000776769254 -2.6118411854393146 1.2070389792091976 -61.96966762328223
1.245908759119031 -2.6116987804929286 1.206998269333927 -61.97028875001765
1.2080247211127626 -2.6116484532761017 1.2071262296626561 -61.970811648966034
1.170145855431159 -2.6117479106446027 1.2074648205169376 -61.9712647473918
1.1322697765989287 -2.6120164789727482 1.2080406581591043 -61.97164998789906
1.0943939263175186 -2.6124556576523768 1.2088676679454768 -61.9719612605337
1.0565156737721186 -2.6130585103847017 1.20994978817877 -61.97219171519558
1.018632410583586 -2.613642110411187 1.2112852666640106 -61.97216487700799
