7.752027131698908 -2.2165601790485248 2.87747478037557 -63.006008167478505
7.734263743710887 -2.2095332354477564 2.8778253038011035 -63.00445539705273
7.7164929863244165 -2.2006177251096504 2.877807994707364 -63.00231286366089
7.698710424557073 -2.1903829936273316 2.877448700825109 -62.99968623688156
7.680912878570514 -2.1797991765446842 2.8767800557952707 -62.99716638679151
7.663098030954042 -2.1711540609883144 2.875829416917859 -62.996808444973695
7.645264126388386 -2.163211956432638 2.874688984508472 -62.996850200967195
7.6274100902297 -2.1564156510297225 2.8734762937931873 -62.99734343959102
7.609535812760629 -2.151202433194882 2.8723204515414387 -62.998316953250374
7.591642543730638 -2.1473111207640216 2.871341951096289 -62.99903019590054
7.573733693874075 -2.145041895650047 2.8706470364000736 -62.99946058654824
7.555813963261066 -2.144788623877003 2.8703011011216564 -62.999751222635666
7.53788864648378 -2.1467204074399158 2.8703450664871037 -62.99990006067416
7.519963577096102 -2.1511475450417605 2.870800388905103 -63.00010893123408
7.502045112185559 -2.1582826070757917 2.871669540950681 -63.00054684943445
7.48413982928619 -2.168118818022124 2.8729393286803324 -63.00124264016761
7.466254262842718 -2.180675714458904 2.8745853067538865 -63.00229979024071
7.448394775993707 -2.1951628065557505 2.8765632924652147 -63.00316027884996
7.430567108197436 -2.2111824692678828 2.878829652188282 -63.00367769340576
7.412776141106775 -2.228825401369083 2.881363387830646 -63.00417712364179
7.395026098318738 -2.2475121807752085 2.8841478888091103 -63.004438735758924
7.377320563005764 -2.263814421832763 2.887113890263697 -63.001888626545075
7.359661953205288 -2.2777211489174447 2.89026818852276 -62.99680624766193
7.342053037384176 -2.291798889508684 2.8936687752214114 -62.99157886403035
7.3244970349891165 -2.3068682657281903 2.897304359656664 -62.987123009516296
7.306996304184015 -2.325025369608665 2.9011892979267 -62.98547577800088
7.289552729146769 -2.3443799061081716 2.9052265995494917 -62.985551978580204
7.272165624774204 -2.3635898719885584 2.9093378579514866 -62.986746321020945
7.254832371271709 -2.3806359297946695 2.913451843833194 -62.987884477683316
7.237548995793199 -2.394721772221814 2.9175394370931893 -62.988704306126166
7.220311161234855 -2.4053056766219743 2.9215661158753203 -62.989081114826234
7.203114088151579 -2.4119605712139953 2.925486704329687 -62.98886031981648
7.185952652425205 -2.4144579562541257 2.929247120107607 -62.98789091218433
7.168821616975795 -2.412570267827372 2.932777744538283 -62.985830144420326
7.151715490498918 -2.406237165015279 2.9360045758472095 -62.982307660057195
7.13462865541795 -2.396551423560697 2.9388949136574087 -62.977944422882
7.117555895282218 -2.385065546558841 2.941441786048608 -62.97371926238296
7.100492583239269 -2.3748758514379285 2.943688065413514 -62.972219603214995
7.083435121613886 -2.3662749467682427 2.945606294689841 -62.97289811947317
7.066380913479915 -2.3586750768535043 2.947205544796869 -62.97414037785698
7.049328634599562 -2.353794910149535 2.948595379455913 -62.97693930257793
7.032277950611592 -2.35184570188299 2.949897608999319 -62.98062563055504
7.015229859742602 -2.3520157716745618 2.9512305493863407 -62.98353841876479
6.9981874841407015 -2.3547856815593806 2.9526666237771164 -62.98556096107261
6.9811552570048985 -2.3611090069104717 2.9542452115180184 -62.98719605928716
6.9641386204145235 -2.3715315546499003 2.9559805344417884 -62.98866377963348
6.9471435963109505 -2.3863829680851394 2.957866978641874 -62.99010255501023
6.930176520895668 -2.4059088731503757 2.959883607265037 -62.991690775544214
6.9132437140099565 -2.429764965107486 2.9619931513034143 -62.9932273478213
6.896351264214627 -2.457376361054952 2.9641516706645903 -62.99445795960153
6.879504755561808 -2.4881771312301066 2.9663249959695723 -62.99525468335535
6.862708832537079 -2.522231527057042 2.968513484685772 -62.996035641054256
6.845967555247753 -2.558402771144931 2.9707200828905242 -62.99633217794723
6.829284309910742 -2.592667454505667 2.97292028129383 -62.99360666732993
6.812661205391865 -2.625093290995218 2.975143559346459 -62.98831104580512
6.796100462060582 -2.6590804024028567 2.9774568786300817 -62.98322990422193
6.779605021293018 -2.697843812474946 2.9799070412098305 -62.981015026142124
6.763178047080006 -2.739665770935944 2.9824857874621893 -62.9810805001684
6.7468202208430235 -2.7826103877062023 2.9851805456096763 -62.98275415876424
6.730529723719541 -2.8235896947098444 2.9879972881606482 -62.98454369492501
6.7143025122672215 -2.8612333391444413 2.9909836913863854 -62.986027333679374
6.698133632285315 -2.8943083285841777 2.994175174512 -62.98670988245948
6.682017441123992 -2.922293469401559 2.99756725873098 -62.98647819416201
6.665948178391544 -2.9456533775489113 3.0011474701775036 -62.98599795428279
6.6499200430228935 -2.9647960939958202 3.004874954447623 -62.985937584441494
6.633926730020393 -2.977578824051155 3.0086097534644414 -62.98483328150753
6.617960600166338 -2.9835538525379635 3.012231770825363 -62.98223126144707
6.602014005071441 -2.9836252801402816 3.015657211310886 -62.9785765765048
6.586080013910541 -2.9792357547883817 3.0188093975595502 -62.97453463932179
6.570153090358471 -2.97531022387042 3.0217122891237818 -62.97423326380745
6.5542290835557315 -2.970509537039367 3.024204097795737 -62.97501496554488
6.538305376653325 -2.9660362547165855 3.0262415844032735 -62.97645759363209
6.522380770368525 -2.9642727285695134 3.0278568736625453 -62.97938123672987
6.506455082021643 -2.9661398569808126 3.0290846840296712 -62.98291365361332
6.490529822286304 -2.971403353723569 3.0299760864476237 -62.98517999682756
6.474608822880515 -2.9817919862676803 3.030571224079504 -62.986864239412235
6.458697329405602 -2.9983837779639693 3.0308876126342046 -62.98832224143623
6.44280145173905 -3.0220957256142236 3.0309260290578592 -62.99001822869619
6.426927967045606 -3.0530236887463014 3.030672629948971 -62.992002348008334
6.4110838226841285 -3.0906866137514637 3.030105333719839 -62.99414871785542
6.395275851562648 -3.13415262842538 3.0291973316849976 -62.99624359994567
6.379510652671878 3.1012634383171087 3.0279257152888226 -62.997890223537645
6.363794341910753 3.050533067192636 3.0262789906415417 -62.998945207498785
6.348132172267623 2.997390946270298 3.0242627973644782 -62.99978775798689
6.332528704487243 2.943554696645158 3.021928143593309 -62.999940160027734
6.316987607426145 2.8937996318903023 3.0194123044635397 -62.99680945630465
6.301510897976439 2.8477554103577973 3.016775923272268 -62.9910553888938
6.286100519630795 2.8015449035949103 3.0140027547989163 -62.98559674540269
6.270759178278851 2.75116855642968 3.0110702403724776 -62.983549261445745
6.255490052890814 2.6984578607664593 3.0081215497682594 -62.984360734011204
6.240293572171705 2.6467818525563076 3.0053540648555415 -62.98631977309398
6.225166833674931 2.5985528706589927 3.002973957212964 -62.98796831394479
6.2101049348092605 2.5544446273052683 3.001124249929037 -62.988774762796034
6.195101969615252 2.5145085156932594 2.9998733634517665 -62.98866281131965
6.180151646842735 2.4776786040208942 2.9992503188324995 -62.98847718595578
6.165247423453531 2.443652587434591 2.999269113584295 -62.98864144129748
6.150381826389824 2.4131832408366205 2.999921689451341 -62.98888257088102
6.135546129883545 2.388406374344118 3.001124820851565 -62.98770294089739
6.120731134876268 2.3691875482402693 3.0027642937369166 -62.98524036492537
6.105928338794432 2.3562705699748903 3.004690381458362 -62.980822539683494
6.091130532970125 2.347660927507232 3.006788480393472 -62.975984908724605
6.076332383274319 2.337595899202379 3.0090199489348315 -62.97587782720581
6.061529348662738 2.3300172006366364 3.0111251618481583 -62.97667215652433
6.046718983829321 2.324516983848642 3.0129394640220233 -62.9781350724926
6.031900394431257 2.3188770297344052 3.0143609861336054 -62.98149292024728
6.017073743522814 2.3142893453556437 3.015236551089986 -62.98434788151294
6.002241708755092 2.3099695856371465 3.015473125514058 -62.98624114984172
5.987409260249111 2.3041333591927033 3.0150081387764605 -62.98811988400794
5.972582609964499 2.2961691030542717 3.0137922522006795 -62.99001103004283
5.957768770560353 2.285726300963677 3.0117955024494236 -62.991959648303634
5.9429753209160205 2.2726934056845347 3.0090092203094194 -62.99403734024201
5.928210092110551 2.257151469224149 3.005447613804856 -62.99633103843673
5.913480863364789 2.2398271008492827 3.0011667641542155 -62.99848225107038
5.898794967067061 2.221288082287505 2.9962359780484626 -63.000365092857216
5.884159267108466 2.2023757626151523 2.990757705620441 -63.001631685180264
5.869579721991593 2.1831456572843044 2.9848177751740907 -63.002537441994015
5.855061231853814 2.1645654707458455 2.9785706357490516 -63.002396697623254
5.840607424199247 2.1499198413874803 2.9723155978663427 -62.998450389820306
5.826219948648759 2.13752476948793 2.9660718836030506 -62.99217090629939
5.811900668619255 2.12335181276531 2.9597199308778634 -62.98703488147268
5.797652333865966 2.104083736968077 2.9532133974283914 -62.985965560309715
5.7834777742457435 2.0816059165542327 2.946845145712213 -62.98760905975725
5.76937626392327 2.05892151303889 2.9409668315974176 -62.98952553716538
5.755343624550152 2.0371415480838517 2.9357881532273913 -62.9907065328049
5.741374103590034 2.016485262645505 2.9314083264543123 -62.99099225621549
5.7274613117638715 1.9965711105982291 2.9278743554754754 -62.99083376937323
5.713598380806617 1.9766694320979008 2.9252121985894686 -62.99105854478527
5.699777753508053 1.958019165057875 2.923474895628354 -62.990915653085004
5.685990339177113 1.9401016794284323 2.9226227955169524 -62.99115108635978
5.672226763228148 1.925761760713824 2.922589034978795 -62.98955763864653
5.658477578752207 1.914229019515447 2.923240579241141 -62.98700668617407
5.64473417978687 1.9074582226201704 2.924402037174207 -62.9819168973149
5.630989846986518 1.9014831776642376 2.92595821018884 -62.977935302115625
5.6172393144840616 1.8933214445762616 2.927796152783554 -62.97800024787213
5.603478227151018 1.8864464749563348 2.9296576321243317 -62.978930441162795
5.589704702849221 1.880278802518389 2.931365657739539 -62.981127020876656
5.575918137256096 1.8745045495277772 2.9327414325050696 -62.98458092532707
5.562119556286176 1.8709963751452137 2.933573825459846 -62.9869687055396
5.548313062894378 1.8687133230145674 2.9337401188200873 -62.988865487501585
5.534504344934687 1.8667614699137964 2.9331442133383274 -62.99081283965469
5.520700155288892 1.8648707748013194 2.9317158979590605 -62.99279538737692
5.506908010689696 1.8628001557371103 2.9294167088032594 -62.9948396152932
5.493135905804693 1.8603372079761027 2.926240322832188 -62.997001191618786
5.479391995203722 1.8572894359282344 2.9222112389414168 -62.999354974266616
5.465684287410322 1.8539469359195961 2.9174041420702705 -63.00151821709307
5.4520202497313175 1.8503810389281021 2.9119081621778284 -63.00337273649363
5.438406785405269 1.8469459386715006 2.9058486267581296 -63.00454216729821
5.424849764344248 1.8431584209328473 2.8993130500511612 -63.00545748521311
5.411353991314601 1.8410320732601573 2.892561176463391 -63.004036028907585
5.3979223469223525 1.8420592360372914 2.8858209948981917 -62.998737140490796
5.384556418850441 1.8434019948519387 2.8790164890813643 -62.99228941140156
5.371258418379857 1.84065211513188 2.871968798315495 -62.988884125822196
5.358031554465192 1.833137558930682 2.864826136160234 -62.989085081104555
5.344877165819128 1.822823077671129 2.8579338966282117 -62.9910742919187
5.331793048793758 1.812010490577175 2.8516277568887456 -62.99267538636613
5.3187743160922665 1.801191120567399 2.8460652865233365 -62.993435140385024
5.305814940640852 1.7905631482965052 2.8413364960584877 -62.993306473206054
5.292908237594021 1.7791495082579478 2.837467829994852 -62.99337826358778
5.28004711565686 1.7674505232875206 2.8345340179090814 -62.99345438026233
5.26722310428064 1.7558825033785845 2.8325668513277504 -62.99346096879901
5.254426767762359 1.744882772048886 2.8315293751480954 -62.99329946450655
5.241648495730468 1.7365398417719264 2.8313416045540674 -62.99133727446422
5.228879127121603 1.730740596423428 2.8318614776604822 -62.98790612014442
5.216110671778867 1.7280155709708465 2.8329267473539246 -62.982669685593734
5.2033370481806305 1.7223330980318783 2.8344558277078447 -62.98141226672513
5.190552671299777 1.716521393411625 2.836240312466201 -62.981680579844884
5.177754174147497 1.7114187041295679 2.8380671522672127 -62.98273936985549
5.164940208201851 1.706097730726327 2.839767664261993 -62.985415975404536
5.15211044294879 1.7019367438543598 2.841124346520554 -62.98819946934094
5.139267004487763 1.6997534128191076 2.841936389381653 -62.99001045116134
5.126414761552338 1.6982186079472255 2.8420866317154347 -62.991958754079846
5.113559806184165 1.6972019409470518 2.8414753124158167 -62.99398110136581
5.100709130759571 1.6965789983597768 2.840034401389571 -62.996032781360825
5.087870412790238 1.6961757963384045 2.8377292936673 -62.99814333920966
5.075051712985678 1.6957906393805415 2.8345577309523966 -63.00038480678977
5.062261159603746 1.6953865473905978 2.8305549197521103 -63.002663506838864
5.049506620285483 1.6950305973088144 2.825791007265994 -63.004784316296345
5.0367954343139365 1.6949069674513635 2.8203664411980616 -63.00644884937686
5.024134255426188 1.6951658832052874 2.8144011437017995 -63.00740778595763
5.011528554869074 1.6952073413793944 2.8079759868199794 -63.00814398366191
4.998982862925105 1.6981914990065476 2.801426611036638 -63.00531003705108
4.986499417781186 1.7043373886223747 2.7948905116198843 -62.998599629353706
4.974079707563452 1.7090889069291786 2.7881669488851 -62.99252409511613
4.961726418746137 1.7088568031440183 2.781148040399957 -62.99057008977254
4.949442496219442 1.7046553073000017 2.7741172753768097 -62.99163946532895
4.937227844837806 1.698718535411581 2.767438260077507 -62.99351179026765
4.925079029872304 1.6924778905434594 2.7613696806542944 -62.99475445501005
4.912990747895004 1.6860999967673407 2.756038833035615 -62.995242021698765
4.900956817052297 1.6794407836639726 2.751526951316843 -62.99523037218707
4.8889703360559436 1.6717920754864668 2.747879000872065 -62.995554070361145
4.8770236737897585 1.6641308660653686 2.7451858612498055 -62.99551969159625
4.865107824033638 1.656156257693409 2.743440754898345 -62.99566308319029
4.853213412155432 1.6497274252717742 2.7426115565192863 -62.99448819859999
4.841331183781935 1.6448699740632953 2.7425886318654245 -62.992196899901685
4.829452672448575 1.643251048889075 2.743222706802573 -62.987425582105075
4.817571173618773 1.6421821242060088 2.7443796611231503 -62.982844029578274
4.805681216558833 1.6374899992383687 2.745980488918023 -62.982616238919164
4.793777457578212 1.633009488190842 2.7477857889125925 -62.983236866556254
4.781857363020017 1.6288432106506128 2.749605498609304 -62.98465600618079
4.769920002920723 1.6236217410093148 2.7512856931173864 -62.98817792167114
4.757965329333767 1.620463285982172 2.7525800671443497 -62.99060847976289
4.745996691087273 1.6187218627800741 2.7533241088955958 -62.99240835857374
4.734019396477371 1.6173800921313128 2.7534063817226206 -62.994470266622464
4.722039739968946 1.6165215334876404 2.7527352885212983 -62.99658802642716
4.710064830424627 1.6160611270448342 2.7512524171322235 -62.998735138384696
4.698102343520861 1.6158641015845527 2.748932400070589 -63.000942698203446
4.686160218873973 1.615731951051549 2.74578021822578 -63.003307194901815
4.674246357618929 1.615876762722561 2.7418459533901163 -63.005495506633
4.662368281644539 1.6161263065210834 2.737192734282429 -63.00757512435058
4.650533038002968 1.6169159521292424 2.7319349067699896 -63.00899262040334
4.638746796179789 1.6179862020151168 2.726168080129992 -63.00991060151833
4.6270145606495765 1.6202696186398173 2.7200629325126346 -63.009232195600994
4.615339995692557 1.6256666223576504 2.713858275864139 -63.004892579462634
4.603725217922741 1.6328072784231875 2.707578847937554 -62.99821150532626
4.592172149905147 1.6378956297543088 2.701087008949464 -62.99295808607271
4.580683172704226 1.63765713341864 2.694321282471571 -62.99233673800241
4.569260459862756 1.6343046130960182 2.6876489170075475 -62.99407015304105
4.557902594025221 1.6303665574074235 2.681430145805819 -62.995594566337495
4.546605238813854 1.6260803139632525 2.6758227615371473 -62.99664158848904
4.535363006420684 1.6217987677181227 2.6709534751284596 -62.99690218272199
4.524169489217526 1.616868411935261 2.6668746233148406 -62.99710456934295
4.513017735104633 1.6111285047088157 2.663651362249178 -62.99754280179219
4.501899799905388 1.6053005156325535 2.6613550589664414 -62.99771544677053
4.490806701895499 1.599227569079787 2.659966198035719 -62.99798445281459
4.479729301762867 1.5953404059733134 2.659439110830776 -62.99624216968202
4.468659053841256 1.5934050177598575 2.6596489499139535 -62.99289911411485
4.457588635249861 1.593811654266662 2.66044919873075 -62.98772576290862
4.446512392038438 1.5908566331722678 2.6617666197701864 -62.98631814704261
4.4354243956935155 1.5871426522342014 2.66343432271604 -62.9863472068639
4.4243207098450315 1.583524915630383 2.6652555014101416 -62.98707539883019
4.413199488142101 1.5796471513697183 2.667063234153552 -62.98887672646017
4.402060139078823 1.575553803107572 2.6686759142763212 -62.99168333611277
4.39090365766321 1.5728637762685995 2.669875843406861 -62.993816652794706
4.3797340433966845 1.5709695506767687 2.6705189054623264 -62.9957802845894
4.3685567461415555 1.5695480675010216 2.6705011180511504 -62.99782681761752
4.357378113719603 1.5685898624442671 2.6697455416689637 -62.99989312308516
4.346205209980929 1.568002017253852 2.668207639890183 -63.00200188453672
4.335045522134922 1.5676656750185511 2.6658744784697177 -63.00419807573281
4.323906658932233 1.5675238877775124 2.662765095787886 -63.006453290683254
4.312796063457306 1.567666383759214 2.6589325703958213 -63.008575815730744
4.301720768027636 1.5682535413292564 2.6544580108781632 -63.01030352183159
4.29068719256253 1.5695166340105025 2.6494472490586 -63.011299931666194
4.279700704167373 1.5708280189112098 2.643967966011965 -63.012088494124626
4.268765814104253 1.574619607683941 2.63826481845506 -63.01004298200003
4.257885449433157 1.5817546853760525 2.6324954505803673 -63.00418205213706
4.247061547375586 1.5893176646600309 2.6265852726843817 -62.99740950932536
4.236296247482023 1.5926847127997938 2.6203623438514594 -62.99434298610438
4.225592075673928 1.5920719847053173 2.6140236263042747 -62.99466141044198
4.214949420195424 1.5893365184457124 2.6078883159459463 -62.996450700976645
4.204365784354946 1.5864616695342668 2.6022489623581824 -62.99767874258173
4.193836529197358 1.5833016663033108 2.597225254173537 -62.998481815371086
4.18335617305974 1.580032753581322 2.592921514107069 -62.99872439874766
4.1729183165078965 1.5761088648580712 2.589387869443739 -62.99902315037478
4.162515912472648 1.5716219993429488 2.5866875078588776 -62.99941170366199
4.152141008735498 1.5668905473793304 2.584857000638017 -62.999741769310226
4.141785034186348 1.5633948959055861 2.5838799300763995 -62.998767511876444
4.131439632955751 1.5616531246247385 2.5836665770738594 -62.996159265466936
4.121097381842585 1.5619481289748778 2.5840912961949627 -62.99179355847914
4.110752246981013 1.562279560362541 2.585035171615672 -62.98771156488017
4.100399085631333 1.558930228470225 2.5864371324779607 -62.987654800327576
4.0900323316919645 1.5557113567646192 2.588104098749767 -62.98806642202719
4.079649090027534 1.5525902838806978 2.5898641982816613 -62.98904285156495
4.069248112322667 1.5487516872865974 2.5915725334549444 -62.99139122264567
4.058829053555899 1.5454114267570835 2.593031776141601 -62.99389174048516
4.048393813835009 1.5430394488119172 2.5940560910911117 -62.996019676647904
4.037946811247802 1.5412570842940514 2.594525592778597 -62.99809938192999
4.027493545862651 1.5398613515731285 2.5943555889568337 -63.000283411332035
4.01704023081772 1.53888551269257 2.593486582907668 -63.00247746606767
4.006593622904658 1.5382341452289081 2.5918879849014402 -63.004711814678814
3.9961607665214944 1.5378106820017772 2.589557942938835 -63.00701084225069
3.9857487221380503 1.5377301346371037 2.5865277181720954 -63.009172052609344
3.9753643450269425 1.5379601260357123 2.582850230214518 -63.01114375556724
3.965014045286345 1.5388629234201108 2.578614014028632 -63.012464383729444
3.9547034695425065 1.5401357256427473 2.573892779029828 -63.0133448356096
3.94443738798038 1.5417613907949472 2.5687728027491668 -63.013687383770446
3.934219783601473 1.5471767666565097 2.5635323800288834 -63.00986909740464
3.924053131009204 1.555047818589251 2.558193573072991 -63.003188072542564
3.9139395335030844 1.5617763507320896 2.5526505422778856 -62.9972493577053
3.9038811170201337 1.564028471690075 2.5468402338340783 -62.99537293883896
3.8938795867674845 1.5628462969137267 2.5410105492916495 -62.996431638550575
3.883934224742706 1.5607394500242893 2.535490862666579 -62.997868263350675
3.8740416738486654 1.5585310444065648 2.530469590747157 -62.99883294608793
3.864197291279233 1.5560552435871189 2.526051873716985 -62.99949393583326
3.8543955963778185 1.5533225919989788 2.522324664563458 -62.9998715989404
3.8446302439019453 1.5500936419284235 2.51934233664519 -63.00027016197418
3.834894176601618 1.5465542960606664 2.5171590148988505 -63.000608852679605
3.825179631813969 1.5429532339125218 2.515784754453386 -63.00077479806008
3.815478607023819 1.541131049083758 2.515184462014999 -62.999123459611354
3.805783807002087 1.5413656622953313 2.5152526328050224 -62.995516604699795
3.7960890386740607 1.5427916696380053 2.5158619267856888 -62.990910677594194
3.78638927218096 1.5401950777295321 2.5169554243272914 -62.990481846056696
3.776678646734411 1.5374782688737492 2.5183969209034163 -62.99056402465009
3.7669534175915538 1.53476453641438 2.520040802327588 -62.99112352470054
3.7572113471158293 1.5319711767794568 2.5217365702479992 -62.992283532912104
3.747451575532625 1.528413867286669 2.5233394044062667 -62.994721640997675
3.7376742332043067 1.525793287774364 2.524651623038726 -62.99673793835227
3.727882023107748 1.5235619172055117 2.5255221282989786 -62.998843094896955
3.7180794465511044 1.5216758842750906 2.525854108846133 -63.00105559432941
3.7082718528921155 1.5201651534800331 2.5255772396379697 -63.00330959504413
3.69846520371967 1.519051622006148 2.524647141900994 -63.0055362078395
3.688665869653653 1.518223572114852 2.5230451073141813 -63.00779329513308
3.6788803930266027 1.5177308592930547 2.5207815018194744 -63.00996531492116
3.669115273375103 1.5176142921196383 2.5178925274145345 -63.01193983724586
3.6593766978842006 1.5180525662785707 2.514439029237047 -63.01345669578639
3.64967033253479 1.5191189446911864 2.510494077956077 -63.0143550382475
3.640001132807188 1.5202695470186538 2.5061095134988443 -63.01509656873418
3.6303733768979076 1.522686779600916 2.5014161653666824 -63.01437444367828
3.620790531883073 1.5288696964983781 2.496620664978413 -63.00955986578517
3.611255020086373 1.5366581357685882 2.4917000302941084 -63.00279917905561
3.6017689406049884 1.5426262520802685 2.4865751078376452 -62.99752993501981
3.5923339882010277 1.5442634010938265 2.481250847709792 -62.99624235006221
3.582950942665864 1.543114175452855 2.475988520290248 -62.99733686002207
3.5736182980012994 1.5414909468069677 2.4710719371024026 -62.998461401583256
3.5643324839292614 1.5396939811850006 2.466644333326559 -62.99930271272473
3.555088905207655 1.5376244081078196 2.462803887887982 -62.99996808991048
3.545882060945079 1.5353145460229676 2.4596289546949834 -63.000451163186725
3.5367056492688174 1.5326827959724654 2.4571716976936067 -63.000887490282395
3.527552723809091 1.529960563375042 2.455471479402078 -63.0011286861302
3.518415877718288 1.5278000715939664 2.454520073331547 -63.00063752735077
3.509287893737544 1.527441495694889 2.4542558089717668 -62.998308378649874
3.5001624940847695 1.5289654692508634 2.454563383737559 -62.99416958798019
3.4910345953121933 1.52959574120423 2.455347892435254 -62.99102497541165
3.4818992630852597 1.5269767546141617 2.4565579994295765 -62.991281444757306
3.472751229421621 1.5246900460601551 2.458058655970195 -62.99153391188158
3.4635874799320114 1.5223971432353804 2.4597225416825137 -62.99217663499664
3.4544061953699536 1.5196920010488268 2.4614139567523985 -62.99363464289822
3.445206688830992 1.5165855203824277 2.4629751550608057 -62.99589497030023
3.435989673312577 1.51401176170153 2.464223043329613 -62.99802453821298
3.426758291418195 1.511588003517727 2.4650277423741955 -63.00039123562767
3.417516966582806 1.5094687623506025 2.4653031905311384 -63.00282548648935
3.4082709733834413 1.507791857142191 2.4649911058067673 -63.0051682457925
3.399026132675793 1.5064955019724608 2.4640590123548574 -63.00745060906425
3.3897885624210367 1.5054837771132092 2.4624991929010647 -63.009728042047605
3.380564447047663 1.504920644759658 2.460333154930461 -63.01178040257278
3.371359819502382 1.5047932532387513 2.457600717774725 -63.01355874164079
3.362180335287899 1.5053254340485216 2.4543643630618086 -63.014762533151874
3.353031133121993 1.5062394843649483 2.4506807345323645 -63.01559613475937
3.3439166693310414 1.5073890761858406 2.446610529159769 -63.01612054063415
3.3348407934961575 1.5105875425077981 2.442300652120058 -63.014401878878786
3.3258066536295683 1.5175114548417707 2.4379067219178685 -63.00867030071819
3.316816600534647 1.5252642422304579 2.433377721084173 -63.00182826153252
3.3078724903527994 1.5299326083020923 2.428627663728148 -62.997801348642156
3.2989755672465124 1.5309418517816566 2.4237766697687495 -62.99711991459211
3.2901255907962788 1.5299722747556017 2.419071727731213 -62.99807057709929
3.2813203884434197 1.5286246193679793 2.41473065111424 -62.99902138681522
3.2725563096399957 1.5270418016722047 2.4108740792308745 -62.99982871730753
3.263828739492057 1.5252614193254652 2.4075956567997867 -63.00046985311826
3.2551321470471906 1.523257050270809 2.40496116764161 -63.0009963489089
3.2464603285126397 1.521146822978671 2.403019144741554 -63.00133733898569
3.237806541001886 1.5192486171327615 2.4017858115710258 -63.001244613544465
3.2291639151051257 1.5186694906319995 2.4012332609833664 -62.99971089982264
3.2205262192230015 1.519553920376954 2.4012730663752677 -62.99668234390066
3.2118880962472263 1.521218794432078 2.4018055454413396 -62.99291702315213
3.2032449726506735 1.520476934668002 2.4027743301415874 -62.99162776101274
3.194591684048915 1.518335371200625 2.4041054670956075 -62.991920306264284
3.1859240338758754 1.5164401593869064 2.405681601524773 -62.99225202132042
3.1772394746354022 1.5144890102318058 2.407378262657998 -62.99296398272986
3.168536623720684 1.511699317944933 2.4090659606453384 -62.99484184249898
3.159815008432003 1.5089566453075711 2.4105720713649554 -62.997001538066804
3.1510760895513346 1.5064996865650881 2.411739127408007 -62.99921277508761
3.142323348965078 1.5041062919721864 2.4124621082402236 -63.00168851632445
3.133561214797853 1.5019488126740874 2.4126685037134297 -63.0042429671829
3.124794839352231 1.5002161391418605 2.4123113990660965 -63.00666624400498
3.1160298709753858 1.4988245736462176 2.411369123026024 -63.0090152735981
3.107272146360494 1.497851450253772 2.4098454759103625 -63.011173433147874
3.0985274956072604 1.4972821656603008 2.407765038940756 -63.01310697444965
3.089801512333193 1.4972598343216676 2.405172767783636 -63.014613062271366
3.0810994218964223 1.4978516071512245 2.402125701089777 -63.0155589250173
3.0724259022421103 1.4985734118017926 2.3986675946014375 -63.016365018874225
3.063785016212067 1.4997920811072016 2.394871828338107 -63.016581990522305
3.055180291260752 1.5036900675430982 2.3908887021941867 -63.01392238337993
3.0466147392108365 1.511322373094608 2.3868445317787006 -63.007271700082526
3.03809058145601 1.5185571993430078 2.382644929337815 -63.00078769544155
3.029609297165721 1.5220973193652614 2.378254297223294 -62.99776357783697
3.021171390511915 1.5225144713945302 2.3738496653311913 -62.99758173222371
3.012775782781723 1.521626145878331 2.3696633650057244 -62.99840196676747
3.0044197897979927 1.5203468857262687 2.365856644295026 -62.99929814539375
2.9960996470416 1.5189145079536694 2.3625390524700127 -63.00004128804517
2.9878106314307296 1.5173447023392164 2.3597927966597267 -63.00063663528175
2.979547198591552 1.515719972043087 2.3576794441849565 -63.00103334902092
2.9713031865547084 1.514265755655448 2.356233173115713 -63.00105029728312
2.9630721198135843 1.5134219191082565 2.3554430108377975 -63.000308944937494
2.954847779655047 1.5139314176563716 2.3552526594639787 -62.99814483339405
2.946624771011279 1.515631896275554 2.3555755701758136 -62.99479536413572
2.9383984827149345 1.5166592651373714 2.356341150611099 -62.99216955962231
2.9301642315837886 1.5152575283667171 2.3575076567335054 -62.99207218047918
2.9219170002454646 1.5137858572466105 2.358979133795031 -62.992247810709216
2.9136535974423365 1.512405860684506 2.3606528892161474 -62.99258447353002
2.905371903587372 1.5108117341705185 2.3624047728532287 -62.99340523317768
2.8970709377944814 1.5085665555457743 2.364097635679716 -62.995132177319874
2.888750788494163 1.506169740247317 2.365569736336485 -62.997260433978404
2.8804134383011695 1.503740530726759 2.3666922663147734 -62.999682693453146
2.872062381464811 1.5012686476320583 2.3673790297549138 -63.00240005417814
2.863701936799952 1.4990106498326583 2.367563148731169 -63.005136928816945
2.8553371422434064 1.4971220664582405 2.3672037440454297 -63.007717514114084
2.8469734967135185 1.4956822439989774 2.366286565563797 -63.01003976244599
2.83861668586543 1.4946294815834742 2.3648203786921878 -63.01213777841784
2.830272294290836 1.4939458426394192 2.3628328577915716 -63.01399413212321
2.8219456315161464 1.4938530072847442 2.3603724654764777 -63.01534003283255
2.8136416307793892 1.4942515210953504 2.3574918709527752 -63.01622546597499
2.8053646376410577 1.4948611134429306 2.3542394010417915 -63.01687429268107
2.797118415861403 1.4962729705069024 2.350693159691273 -63.016624754044464
2.7889062557932403 1.5009965449156029 2.347012755727323 -63.01288119383707
2.7807310234818856 1.5091647492773521 2.3432881605693385 -63.005481040019916
2.7725947123790733 1.515358206455565 2.3393898772722657 -62.99987539782414
2.764498169937014 1.5178681623943377 2.3353732208938145 -62.997740742026195
2.7564409533994105 1.518230047945644 2.331448457877143 -62.997515468416154
2.748421210384826 1.5172012260058356 2.3277801417145465 -62.998427967369004
2.7404358607174375 1.5160694211291519 2.3245240613627067 -62.999188994081756
2.732480899168687 1.5148045766411606 2.321765140792718 -62.99984297025356
2.724551464639236 1.5135248559309662 2.3195763528756803 -63.00029683473781
2.716641995852614 1.5124444494186742 2.3180067211839135 -63.00037200160427
2.708746490795961 1.5116697044408172 2.317060201340864 -63.00000471390531
2.7008589262214535 1.5118621934204 2.3167035407066088 -62.99859396173882
2.692973887242231 1.5132279726816045 2.3168681555802872 -62.9959992415825
2.6850866991276248 1.5144770894090538 2.317487309183038 -62.993556392223205
2.67719273376249 1.5145962155557622 2.318511185906345 -62.99232611602139
2.6692873680279026 1.5137383725258844 2.3198833211464187 -62.992215524550566
2.6613665974926324 1.5129248206741777 2.321517770194623 -62.992254152631276
2.6534277063586247 1.511932778923937 2.3233129062791162 -62.99268297858288
2.645468907519119 1.5107448449644032 2.325138223222734 -62.9935118999476
2.6374896996426767 1.5091738300270947 2.326850795154287 -62.99490437683734
2.629490891268827 1.5071568934465798 2.3283234422173043 -62.996928587125346
2.6214746395815114 1.5046378817657926 2.3294562690970326 -62.9996497077639
2.6134441203374243 1.5021298431627026 2.330165663097818 -63.00254063195232
2.60540355758651 1.4998486630455188 2.3303853174303666 -63.005361381366065
2.597357926255532 1.4978995465203433 2.330075761198853 -63.007989494889415
2.589312649169317 1.4963090649128454 2.3292239091726588 -63.01038401254794
2.5812732989669294 1.4950981756516162 2.327840656081082 -63.01250605371016
2.573245354686909 1.4942927517774773 2.32595673723916 -63.01430606494972
2.5652340073451128 1.4939935587883737 2.323620107707249 -63.01565160125697
2.557244017672615 1.494139998064621 2.3208850548993136 -63.01656509727262
2.5492795614875203 1.4947087824702971 2.3178088379398933 -63.017022025868535
2.541344251809346 1.49652609355671 2.3144771480829536 -63.016137242875274
2.5334412760541904 1.5016358825654932 2.3110337142783246 -63.01180824449069
2.5255733832661544 1.509976076548837 2.307562897832845 -63.00407695011793
2.517742370242604 1.515384252704253 2.3039279933635552 -62.99912818190628
2.509948352724634 1.5171478441726205 2.3002397002730763 -62.99763144434612
2.502190058950072 1.51713937121635 2.2967117441962683 -62.9977015650708
2.4944650641992303 1.5161899641503302 2.2934921764019345 -62.998499835590174
2.486769951462477 1.5151838250600296 2.290704403783771 -62.99914967268181
2.4791005232748082 1.514141599453069 2.2884260653517066 -62.999649532100115
2.471451803803012 1.5132398570690693 2.286721915601551 -62.999851604829665
2.463818221997685 1.512687290378933 2.285617862515382 -62.99958351685693
2.4561940101714748 1.5124635627470822 2.2850959091605074 -62.99890911122779
2.4485735412790643 1.5132219213577707 2.28510843457705 -62.997230558180114
2.4409519473634487 1.5144346245406302 2.285595278727019 -62.99512052927413
2.433324648327324 1.5151306547559555 2.28650578807958 -62.99358927050251
2.4256870476264134 1.5149901319095787 2.2877935379856167 -62.992996005616945
2.418034848863989 1.5147352403934002 2.2893894332368023 -62.99266187450052
2.4103648151166297 1.5144258297806539 2.291211780624939 -62.99254620579198
2.402674554848288 1.5136829456717396 2.293159558997391 -62.99302680786989
2.3949625073255563 1.5130449168981548 2.2950900183169622 -62.9935407950745
2.38722881671714 1.5116478348125635 2.2968810304404954 -62.994932355622716
2.3794744353292203 1.5096868820970157 2.2984216485877624 -62.99701696100575
2.371701555811854 1.5069735936035622 2.299623997616229 -62.99999258581742
2.3639131752642046 1.5043773127954356 2.3004047933243097 -63.00298060081658
2.356113579979062 1.5020274649551417 2.300699482948971 -63.00583411674774
2.34830777788859 1.50000450532821 2.3004718168801994 -63.00846542190849
2.3405011843623575 1.4983415925728032 2.2997129588919325 -63.010837009476056
2.332699318854295 1.4970500122048849 2.2984381807675627 -63.01292881456146
2.324907551433064 1.496178941818335 2.296682801265309 -63.01467463243928
2.3171309245640543 1.4958191472096876 2.294497710557555 -63.01595786306157
2.309374017462764 1.4958728111381718 2.291937505206428 -63.01684219957689
2.301640811393325 1.4965238617227328 2.2890654234203183 -63.017098129702276
2.293934771596888 1.4988365827875478 2.2859736417319745 -63.01560844853817
2.2862590248427903 1.5045317092260433 2.282794222010569 -63.01060812482195
2.2786162610286986 1.512476683651941 2.279575593781553 -63.003219470268654
2.2710079644233727 1.5167389990826223 2.2762162869305556 -62.999380231312635
2.2634333835757627 1.51813944416957 2.2728889847503457 -62.9982260987075
2.255890635645913 1.5178510827682126 2.269765750035223 -62.998574582347906
2.2483768577062877 1.5170727680477853 2.2669875191327336 -62.99922591949963
2.240888483603907 1.5162610600099165 2.2646501293860886 -62.99973658273157
2.233421237001472 1.5155164324119477 2.2628240601438803 -63.00002903940683
2.2259701649641963 1.5150156578507485 2.2615566461509085 -62.99995735323064
2.2185299009351995 1.51488178316658 2.2608567951842526 -62.999435945283146
2.2110950072811346 1.5150673023125205 2.2606964339746187 -62.99855565854308
2.2036602412400885 1.5160665489672367 2.2610289517307383 -62.996868418301354
2.1962210469376084 1.5168665499575582 2.2618061386393866 -62.995421911102916
2.1887727367227723 1.517154781526317 2.2629834181301005 -62.9945652593366
2.1813108880104015 1.5173685988942185 2.264503990208324 -62.9938976526938
2.173831897690816 1.5175637337818335 2.2663003121284833 -62.99338617839795
2.1663328699611446 1.5174422401005068 2.2682917355709686 -62.993331891749186
2.158811555436734 1.5169922984860689 2.2703666350586533 -62.993733538216425
2.151266843839104 1.5166518771492248 2.272387276694419 -62.99412273025192
2.1436992886026793 1.5154750378016368 2.2742556047339235 -62.9954411728071
2.1361098788357746 1.5136701744962935 2.2758723277390245 -62.99749168026057
2.1285007449421345 1.5111930443215202 2.2771542998317496 -63.00032673733311
2.120874846369751 1.5086858111411743 2.2780254589743327 -63.00329862002366
2.1132363142560355 1.506427862290083 2.2784256640439633 -63.00611392153459
2.1055900580972784 1.5044802560373274 2.278319555322015 -63.00870322886972
2.097941375412976 1.5028764596769357 2.27769852092067 -63.01102882770158
2.0902956628373865 1.501617940880756 2.2765774565538512 -63.01308198502387
2.0826581621144076 1.5007605252577791 2.2749910877707116 -63.01479204784741
2.0750337978541107 1.5003974332029304 2.272989160018035 -63.01604332862106
2.067427056987117 1.5004775294946189 2.2706260065793917 -63.01685632294754
2.0598418636151337 1.5011785600183412 2.2679628971238945 -63.0170131353226
2.0522816494786826 1.5036333299924531 2.2650938458577277 -63.01533904545272
2.0447495756683374 1.5095542400268231 2.2621477608444134 -63.010086358002575
2.037248464987537 1.516828765872347 2.2591453018823717 -63.003364221210134
2.029779505320179 1.5206836892864408 2.256045254773082 -62.999936449331095
2.022341389054318 1.521915612111079 2.2530173557083115 -62.99897383948721
2.0149318087151693 1.521719832650366 2.2502257590443326 -62.9992734499077
2.0075476583554885 1.5211348029842227 2.247791576212849 -62.999800145269724
2.0001852967095366 1.5205547318864907 2.2458006797833363 -63.000175727609914
1.992840447701989 1.5201209447618218 2.2443176026102933 -63.00028391075716
1.9855082462748206 1.5200370741446578 2.243376231942108 -62.99995259552069
1.9781835692939675 1.5202477689302023 2.242973405738274 -62.99927382587285
1.9708612064878481 1.5207226665782212 2.243081130218627 -62.99831550443249
1.963536136912555 1.5213488467285095 2.2436591535756003 -62.997227388655155
1.9562036157179166 1.5219912537078815 2.2446617176341586 -62.99618041350031
1.948859252196893 1.522629087392922 2.246039942064424 -62.99522571176592
1.9414991234716932 1.5232262036264679 2.2477406441480943 -62.99442431779373
1.9341198046757024 1.523783401778599 2.249693568189977 -62.9937869663824
1.9267185776053286 1.5238749378205585 2.2518174961065394 -62.99373360696392
1.919293274789414 1.5237408295553174 2.2539958129130513 -62.994003195540294
1.9118431191242242 1.5236681517558186 2.256100280366851 -62.994277338625665
1.904368836574339 1.5226947088560887 2.2580504259111405 -62.995519760942045
1.8968713116621587 1.521043436004568 2.2597549482775694 -62.99751987632795
1.889352535245117 1.5187986657314807 2.2611328800393604 -63.000203395665494
1.8818153950265315 1.5163548656499004 2.2621149131637384 -63.00317685387924
1.8742637845025105 1.5141687441368528 2.2626436001797936 -63.00597504811567
1.8667024955686848 1.5122854716233567 2.2626831376340086 -63.00854448182983
1.8591366975447632 1.510742313964671 2.262223943936524 -63.01084436842904
1.8515716668147482 1.5095291977101668 2.2612795458945834 -63.01287906482507
1.8440125252332618 1.5087027187529758 2.2598831237142827 -63.01457875166731
1.8364640963059669 1.5083609471666914 2.2580824964716117 -63.015825055949435
1.8289308043271024 1.5085435955080113 2.255932008262706 -63.01654959763846
1.8214165793313968 1.5092861070431043 2.2534875914255044 -63.016681264348165
1.813924824595686 1.511646712019284 2.2508395845725415 -63.015128177211295
1.8064587399006544 1.5175025705915532 2.248116361116697 -63.00998261981876
1.799021417366704 1.5242094317616113 2.2453283202043033 -63.003887424983624
1.791613823763523 1.5280209181140176 2.2424806963431667 -63.00057119297737
1.784234320521514 1.5292854319731066 2.239726068142377 -62.99965996270521
1.776880235816765 1.529351481276668 2.2372237947472877 -62.99980430004064
1.7695483631757065 1.5290196541987122 2.2350844860824886 -63.00021147850307
1.7622349860081163 1.5287714369261867 2.2333897831202196 -63.000417674584575
1.7549358873087242 1.5287450963271154 2.232193102863506 -63.00030961357674
1.7476463715519177 1.5290637151388735 2.2315181035525686 -62.999795579662745
1.7403615270225132 1.529640564247943 2.231358602717261 -62.99899545931459
1.7330763271857843 1.5304119333196582 2.2316863121209405 -62.99800460986975
1.7257859052501654 1.5312793921287802 2.232462882910671 -62.996953134233465
1.718485656803957 1.5322530189184111 2.233642969176663 -62.99586064542627
1.7111714276795613 1.5332810199101221 2.235177797861126 -62.994801944724365
1.7038395027624567 1.5342848069839323 2.2370099527604332 -62.993870661348225
1.6964866552553006 1.5350798842495212 2.2390687673902225 -62.99325313176542
1.6891102291075606 1.5354264829683624 2.2412652109613376 -62.99317584759504
1.6817083269944428 1.5356267460219972 2.2434821773579254 -62.99331070190665
1.6742805241886498 1.535717219928857 2.2456166873813284 -62.993599596935084
1.666827475690185 1.534893538442069 2.2475985069675697 -62.994851048926265
1.6593499363090713 1.5334250485969545 2.2493408573908944 -62.996808788060655
1.6518498093132454 1.5314219684432289 2.2507671434887877 -62.9993755351364
1.6443298687337755 1.5291151921549075 2.2518148228402763 -63.002327204437044
1.636793750848571 1.5270118515646365 2.252430537140769 -63.00515338385499
1.629246043225773 1.5252156511878947 2.2525790646329247 -63.007742175127426
1.6216917481503124 1.5237578384494606 2.25224909550253 -63.010057325893605
1.6141359831422122 1.522623471782592 2.251451781059668 -63.01210758851426
1.6065837243313352 1.5218628650674573 2.250217409080486 -63.013829823830676
1.599039678045217 1.521732014193158 2.2485927130892023 -63.014947832888446
1.591508308099894 1.5220718158692315 2.246625690605802 -63.01559505497376
1.5839934924524999 1.522897295879534 2.244373189120041 -63.015727917251304
1.5764985711807533 1.5251346559000631 2.24192009872648 -63.01439311819284
1.5690267442472159 1.530926908852265 2.239394851212425 -63.00942069300114
1.561581494379966 1.5370362046119 2.236798524688583 -63.00404666450313
1.5541634326983393 1.5407111900781103 2.234175891624868 -63.00099813588635
1.5467706352470654 1.5422412194457729 2.2316730402965614 -62.99996584862789
1.5394002349233442 1.5425465028672494 2.22942733204355 -63.000036443773666
1.532048820242929 1.542576431093458 2.22754809953541 -63.00027431328302
1.5247127094648043 1.542754289209856 2.2261121790165577 -63.00027806951423
1.5173877851471593 1.5431817854526122 2.225162887132415 -62.99997288450714
1.510069518404276 1.543923319172645 2.224717081190206 -62.99932335802661
1.5027531699662746 1.5449182712207787 2.2247632324985096 -62.998417756589866
1.4954339311869709 1.5460439640329093 2.22527276816555 -62.99740528059564
1.4881070846246836 1.5472921563038688 2.2262068013865934 -62.9963207685886
1.4807682571188348 1.5486989860771763 2.227518514714088 -62.995150231366715
1.473413554792249 1.5501926224759714 2.229155917924939 -62.99398129472081
1.4660395183749018 1.5515807363486325 2.2310580537379803 -62.99301094845053
1.4586430785817408 1.5525384841596934 2.2331534324532782 -62.992555770147
1.4512216196482264 1.5531800201367998 2.2353439531743944 -62.992482179169684
1.4437737223584433 1.5537855357237225 2.23751795250244 -62.99248372884273
1.4362993670909951 1.554134181491064 2.239601083537923 -62.99277324213861
1.4287990728226665 1.5535475032789525 2.2415312133463465 -62.994035234173495
1.4212734276107384 1.5523681864312193 2.2432259360339852 -62.99594041594241
1.4137242664606755 1.550694378583799 2.244614466784038 -62.998405612771705
1.4061542171893557 1.5487848130151116 2.245638886075214 -63.001181545532035
1.3985667937631068 1.5468676921325515 2.246253972451813 -63.00404072961519
1.3909661896890329 1.5452703323556074 2.2464278036709566 -63.006649252845705
1.3833572135456456 1.5440041579136956 2.2461469840937767 -63.00898576148195
1.3757447850778373 1.5430559485361741 2.24541940874606 -63.01105413220414
1.368133709168168 1.542511887123051 2.244271556349785 -63.01275415822414
1.3605285968651493 1.5427095096420205 2.2427464105843296 -63.01372807972165
1.352933981189221 1.5433038056434325 2.2408866527243165 -63.01429875262015
1.3453536575130265 1.5443055601424953 2.2387500484126024 -63.01443432598727
1.3377908941711778 1.5465188484326724 2.236417133919257 -63.013310452716944
1.3302488968706372 1.5523492975892497 2.234014633775376 -63.00850036419252
1.3227317181786191 1.557715320494533 2.2315316083069345 -63.00408252700323
1.3152392510682323 1.5610073368072794 2.2290517817559126 -63.001637717549045
1.307769271826491 1.5629541022502287 2.2267238340620645 -63.00042272022729
1.3003190933273419 1.563657975076743 2.2246559245578355 -63.00034712071721
1.292885044873202 1.5641419224826576 2.2229531853869546 -63.00040771662136
1.285463478354592 1.5648088371454874 2.221685671195236 -63.00022804871512
1.2780504359479352 1.5657485362533088 2.220888267809797 -62.999745928682
1.270641617274555 1.5669854262496532 2.2205715841441407 -62.99896447537813
1.2632325088056748 1.5684162126933139 2.220721221291923 -62.99801238101571
1.2558184807630266 1.5699925271123762 2.2213070729467557 -62.99696247080605
1.248395067815968 1.5717065736980822 2.2222883839382055 -62.99584411768665
1.240958157888741 1.5736242980966142 2.2236171987207105 -62.994608405696276
1.2335041552953911 1.575654278985005 2.2252378491003952 -62.99335729955165
1.2260298677146921 1.5774626776113703 2.2270888327601503 -62.99242109416343
1.218532286367667 1.5788430729876803 2.2290945494774643 -62.99198951055377
1.2110090261683772 1.580017162239478 2.231156759086402 -62.991816068677856
1.2034590515868364 1.5810754608175692 2.2331840253559156 -62.99179052218983
1.1958823320871876 1.5818687130926408 2.2351104905686543 -62.992055680874124
1.1882793688769504 1.5817343271884687 2.236882029632515 -62.99327995815882
1.1806505582084474 1.5810759852054126 2.2384206789728474 -62.995073251079916
1.1729976702970097 1.5799478554985118 2.2396618501309424 -62.99739813572809
1.1653231257760381 1.5786505295931708 2.2405517939742614 -62.99996551988783
1.1576303056774648 1.5773372397958347 2.241050790754627 -63.00262522510325
1.1499231677709243 1.5761741876657367 2.2411330825678366 -63.005206665046074
1.1422061087664586 1.5753041428324486 2.2407876230413897 -63.00755682387686
1.1344837777072183 1.5748346512955538 2.2400191578250266 -63.00955336930923
1.12676087195038 1.5749047239590401 2.238848692299282 -63.01103917438282
1.1190420126487088 1.5756708861269537 2.2373128645954337 -63.011839118005135
1.1113316826807549 1.5767544194316283 2.235454012468111 -63.0123154378066
1.1036335351163153 1.578247155030996 2.2333299317755166 -63.01236016653458
1.095950809424676 1.5805673202812138 2.231011236690368 -63.01154037202288
1.088286504145637 1.586464472484534 2.228620179987199 -63.007090021879335
1.0806454556811915 1.5910111967273917 2.226139791070135 -63.00392943627324
1.0730263581662016 1.5942561662312351 2.223695403139085 -63.001979759569515
1.0654272239525773 1.5968298533151282 2.221418487545756 -63.00060342367802
1.0578457814195454 1.5983005557172312 2.2193961165046114 -63.00024882639053
1.0502782396640111 1.5995032966413065 2.217722406120038 -63.000105202756885
1.0427209554737145 1.6008988659414956 2.2164586404263384 -62.99974074803599
1.0351702477807416 1.6025871853259563 2.2156319005021703 -62.99908469815523
1.0276221970929944 1.6044980909291546 2.2152467122338053 -62.99823503443505
1.0200725678430487 1.6065897317912015 2.21528862010215 -62.99725920496538
1.012517076315873 1.6088413631372667 2.2157263795762963 -62.99619975407411
1.0049516305527162 1.6113011223536098 2.216518250992489 -62.99502685596163
0.9973725583282252 1.6139810506767611 2.2176122721427 -62.99374129714406
