7.846468592576989 -2.990008607884158 1.33338915030753 -17.267545585965426
7.838528177539183 -2.9908035905836456 1.3332078308293582 -17.267925530833907
7.830569600230754 -2.992100783382123 1.3329803830749969 -17.268870266804576
7.822595993014179 -2.993523706287085 1.332692457450375 -17.270013306739493
7.814611124097506 -2.994813844271895 1.3323302154975278 -17.271097070885467
7.806618860445139 -2.995778361944527 1.3318860131795225 -17.27192156124832
7.798622684255092 -2.9961787457114477 1.3313567813213179 -17.272234255367117
7.7906251193636695 -2.9956130803718803 1.3307471005841764 -17.27161417020115
7.782627636625961 -2.994371244134528 1.3300590025306516 -17.27032769121835
7.774630509279825 -2.993813773395012 1.329293999677083 -17.269702184249844
7.766632071785216 -2.9937053860658493 1.3284878455055977 -17.269472112404376
7.758628894940437 -2.993834347388101 1.3276587993120286 -17.26940143312505
7.750616129206737 -2.9941873452105416 1.3268196083262602 -17.26945802534688
7.742587908747788 -2.994709506487712 1.3259783351780583 -17.26957154348322
7.734537557398676 -2.995179846590497 1.3251343084418115 -17.269509126636823
7.726457813650879 -2.9953088727770614 1.3242746378026122 -17.268973267309036
7.7183410821774325 -2.9952011894659987 1.3233766866208378 -17.268060843470565
7.7101794773269345 -2.9949752555554725 1.3224197226360106 -17.26688369187545
7.701964858740337 -2.994781592782496 1.3213863483673354 -17.265587477459732
7.693688923147229 -2.9947225698805355 1.3202683313093926 -17.264272956111313
7.68534338267758 -2.994848209830484 1.3190610592253942 -17.262991979511014
7.676920151090871 -2.9951848751588446 1.3177591910688067 -17.261775725899046
7.6684114992573695 -2.995770790009804 1.316353675355645 -17.260669663477632
7.65981016346718 -2.9964703445457177 1.3148331199380379 -17.25955085036864
7.651109641039263 -2.996717999788751 1.3131895468700712 -17.257878273188943
7.642304951919189 -2.996821258095834 1.3113975881132276 -17.255971244540525
7.633391909563474 -2.9972014761562638 1.3094237344762136 -17.254261214333656
7.624366736849822 -2.9987379583757963 1.3072300187576629 -17.253631765355827
7.6152256277550965 -3.000068322987565 1.3048810838546214 -17.252776282633917
7.605967940103246 -3.001367559047365 1.302457868885765 -17.251892995400276
7.596594522017593 -3.003291610519762 1.30001233657594 -17.25164244484707
7.587106651189776 -3.005932596469534 1.297568646185641 -17.25212734490661
7.577506109972402 -3.0089624534739463 1.2951402265519993 -17.253034994116256
7.567795376917911 -3.012256742127889 1.2927305382065952 -17.254248910022937
7.5579772663370335 -3.015641928669251 1.290347722088349 -17.2556010905407
7.548054793681311 -3.0190388428223693 1.2880039119124627 -17.257012777841844
7.53803091522145 -3.022187815885774 1.2857214007750026 -17.258225091415984
7.527908623629584 -3.025051831166045 1.2835217388332794 -17.25919493156198
7.517690627490341 -3.027490979261975 1.2814332947607594 -17.259775926267267
7.507379360868375 -3.029525270172337 1.2794845582712162 -17.259976822488042
7.496976757004926 -3.0314457194563165 1.277700223448056 -17.26007117751571
7.486484000627804 -3.0335390657525156 1.276096836287091 -17.26032781775251
7.475901396900472 -3.035791233666298 1.2746716561266347 -17.26072045106936
7.465228561830556 -3.0380597909361122 1.2733975564124176 -17.261098773323667
7.4544645626442065 -3.0400633498118146 1.272239660888481 -17.261179856310406
7.443608307562327 -3.042060414939886 1.2711601522191278 -17.26121464935018
7.432658331934847 -3.0442800097360854 1.2701347491103296 -17.26142888961281
7.421612980389633 -3.046723492090809 1.2691503662879846 -17.26182655502672
7.410470702846535 -3.0493584825171896 1.2681992951263539 -17.26237914056165
7.399230119710457 -3.0520924517110886 1.2672784727261615 -17.262999124211404
7.38789009024875 -3.054864678596384 1.266387348561501 -17.263629929257657
7.376449644599391 -3.0576051899917274 1.2655286613977024 -17.26420603683537
7.364908014319984 -3.060281580626691 1.2647073214647537 -17.264698576578517
7.353264620173367 -3.062951143752603 1.2639297064736768 -17.26516646485203
7.341518989943142 -3.065629622026841 1.2632045395289484 -17.26562816688632
7.329670793682125 -3.068328654201039 1.262540510529304 -17.266097963499618
7.3177198307104785 -3.0710560461933873 1.2619453683813449 -17.266586146298465
7.305666013300617 -3.073816124105603 1.2614253774685993 -17.267099343708416
7.293509349984032 -3.076610214846514 1.2609850793581512 -17.267641004313504
7.281249930332642 -3.0794134250369773 1.260627403850099 -17.268188703482977
7.268887940578768 -3.0822322376375593 1.2603535214487749 -17.268750509948028
7.25642361804213 -3.085070340691995 1.2601630259021126 -17.26933140598443
7.243857229633883 -3.0879246937720346 1.26005394685087 -17.269929492515278
7.231189060253982 -3.090789771287886 1.2600230173463536 -17.27054023029332
7.218419404197206 -3.0936595435890633 1.2600660919250348 -17.2711584480748
7.205548559658131 -3.0965283285885743 1.2601785704276982 -17.271779228465643
7.1925768258886 -3.0993910662488995 1.2603557620266557 -17.272398213696132
7.179504502427359 -3.1022436261341753 1.2605931680952795 -17.273011931420573
7.1663318894459715 -3.105082662734984 1.2608866759538173 -17.2736176682185
7.153059289001223 -3.1079086337095694 1.2612326800552356 -17.274216431831945
7.139687002988114 -3.1107183958520777 1.2616281181376525 -17.27480571187452
7.126215337808212 -3.113507387449465 1.2620704971386814 -17.275381595373545
7.112644607787379 -3.116274100238677 1.262557874862891 -17.27594313691265
7.098975134292388 -3.119018423630688 1.2630887679459073 -17.276490747919482
7.08520724552907 -3.1217434918681954 1.2636620555122946 -17.27702800964179
7.071341273552692 -3.1244506676420265 1.2642768695534332 -17.277556767460737
7.057377555043705 -3.127139134075485 1.2649322255541726 -17.278076736777287
7.043316433397033 -3.1298080208441075 1.2656269011478753 -17.27858758207207
7.0291582595538316 -3.132456484840588 1.2663595402550336 -17.27908899025629
7.0149033926657465 -3.135083858024221 1.2671287465995165 -17.279580810499958
7.000552200477094 -3.1376896006924544 1.2679331641406995 -17.280063004429863
6.986105059629647 -3.140273293000619 1.268771538840267 -17.280535634649745
6.971562355790552 3.14035056489007 1.2696427663585832 -17.28099896746764
6.95692448354731 3.1378057437916533 1.2705459638524685 -17.281458938431527
6.942191839763369 3.1352762411195925 1.2714804146853202 -17.281917251835086
6.927364829444228 3.1327625429136 1.272445459504389 -17.28237379294351
6.912443864612881 3.1302653958487334 1.2734405866733762 -17.2828281425476
6.8974293623519625 3.127785322596365 1.2744654753620148 -17.283280068314255
6.882321743473292 3.1253226864380803 1.2755199814324438 -17.283729472723984
6.86712143176166 3.122877569239124 1.276604098512284 -17.284176519664335
6.851828853346012 3.120449987098646 1.2777179117140858 -17.284621427746163
6.836444436438769 3.118039881329976 1.2788615519524615 -17.285064480795633
6.820968611082495 3.1156471577203257 1.2800351542033797 -17.28550599083507
6.805401808947025 3.11327178317086 1.2812388225604985 -17.28594620358652
6.789744463225302 3.1109137659596113 1.282472602730537 -17.286385317865584
6.773997008580232 3.1085732132267925 1.2837364645515836 -17.286823428706576
6.7581598811085275 3.1062502341190927 1.285030292682676 -17.287260622809235
6.742233518291302 3.1039450459044464 1.2863538805372572 -17.287696874170184
6.7262183590987314 3.1016579347754076 1.2877069331145687 -17.28813208200752
6.710114844061056 3.099389226869042 1.2890890734393363 -17.28856609945754
6.693923415373344 3.0971392686721977 1.290499851755502 -17.288998752406364
6.677644516992677 3.0949085722106875 1.2919387573719026 -17.289429696967872
6.6612785949464985 3.0926984723241833 1.2934052237785358 -17.289857773388896
6.644826098533949 3.0905083515909593 1.29489869215646 -17.29028373250698
6.628287480239995 3.088337963231077 1.2964187465992283 -17.290707967680234
6.611663196087544 3.0861872046422856 1.2979650791300388 -17.291130731099347
6.5949537057610605 3.0840548195366257 1.2995374688166759 -17.291553405557398
6.57815947130441 3.0819417028087184 1.301135702594399 -17.291975254272998
6.561280958202664 3.0798485921243373 1.3027595899459865 -17.29239567902115
6.544318635270991 3.07777638653339 1.3044089222632007 -17.292813907179877
6.5272729743554025 3.0757258908729335 1.3060834528380507 -17.293229253140503
6.510144449668617 3.073697086938598 1.3077828721495797 -17.29364186208184
6.4929335395304655 3.0716897832920016 1.3095067595561032 -17.294052058499382
6.475640727355822 3.069703822546765 1.3112545881102622 -17.29446013290211
6.458266502114683 3.0677392030288995 1.3130257513767611 -17.29486621471387
6.440811358450381 3.0657960955308967 1.3148195957916775 -17.295270250699424
6.423275796519661 3.063874715749018 1.3166354518631176 -17.295672126392702
6.405660321550779 3.0619753523546756 1.3184726559639424 -17.296071636318914
6.387965443333907 3.0600983471273415 1.3203305661180957 -17.29646850218136
6.3701916756145724 3.058244056281243 1.3222085751083892 -17.2968624104562
6.352339535438139 3.056412744675834 1.3241061178124705 -17.297253116962228
6.334409542392526 3.054604432154493 1.3260226735850131 -17.29764059923955
6.316402217721256 3.0528170816426616 1.3279577967885507 -17.298026844310186
6.298318081779258 3.051048899626231 1.329911024499723 -17.298413588601502
6.280157654370418 3.04929896513892 1.3318814435956705 -17.298801715445222
6.261921455590117 3.047566988923233 1.3338678222542897 -17.299191490414728
6.243610006712635 3.0458531976759926 1.3358687301251113 -17.299582672558124
6.225223830966531 3.044158188552463 1.3378826439889935 -17.299974653719097
6.2067634541779295 3.04248278364451 1.339908038551529 -17.300366597956824
6.18822940508647 3.0408280386578426 1.3419434599339906 -17.300757429044957
6.169622215523345 3.039194991467284 1.3439875907229653 -17.301146075143066
6.150942420230182 3.037584728870022 1.346039292372953 -17.301531400033966
6.132190556498725 3.035998241730924 1.3480976361339803 -17.30191234443196
6.113367163598366 3.034436366984486 1.3501619171322197 -17.302287982136157
6.0944727820074815 3.032899787889428 1.3522316537697983 -17.30265751984529
6.075507952594803 3.031388928493208 1.354306578337009 -17.303020402055942
6.056473215656586 3.029908498530894 1.356386530241595 -17.303371822194634
6.037369114075874 3.0284643659995476 1.3584714856128957 -17.303705805205958
6.01819618582024 3.0270580245263075 1.3605617654283548 -17.304020711301323
5.998954965940955 3.0256883249847455 1.3626577856772049 -17.304317523086812
5.979645988871668 3.024353511298063 1.3647598825615321 -17.304597825589767
5.9602697890688825 3.0230517286907097 1.3668682726833061 -17.304863300667414
5.940826900997627 3.0217813019564157 1.3689830523340025 -17.3051154502049
5.921317858880657 3.020540831578822 1.3711042162481066 -17.30535550047546
5.9017431964292815 3.0193290878466343 1.3732316782209042 -17.30558450652164
5.882103446526333 3.0181450207488547 1.3753652902490066 -17.305803342422628
5.86239914095754 3.016987683387779 1.3775048593141546 -17.30601277737035
5.842630810176842 3.015856338014043 1.3796501568912733 -17.306213370904267
5.822798983123331 3.01475024476392 1.3818009324854559 -17.30640568237081
5.80290418701249 3.01366876779443 1.3839569191763335 -17.306590166202376
5.7829469472211485 3.0126112986586358 1.3861178397159146 -17.306767248154518
5.762927787127176 3.011577285558469 1.3882834095734917 -17.306937296899413
5.742847228027664 3.010566166493903 1.3904533388291351 -17.307100690906964
5.722705789088827 3.0095774559717277 1.3926273322772353 -17.307257732795065
5.70250398732794 3.0086106298306903 1.3948050905549643 -17.307408763699517
5.682242337561486 3.007665183479558 1.396986309445863 -17.30755410640991
5.661921352427638 3.0067406703989215 1.3991706780655828 -17.30769402735148
5.641541542440572 3.0058366542288466 1.4013578795887087 -17.307828784274342
5.621103416054956 3.004952680182605 1.4035475915140758 -17.30795865490639
5.6006074797260705 3.004087891201326 1.405739492870507 -17.30808431780892
5.580054237642733 3.0032401935300994 1.407933279157848 -17.30820768068525
5.559444190363642 3.002411298103111 1.4101285624974744 -17.308326881988965
5.538777835849973 3.001601926061469 1.412324956348174 -17.308441029587815
5.518055669713425 3.0008123127462762 1.4145220631308557 -17.308549706743207
5.497278185314339 3.000042412684628 1.4167194794382616 -17.308652772910882
5.4764458738348605 2.999292074280523 1.4189168023586616 -17.308750192611058
5.455559224385152 2.9985609743186323 1.4211136396042356 -17.30884210246422
5.434618724044922 2.9978488686530733 1.4233096092293045 -17.30892856387449
5.413624858105656 2.9971559955446265 1.4255043369508975 -17.309009163158436
5.3925781107724235 2.996483304151019 1.4276974967005318 -17.309082781003234
5.371478966186227 2.9958314890072435 1.4298890515994944 -17.309148534852692
5.350327906408242 2.9952005545521314 1.4320792269110425 -17.309206221308465
5.329125410341892 2.9945898377517803 1.4342684336817118 -17.309256300512427
5.307871953097679 2.9939982020525178 1.43645718445793 -17.309299708487984
5.286568005660815 2.99342429700318 1.438646008885627 -17.309337602232876
5.265214034817327 2.9928666537221957 1.4408353848146755 -17.30937126605625
5.243810503244097 2.99232382812614 1.443025680854541 -17.30940196995136
5.222357869762234 2.9917945531595374 1.4452171154750753 -17.309430817824015
5.200856589727981 2.9912777663588823 1.4474097346228163 -17.309458719213232
5.179307115546188 2.990772647173166 1.4496034043276773 -17.309486351121304
5.157709897237244 2.9902786831944512 1.451797816983514 -17.309514090963514
5.136065383047829 2.9897955160448344 1.453992512406407 -17.309542168384322
5.114374020011013 2.9893230945198006 1.4561869002546917 -17.3095705121581
5.092636254615883 2.9888615303585317 1.4583802934488748 -17.309598892173703
5.070852533331851 2.988411069542023 1.4605719409257734 -17.30962694719642
5.049023303071927 2.987972073243262 1.4627610612550845 -17.309654203081145
5.027149011634485 2.9875449510417007 1.4649468742745044 -17.309680138733395
5.005230108056541 2.987130103581642 1.4671286281223146 -17.309704242545546
4.983267042864675 2.9867279708530883 1.4693056201712804 -17.309725964242396
4.961260268282039 2.9863389268954355 1.4714772155278877 -17.309744819222352
4.939210238325729 2.9859632800527875 1.473642856661982 -17.309760388301804
4.9171174088724685 2.9856012443524946 1.4758020680296455 -17.309772346130732
4.894982237648137 2.985242856559844 1.4779546473068679 -17.309790493416386
4.872805177594314 2.9848877389497623 1.4801002704400965 -17.30981511200696
4.850586682966164 2.9845361097832726 1.4822386699291852 -17.30984589185082
4.828327209892527 2.9841882076813944 1.4843696374811288 -17.309882502708348
4.806027216390956 2.9838442053366756 1.4864930201977293 -17.30992467999505
4.783687162315683 2.983504266782513 1.4886087094082456 -17.309972167735204
4.761307509333779 2.983168556670358 1.490716630527477 -17.310024709134133
4.738888720821623 2.982837258984872 1.4928167327413193 -17.31008202762205
4.716431261747653 2.982510548119603 1.4949089810841143 -17.310143855623572
4.6939355986121285 2.982188626861464 1.4969933447281287 -17.310209896571436
4.6714021993311645 2.981871716622154 1.4990697905350088 -17.310279834586364
4.6488315331976136 2.9815594445926514 1.5011382852713022 -17.31035394438833
4.626224072437358 2.981250882225624 1.503198899528421 -17.31043307590909
4.603580294096906 2.98094545017095 1.505251793016155 -17.310517759400888
4.580900680744098 2.980642248983551 1.5072970240387957 -17.31060886470491
4.558185720538484 2.9803318641194285 1.5093345301248453 -17.310715760607387
4.535435902614784 2.9800175860904643 1.5113637647545906 -17.310835185147763
4.512651720942117 2.9797005186537278 1.5133838854154797 -17.31096607305109
4.489833680230061 2.9793811315977585 1.515393705340428 -17.311108008272505
4.466982298937135 2.9790598319892396 1.517391751738809 -17.311260647820568
4.444098110834386 2.978737160362902 1.5193763638829674 -17.311423517063375
4.421181665633949 2.9784137857941673 1.5213458050682398 -17.311596005388882
4.398233528843695 2.9780947562693347 1.5232983047722566 -17.31177312063071
4.375254283209772 2.9777825442662063 1.5252322895685009 -17.311952405255894
4.352244523226634 2.977478289383702 1.5271461690676078 -17.31213268866081
4.329204852283577 2.977182995462979 1.529038361209307 -17.312312895029393
4.306135881247823 2.9768974682158063 1.53090744387886 -17.31249210837322
4.283038226768386 2.976622261525431 1.5327522895665586 -17.312669628303453
4.259912509147815 2.97635773770326 1.5345721758601345 -17.312844911915413
4.236759349853793 2.9761039453983074 1.536366873382207 -17.313017697380193
4.213579368693027 2.975860726976298 1.538136694519448 -17.313187899520088
4.190373180747768 2.975627137633956 1.5398825202081465 -17.31335619248955
4.167141392912073 2.975401429816561 1.541605778609585 -17.31352403075725
4.143884600730304 2.975185759966716 1.543308360527155 -17.313688960660592
4.120603388890014 2.974980322502809 1.5449929720593603 -17.313850520530902
4.097298334461535 2.974784249431797 1.546662873034091 -17.31400935776098
4.0739700088098525 2.9745961373147534 1.548321601494088 -17.31416670738883
4.050618978961415 2.9744142717452213 1.5499726912733516 -17.314324165506306
4.027245808679743 2.974236848517525 1.551619390227157 -17.314483462233948
4.003851059307176 2.974062191528486 1.553264398819217 -17.314646234080715
3.9804352903110827 2.9738888540760446 1.5549096502029944 -17.314813910210262
3.956999059522216 2.9737157575994995 1.556556146309864 -17.314987560009925
3.933542923007009 2.9735423495800672 1.5582038609753683 -17.315167721017872
3.910067434535997 2.9733686094728773 1.5598517234320637 -17.31535437871488
3.88657314469223 2.9731950575919304 1.5614976815578467 -17.315546945717365
3.8630605996271554 2.973022289329187 1.563138845322414 -17.31574471702441
3.839530339418997 2.972846847437009 1.564771744888058 -17.315950986142624
3.8159828945162793 2.9726766734179937 1.5663923611304051 -17.316157624184175
3.7924187898446755 2.972502409757926 1.5679966510741232 -17.316373688122667
3.7688385348757105 2.9723281389029466 1.5695797666131022 -17.316594647793632
3.745242601476111 2.9721806975013467 1.5711365999992746 -17.316793014842602
3.7216314131456563 2.972076400936297 1.5726630168086573 -17.316951527198956
3.698005332184069 2.9720431163578884 1.5741569461449716 -17.317041154581865
3.6743646330940867 2.9720829605431907 1.5756185436498393 -17.317058353756074
3.6507094760740904 2.9721957975245665 1.5770495403396712 -17.31700175952369
3.62703989520955 2.9723851293101204 1.5784532183117397 -17.316866362012135
3.6033557955326456 2.972680210071632 1.5798340745617292 -17.316621486135247
3.579656970698748 2.9730220399573266 1.581199101693982 -17.316324721664266
3.555943102860301 2.973336404805581 1.5825576116148061 -17.316049447602936
3.5322137799239566 2.973590851842075 1.583921224763578 -17.315828059498735
3.5084685287348925 2.9738187536971665 1.5853012531117368 -17.315627689015074
3.4847068816097284 2.9739915506367116 1.5867070065498836 -17.31547760034602
3.460928426506578 2.974114047399776 1.5881453116249646 -17.315374395820264
3.437132869468715 2.974131620910881 1.5896189836063244 -17.31537454707999
3.413320069737581 2.974005955315851 1.5911227265952446 -17.31551873066909
3.3894901003285995 2.973754431759998 1.5926448944148126 -17.315792601497385
3.3656433159552255 2.9735607335583265 1.5941652069395809 -17.31601611779619
3.34178046642004 2.9733634440237777 1.5956575812920057 -17.316253875791322
3.317902706933974 2.9731641495042997 1.59708607673295 -17.31650749357038
3.2940115748549004 2.972928605602108 1.5984131783557076 -17.31681367053202
3.270108917931233 2.9725943807808424 1.5996048571612478 -17.317236504592838
3.2461968141706365 2.9722633117713997 1.6006339615722947 -17.317675206138695
3.2222775238367323 2.9719209701010127 1.601486143128441 -17.318143809512044
3.1983532921472664 2.971652122547015 1.6021565423023516 -17.318555987568708
3.1744262429070798 2.971480311667856 1.6026494864122964 -17.318885359640486
3.1504982782971087 2.971421593777451 1.6029782601291713 -17.319112347118008
3.126571023312895 2.9714469214270833 1.603166672476871 -17.31926203843195
3.1026457646875003 2.9717289139378154 1.603247660244727 -17.319157805816587
3.0787235008265013 2.9733232963626484 1.6032698907643854 -17.317739430803716
3.05480525276624 2.9758232188291416 1.6032888085840937 -17.315407893821092
3.0308916976057723 2.977991572066435 1.6033628212768276 -17.313396271587823
3.0069828485626995 2.979353656658443 1.6035543943029882 -17.312177841871318
2.9830781421584116 2.980310666808747 1.6039176594969549 -17.311350683297135
2.9591766899477596 2.9811956205202987 1.604483372091325 -17.310580280913925
2.935277395806108 2.9821226452431566 1.6052598203694033 -17.309750805234188
2.9113790758912197 2.9830631316568295 1.6062375842734626 -17.308889976054047
2.8874805327212596 2.9839298871422026 1.6073973039261578 -17.308085164994786
2.86358059064794 2.984623103415859 1.6087141496245052 -17.307437332903266
2.8396781129999553 2.985274614118461 1.6101552289634655 -17.306816685689597
2.8157720875750143 2.9853104191088105 1.611691600252468 -17.306798964562947
2.7918614072146024 2.9851019034321213 1.613277951556822 -17.30701610866273
2.7679451772568235 2.9847640594169733 1.6148713774907937 -17.307355655226893
2.744022771645619 2.984284436633934 1.616434468766552 -17.30783312730619
2.720093857986562 2.9836387977394527 1.6179285895146984 -17.30847655337522
2.6961585031668953 2.982873543370991 1.6193106796930674 -17.3092436740655
2.6722172561267734 2.9823072470113723 1.6205324112067148 -17.309819376699963
2.6482712839577935 2.981815988204384 1.6215499341870794 -17.310329187431968
2.6243222390346355 2.9812833399162346 1.6223220876454403 -17.31089098564149
2.60037211899954 2.9807426521497695 1.6228188005928765 -17.31147256092285
2.5764231257124766 2.980247634031619 1.623028995412991 -17.31202026711793
2.552477555065746 2.979843730313075 1.622960899436445 -17.312487708812355
2.5285377070453734 2.9795342189146283 1.6226379022818789 -17.312869898784506
2.5046058085585368 2.979312280251127 1.622095718147321 -17.313171539862594
2.480683964375346 2.979202971300321 1.6213819631457143 -17.31336539621604
2.4567741539244774 2.9791184972039315 1.6205519067094512 -17.31353767671061
2.432878281987925 2.9790296114584276 1.6196651641780295 -17.313717232562666
2.4089982789900857 2.9789350467708013 1.618779715104715 -17.313905770191305
2.3851361605659016 2.97888622611598 1.6179415696556345 -17.31405201264814
2.3612939644981528 2.9789813535701235 1.6171855905371706 -17.314057284068202
2.3374736841698236 2.9800035571631853 1.6165423531537937 -17.31313598936585
2.3136772590949737 2.9818458310901157 1.616026715105744 -17.31139128730807
2.289906394636503 2.9843006069953835 1.6156458865077858 -17.309026901727222
2.2661624895760943 2.9875485432206097 1.6154028873837918 -17.305857474638202
2.242446600880141 2.9918576524121785 1.6152985949580905 -17.301608598844584
2.2187593697524073 2.997216067005034 1.615335172692951 -17.29628467403598
2.1951009299652067 3.0013638687695017 1.6155164566332652 -17.29214232415402
2.1714706678626285 3.0039135277630704 1.615849253881387 -17.289567997932522
2.147867209928927 3.0054130374749164 1.6163121101383788 -17.288010699425328
2.124288446339061 3.005981777101387 1.6168741705837253 -17.28734818331892
2.100731622682332 3.0059760823746253 1.6174974234080504 -17.28722074038498
2.0771934453965875 3.0061006089463462 1.6181387137127135 -17.286919345081188
2.0536704063685103 3.0067285723527 1.618758580688595 -17.28606712595778
2.0301590725785807 3.0075456065015778 1.61932336010485 -17.2849767759363
2.0066561404195165 3.008426017875086 1.6198048931608309 -17.2837748676168
1.9831585966271024 3.008489518627837 1.620185076437283 -17.283344328872992
1.959663533223752 3.0079409323299346 1.6204506178120341 -17.283486799041043
1.936168594788106 3.0071852235715006 1.6206026495286783 -17.28380413106848
1.912672182855436 3.006324888091427 1.6206561983769934 -17.28420019289073
1.8891735060382262 3.005337328182413 1.6206236506178782 -17.284703407218586
1.8656725590517145 3.004051844861633 1.6205012463447033 -17.285490734189565
1.8421701063443419 3.0017847196618237 1.620272826833902 -17.287254385851522
1.8186676708519833 2.998996079749613 1.6199127655566485 -17.28954550512095
1.7951680988036627 2.996096484085512 1.6193875631123815 -17.29196186561272
1.7716753875486437 2.9932435219934765 1.6186613801210867 -17.294351565101604
1.7481943152652226 2.9906050862961346 1.6176949487835774 -17.296549378734596
1.7247301455683388 2.988228550196312 1.6164561398899204 -17.29850724994715
1.7012882723680867 2.9863921789263665 1.6149312610050368 -17.29994347201037
1.6778740219693495 2.985192819402587 1.6131257838410042 -17.300754928618076
1.654492424966355 2.9843572707046544 1.6110607956591452 -17.301207667343807
1.6311480534080172 2.983584213041706 1.6087738006638859 -17.301596670864647
1.6078449706379891 2.982774419039172 1.6063213100441716 -17.302015832824072
1.5845868084554888 2.9829001176276195 1.6037985163243331 -17.301484188250168
1.5613768001874837 2.984956193542889 1.6013136282120943 -17.298993317546365
1.5382176319918108 2.9883342771636885 1.5989321295149463 -17.295140157676922
1.515111362343924 2.992035762111449 1.5966958446683388 -17.29091661564921
1.4920594557638316 2.995743420193267 1.5946355769918839 -17.286633501133487
1.4690627198017454 2.9977257031351185 1.5927468776913405 -17.28402045717267
1.4461210950669114 2.99786928126085 1.5910610550723725 -17.283188771450824
1.42323351690556 2.9966852803991335 1.5896110443622673 -17.2836214904369
1.4003978992546329 2.9950595239840436 1.58843292432738 -17.284421371252336
1.3776111257999668 2.9935606994584765 1.5875432538266838 -17.285005524063873
1.3548690836183048 2.991943985691813 1.5869346283778925 -17.28560636137069
1.332166670545021 2.990394357714678 1.5865867508613456 -17.28602926807458
1.3094983135641578 2.9892002487166898 1.586462557054984 -17.28597726062926
1.2868583434533243 2.9891029815823256 1.586509859963219 -17.284701789164146
1.2642414692024468 2.9906665760156677 1.5866678051047882 -17.28163201269328
1.2416431375877677 2.9937424851876395 1.5868846531397973 -17.276909738019867
1.219059428863566 2.996479687237403 1.5871276447283458 -17.272381948840977
1.1964862129292038 2.9962784704658163 1.587360927668855 -17.27065556061654
1.1739186375840813 2.99400605507944 1.5874986709535939 -17.270889219656393
1.1513533940297793 2.99104926926417 1.5874671126697988 -17.271719898596437
1.1287897278116572 2.9871972634722455 1.5872100520976555 -17.27337396488334
1.1062290346600767 2.9824220165153097 1.586641752338282 -17.275894163821693
1.0836746866371842 2.9784485458702834 1.585667552331521 -17.277568664674963
1.0611330483320645 2.9748083205446214 1.584182320798221 -17.27886178397134
1.0386113645234827 2.9714848611096065 1.5820974530746392 -17.27978429063407
1.0161177730558586 2.9685167805870587 1.5793519315511506 -17.280287407357616
