8.03707264155419 -0.6024211953912354 1.0601961250293281 -40.30216688503982
8.029158448645937 -0.6011533006310917 1.0585259283219708 -40.30207922580069
8.021220335763807 -0.6002553848690969 1.0570668770516136 -40.302245352987406
8.01326059447994 -0.6001370399242504 1.0558988076294213 -40.30304649202864
8.005282283031612 -0.6004791405603094 1.0550686369042706 -40.304150291617596
7.9972888964832896 -0.6010701048658561 1.0545854238949994 -40.305352016784944
7.989283893634111 -0.6013369859344031 1.0544245501907439 -40.30610005220263
7.9812703590021155 -0.6011217829881865 1.0545327280204375 -40.30627699140906
7.973250455700346 -0.5999205679334797 1.054832305455215 -40.30542772290341
7.965225427067131 -0.5984458908790551 1.0552282762549419 -40.30433472080841
7.957195220697487 -0.59728419945301 1.0555796655374121 -40.30366431169132
7.9491580203816365 -0.5963505434052896 1.0557496496076897 -40.303391834856065
7.9411105455933075 -0.5953607647562867 1.0556311187619074 -40.30329123649859
7.933048209117629 -0.5942138491853651 1.0551415837916172 -40.30330884891299
7.924965472748383 -0.5928067149772754 1.0542166206584982 -40.30338302386925
7.916856032967146 -0.5909973673329865 1.052814269148983 -40.303409369452226
7.908712989033843 -0.5883876548912531 1.0509207630205186 -40.3030184695091
7.900529150783781 -0.5849965881255672 1.0485374278201782 -40.302262077903784
7.892297106415103 -0.5808943257175402 1.045673958494105 -40.30123958565988
7.884009268953097 -0.5761832762041503 1.0423486866890113 -40.300078248735225
7.875657928963532 -0.570939541875768 1.0385878424924975 -40.2988683782697
7.867235423792319 -0.5652145690160351 1.0344271354804038 -40.29766634407258
7.858734293091091 -0.5590460418793957 1.0299129826962827 -40.29650705489352
7.850147418106068 -0.5524787603048227 1.025102004021435 -40.295426695120675
7.841468130651293 -0.5451335613954832 1.020083592542489 -40.294003943052445
7.832690853359174 -0.5370258452066946 1.0149397056577594 -40.29222268744991
7.823810974858086 -0.5284207740342675 1.0097407825137785 -40.2903263633753
7.814824574707215 -0.5200190368468942 1.0045389920869643 -40.28902278052318
7.805727708908972 -0.5119002315623495 0.9994250108058579 -40.28832338735421
7.796517691618717 -0.5034824503582406 0.9944947015999361 -40.28747945593045
7.787194310350081 -0.495107311421084 0.9897515065306856 -40.28673508287903
7.77775860409687 -0.48738282054988413 0.9851669976147812 -40.286660621108446
7.7682119791176465 -0.4803171507723355 0.9807543076060611 -40.28721799672459
7.758556344617841 -0.47375759968340486 0.9765316028784565 -40.288213970158104
7.748794053005522 -0.4675432957327053 0.9725084446203035 -40.28945807320444
7.738927743212819 -0.4615202336768309 0.9686824698091597 -40.29077724864971
7.728960186055161 -0.4555574402103921 0.9650380470582138 -40.29203204365825
7.718894129152052 -0.44955877092433355 0.9615466725587083 -40.29312823058226
7.708732143998523 -0.44340632860653173 0.9581707310803377 -40.29395494195266
7.6984765536166835 -0.4370312179215726 0.954862949982992 -40.29446038351926
7.688129306316522 -0.43050609738187867 0.9515665795328798 -40.29475040051346
7.677691826086802 -0.42407993227622404 0.9482214329338479 -40.29512433995393
7.667164785833928 -0.41776812078554937 0.9447885461488208 -40.29564084732116
7.656548184957473 -0.4113862025817923 0.9412638393600086 -40.296152146903495
7.6458415689903605 -0.4048085729414737 0.9376612471099123 -40.296571404849054
7.635044019992307 -0.3979320019862088 0.9340053515672736 -40.29682165700271
7.624154432728482 -0.3910024871073792 0.9303098620140956 -40.29718746868
7.6131714003236866 -0.3840462940607287 0.9265952127409598 -40.2976984440838
7.6020935798951825 -0.3770478254281418 0.9228796337058986 -40.298333524712426
7.590919767234254 -0.3699482949590038 0.9191792105912793 -40.29902258955628
7.579648954321679 -0.36270882512017916 0.9155058593821498 -40.29971597632738
7.56828028013353 -0.35528723345315516 0.9118686656473237 -40.3003583345285
7.556813050926326 -0.3476844866564793 0.9082721150950956 -40.3009403604582
7.54524671482145 -0.3399345285278946 0.9047170543583939 -40.30148769840074
7.533580833149095 -0.3320659157042622 0.9012029650151825 -40.30201934053029
7.521815080180497 -0.3241023904660154 0.897728654461813 -40.302549343611034
7.509949235144533 -0.316063086427957 0.8942928428458132 -40.30308768513546
7.497983170767556 -0.3079629073839227 0.8908945861957169 -40.303640959518965
7.485916841055074 -0.2998118669856086 0.8875335767551523 -40.30421168980862
7.473750271482082 -0.29159790205386876 0.8842108644791091 -40.30477933041496
7.461483574604761 -0.28333931218115277 0.8809269899963849 -40.30535773519552
7.449116902466246 -0.2750425736646246 0.8776833921510846 -40.305949660494846
7.436650435658523 -0.2667087392316616 0.8744824191016918 -40.30655333616627
7.424084373856038 -0.25833635506540836 0.871327159042091 -40.30716520365648
7.4114189291097565 -0.24992316675119713 0.8682211913182428 -40.30778138211719
7.398654321566547 -0.2414668595724024 0.8651683330500206 -40.30839815706734
7.385790777384724 -0.2329655722849723 0.8621724056129518 -40.30901230901579
7.372828528084798 -0.22441815294783043 0.8592370497384025 -40.309621236700394
7.359767810857745 -0.21582425601392974 0.8563655876218875 -40.310222971280325
7.346608869421783 -0.20718433337102793 0.8535609365029944 -40.310816130060395
7.333351955081163 -0.19849959053483326 0.8508255660049193 -40.31139986834639
7.319997327752141 -0.1897718837807551 0.8481614929465009 -40.31197379217641
7.3065452567731155 -0.18100357582269955 0.8455703025402465 -40.31253784191072
7.292996021553825 -0.17219740571059378 0.8430531901116262 -40.31309219508141
7.2793499119482 -0.16335644969719967 0.840611008570193 -40.313637273512086
7.265607228293949 -0.15448434477750578 0.8382443156529759 -40.31417403570577
7.251768280770597 -0.1455847470867294 0.8359534403937544 -40.314703415655956
7.237833388883117 -0.13665986907364655 0.8337385571073809 -40.3152247454987
7.223802882501616 -0.12771271271268567 0.8315996611009078 -40.31573826840271
7.209677100707107 -0.11874653917483743 0.8295366291022161 -40.316244551742834
7.195456390959861 -0.10976674864644284 0.8275492225944902 -40.31674656714586
7.1811411057256915 -0.10077661778427172 0.825637205879447 -40.31724497379561
7.166731602936951 -0.09177837315516142 0.8238005820770464 -40.31773929168797
7.152228246653539 -0.08277533422030095 0.822039571026017 -40.31823025691018
7.1376314057743295 -0.0737745885701243 0.8203544664818018 -40.31872276386639
7.1229414498476045 -0.06477848538809484 0.8187457210038863 -40.3192164906583
7.108158755794862 -0.05578836629901541 0.8172138672387281 -40.31971021295062
7.093283705985677 -0.04680542498869853 0.8157593390392985 -40.32020263790646
7.078316687246194 -0.037831045945686745 0.8143823843601821 -40.320692713111335
7.063258090366981 -0.028866906383132364 0.813083027780802 -40.321179705701546
7.048108309984071 -0.019914892711946023 0.811861062472569 -40.321663099563644
7.03286774465113 -0.010977141207141787 0.8107160537990458 -40.3221426435032
7.017536796903466 -0.0020559756832678714 0.8096473579823974 -40.32261829434665
7.002115873307423 0.006846190420672 0.8086541474846743 -40.32309012194375
6.986605384470054 0.01572688629297172 0.8077354373308059 -40.32355828981476
6.97100574499925 0.02458361452299799 0.8068901158348321 -40.32402303584901
6.955317373372232 0.03341394806270943 0.8061169760816063 -40.32448457712548
6.939540691766873 0.04221547006433677 0.8054147406450853 -40.324943185731314
6.923676125802227 0.05098603826832172 0.8047820896451834 -40.325398903767145
6.9077241045338384 0.0597239535100016 0.804217682745811 -40.32585136283902
6.891685060913185 0.06842563553201023 0.8037201402038657 -40.32630233986215
6.875559430398972 0.07708841246946198 0.8032879697811883 -40.326752652949786
6.859347650940838 0.08571096570621414 0.8029196038063958 -40.32720172122619
6.8430501636243735 0.0942917978672154 0.8026134399359246 -40.32764928246017
6.826667412282179 0.10282928057575907 0.8023678953196673 -40.32809532773142
6.8101998430050275 0.11132184817806563 0.8021814343586904 -40.32853987445432
6.793647903834872 0.11976793144276675 0.8020525833571215 -40.328983024399406
6.777012044456699 0.12816624014806802 0.8019799377478923 -40.32942464137896
6.760292716247591 0.13651589366237424 0.8019621606571179 -40.32986419969873
6.7434903719800925 0.1448158725817923 0.8019979723872198 -40.330301294463546
6.726605465937865 0.15306445032364052 0.802086154525889 -40.330736153180425
6.709638455694698 0.16125972125607152 0.8022255779704167 -40.33116911753517
6.692589803197166 0.16939982629079361 0.8024151885707627 -40.33160044906761
6.675459975379801 0.17748313827115825 0.8026539821956579 -40.332030173467125
6.6582494444560805 0.1855081691533447 0.8029409749803997 -40.332458220328895
6.640958687828308 0.19347362604646545 0.8032751808310691 -40.332884392488765
6.623588187850883 0.20137840601440277 0.803655594406513 -40.33330839313665
6.606138431444896 0.20922153655466175 0.8040811788201339 -40.33372991015262
6.58860990952394 0.21700218548110073 0.8045508624235702 -40.3341486155454
6.5710031163808145 0.22471965604401115 0.8050635367067964 -40.33456417484796
6.553318549074235 0.23237175237945146 0.8056180736802968 -40.334978024939154
6.535556705030307 0.2399561402934282 0.8062133232180243 -40.33539188210358
6.517718081726588 0.2474710238408315 0.8068484284622351 -40.33580678563553
6.499803177315623 0.2549150952534246 0.8075228114450219 -40.336223118634436
6.481812491414998 0.262287490960788 0.8082360593399814 -40.336640700211426
6.463746525847353 0.26958764794227996 0.8089878275314989 -40.3370589915914
6.445605785180993 0.2768152935299432 0.809777759532726 -40.33747715957607
6.427390777102219 0.2839703640143699 0.8106054258805242 -40.337894216226886
6.409102012484207 0.29105299884551233 0.8114702807194853 -40.33830907322857
6.3907400052280945 0.29806350617742994 0.8123716308081053 -40.338720616081865
6.37230527190943 0.3050022609575064 0.8133086227627604 -40.33912784519044
6.353798331132693 0.31186977696433155 0.8142802396015436 -40.33952981792604
6.335219702845547 0.3186665820178373 0.8152853114636871 -40.339925791108726
6.316569907436749 0.3253932691020135 0.8163225351126345 -40.3403151642306
6.297849464823068 0.3320519542119744 0.817390475701395 -40.34069590136969
6.279058895069095 0.3386482772615307 0.8184875678397793 -40.34106237288767
6.260198718000916 0.3451865906297504 0.8196121271917198 -40.34141045067447
6.241269447734655 0.3516672041455021 0.8207623221786307 -40.341740306240865
6.222271596604244 0.3580891596164336 0.8219364029212696 -40.34205343847304
6.203205676521901 0.3644512613602861 0.8231327652022837 -40.342351577541045
6.184072199243885 0.3707523962884384 0.8243499564783829 -40.34263635079641
6.164871676272679 0.37699169174005237 0.8255866598099217 -40.34290912045357
6.145604618715885 0.38316847183280783 0.8268416759115284 -40.34317104002288
6.12627153700358 0.3892822442036409 0.8281138996536693 -40.34342307314301
6.106872940661779 0.3953327326087218 0.8294023036140866 -40.34366596470145
6.0874093381539325 0.4013197905901067 0.8307059224511928 -40.34390033590093
6.067881236702087 0.40724337847644154 0.832023841984348 -40.34412671260102
6.048289142115814 0.41310358325168933 0.8333551878666328 -40.34434550621788
6.028633558672295 0.41890056403562864 0.8346991182274665 -40.34455707091682
6.008914989003387 0.42463450952376697 0.8360548197741036 -40.34476175104503
5.9891339339726475 0.4303056703164602 0.8374215029567021 -40.344959843283185
5.9692908926005295 0.43591434885696967 0.8387983988246228 -40.34515160622094
5.949386362020696 0.44146087071023055 0.8401847579134902 -40.34533728898956
5.929420837419096 0.44694555415450804 0.8415798492702024 -40.34551715999428
5.909394812016067 0.4523687513915844 0.8429829600827967 -40.345691459493956
5.889308777086037 0.4577308192309893 0.8443933960494862 -40.345860428246795
5.869163221958819 0.463032124532149 0.8458104814223577 -40.346024298150326
5.848958634057809 0.4682730435569227 0.8472335586068398 -40.34618329222915
5.828695498970114 0.47345394918179085 0.8486619882746328 -40.34633763433284
5.808374300495607 0.4785752543123305 0.8500951484327179 -40.34648750158853
5.787995520743061 0.4836364888660229 0.8515324489834111 -40.34663399544927
5.767559639482646 0.48863734305534023 0.8529733120990124 -40.34677803753162
5.747067133405835 0.49357995146790595 0.8544171453796537 -40.346917978998704
5.7265184769477715 0.49846561050114646 0.8558634250293475 -40.347053074038506
5.705914142478572 0.5032952796790824 0.8573116798509134 -40.34718293809808
5.685254600425343 0.5080697027527787 0.8587614735206275 -40.34730741512365
5.6645403193316115 0.5127894765652177 0.8602123879614785 -40.34742650180481
5.643771765982229 0.5174550757904361 0.8616640129968426 -40.34754031927669
5.622949405433197 0.5220669876490683 0.8631159373408607 -40.347648970449704
5.602073701228769 0.5266261300939391 0.8645677350098978 -40.34775210209675
5.581145115948591 0.5311341427289934 0.8660189516200028 -40.347848618350405
5.560164112557897 0.5355927170972895 0.8674690093548405 -40.34793760296117
5.539131152340561 0.5400031123257636 0.8689172038608434 -40.34801876143838
5.5180466937982855 0.5443660323728703 0.8703627393496791 -40.34809248161981
5.496911191978972 0.5486817819539515 0.8718047711872406 -40.34815960795461
5.4757250981448315 0.5529504162475304 0.8732424540821696 -40.348221233995645
5.454488859629127 0.5571717880579474 0.8746749823218476 -40.348278608885636
5.433202919868344 0.5613457056048653 0.8761016223318693 -40.348332938567175
5.411867718667135 0.5654720220962538 0.8775217374190291 -40.34838527206403
5.390483692549595 0.5695506141015987 0.8789348021846447 -40.348436511343664
5.369051275197513 0.573581461624153 0.8803404029930195 -40.34848732556888
5.347570897995717 0.5775646989021644 0.8817382324577685 -40.348538103166746
5.326042990626579 0.5815005166511438 0.8831280790323018 -40.34858906555766
5.304467981613206 0.5853892971056968 0.8845098059335038 -40.3486401426774
5.2828462989346505 0.5892314590671037 0.8858833336269989 -40.34869115316539
5.261178370542804 0.5930275338211086 0.8872486158154546 -40.348741746386565
5.23946462482682 0.596778093021505 0.8886056172961715 -40.348791496956025
5.217705491051478 0.6004838054650042 0.8899542950970039 -40.348839865820274
5.195901399696148 0.6041453066656747 0.8912945836333049 -40.348886352042264
5.174052782674008 0.6077632680376559 0.8926263781973872 -40.34893043513583
5.152160073571857 0.611338324658354 0.8939495283555399 -40.34897166038195
5.130223707721634 0.6148711102891232 0.895263831748788 -40.349009609960106
5.108244122278379 0.618362215643689 0.8965690334436355 -40.349043950402404
5.086221756185575 0.6218122071563699 0.8978648278211839 -40.34907441350946
5.064157050152753 0.6252185718121714 0.8991509102926022 -40.34910394988954
5.042050444482857 0.6285742235369537 0.9004270005455853 -40.349140253780796
5.019902375902131 0.6318799813664404 0.9016926528257012 -40.349182872451884
4.997713282802941 0.6351365863415531 0.9029473955024084 -40.349231457154794
4.975483605294611 0.6383447628500343 0.9041907367969171 -40.34928569650884
4.953213785184399 0.6415052429703719 0.9054221710205557 -40.349345287992044
4.930904265947723 0.6446187722135558 0.9066411873935455 -40.349409928457604
4.908555492646538 0.6476860872910402 0.9078472742185092 -40.34947933331553
4.8861679118192916 0.6507079403059952 0.909039926217788 -40.34955320799856
4.863741971405069 0.6536850945512711 0.9102186490656277 -40.34963124809653
4.841278120681447 0.6566183203896785 0.911382965166559 -40.34971313946471
4.818776810146783 0.6595083374855151 0.9125324174996378 -40.349798615439575
4.7962384914439395 0.6623559060218168 0.9136665719551628 -40.34988736155321
4.773663617268583 0.6651614160492105 0.9147850232470945 -40.349979434922346
4.751052643575502 0.6679250316787003 0.9158872157881094 -40.35007499654722
4.728406031415745 0.6706463954355357 0.9169726055388608 -40.350174522713594
4.705724248450207 0.6733174482395281 0.9180407686986458 -40.3502862254204
4.683007765047373 0.6759379390306139 0.9190911943570367 -40.350410191315085
4.660257055508284 0.6785090629119547 0.9201232876838461 -40.35054480141068
4.63747260355726 0.6810307052108412 0.9211364545793119 -40.35068955143944
4.614654905963228 0.683502359119339 0.92213013079751 -40.3508441804724
4.591804474194957 0.6859235101013793 0.9231037835983378 -40.3510083616254
4.568921834887028 0.6882937971642366 0.9240569021351952 -40.35118162182037
4.546007529501928 0.6906137751619105 0.9249889822841205 -40.35136264242661
4.52306211363202 0.6928879191288656 0.9258994857214711 -40.351546263396855
4.500086157075502 0.6951168227471533 0.9267879633248091 -40.35173149750883
4.477080236779032 0.6973012130897508 0.9276542085886801 -40.351917310137694
4.454044935382154 0.6994417939438512 0.9284981646809857 -40.35210283774376
4.430980839635224 0.7015393842690189 0.9293198472044178 -40.35228730137604
4.407888538617125 0.7035948257334789 0.9301192834671729 -40.352470149169896
4.3847686216331505 0.705609073483237 0.9308964661474595 -40.35265099908554
4.361621675923608 0.7075832170712935 0.9316513211803823 -40.35282963928812
4.3384482842084795 0.709518538101598 0.9323836914366302 -40.35300597190278
4.315249022155705 0.7114148818714326 0.9330933458401393 -40.353181654173795
4.292024455146992 0.7132746478242787 0.9337799503730939 -40.35335600111052
4.268775138117519 0.7151013707040064 0.9344428317802888 -40.35352742842237
4.24550161720045 0.7168972305105243 0.9350807687938004 -40.3536958896779
4.222204432566421 0.7186636792446378 0.935692134402787 -40.35386211619702
4.198884120180942 0.720401674021005 0.936275058310394 -40.354027256797735
4.175541213077502 0.7221117296832616 0.9368276054774167 -40.35419270765008
4.152176242298908 0.7237940785271125 0.9373479587182237 -40.354359846283664
4.128789737610215 0.725448795102932 0.937834591880865 -40.35452982229749
4.105382227904223 0.727077639605623 0.9382864123553321 -40.35470163140143
4.081954242154429 0.7286778366361314 0.9387029252165447 -40.35487840736479
4.058506307756751 0.7302483152173656 0.9390843786162606 -40.355061135832344
4.035038947655194 0.7317889536566949 0.9394316907886556 -40.35524945471524
4.011552679418966 0.7333001999881015 0.9397463591979845 -40.35544209191137
3.988048015181519 0.7347789299159685 0.9400303695119594 -40.35564113540498
3.9645254601918256 0.7362292452779187 0.9402860261892365 -40.355841180691776
3.9409855164393153 0.7376473300398039 0.9405159464655531 -40.35604481192336
3.9174286812925376 0.7390340680154645 0.940723896213221 -40.35625002463802
3.893855434368219 0.7404052919404945 0.9409151241044095 -40.356440138308365
3.8702662241946166 0.7417666635983419 0.9410964631437323 -40.35660959937175
3.846661448433669 0.743149196824582 0.941275475628495 -40.356728643248324
3.8230414474825403 0.7445659399350073 0.941460022812492 -40.3567876260375
3.7994064694219114 0.7460253627437056 0.9416584347305955 -40.35678280467703
3.7757566492634353 0.7475336842485637 0.9418787586072952 -40.35671365789407
3.7520920011115586 0.7490942937154085 0.9421283870223456 -40.356583215719894
3.7284124151311215 0.7507250662735265 0.9424135612765675 -40.3563802073262
3.7047176687974597 0.7524088046589391 0.942739122720855 -40.35612872253139
3.681007443997602 0.7540852592544062 0.9431065141489138 -40.35589606822682
3.6572813415439605 0.7557594774800837 0.9435114665805712 -40.35568295490929
3.63353892281213 0.7574206200555194 0.9439461108174504 -40.35550451141052
3.6097797594416785 0.7590489011964229 0.944399395162148 -40.35538220476305
3.5860034836324113 0.760646863156712 0.9448572217001989 -40.35531148474885
3.562209850707637 0.7621402547724083 0.9453056378429481 -40.35536109229173
3.538398765332394 0.7635077612676765 0.9457310735577931 -40.35554116992204
3.5145703554663967 0.7647678121532367 0.9461182244568545 -40.3558173127247
3.4907250313046054 0.766035360968493 0.9464513546045885 -40.356052159246126
3.4668635854753886 0.767239707992101 0.9467183448387976 -40.35629055760243
3.4429871985847837 0.7683354902898843 0.9469141211444716 -40.35654881884512
3.4190974126389757 0.769269845230277 0.9470394273838851 -40.35685295178754
3.3951960475947622 0.7700154865016902 0.9470987089079984 -40.357207828712916
3.371285148982389 0.770543022277484 0.9470979321427911 -40.357627684028735
3.3473668869282664 0.7709062529811445 0.9470471452242464 -40.358052838360784
3.3234433956376956 0.7711760661714571 0.9469593630675525 -40.358415119508365
3.2995166607400104 0.7713816468503111 0.9468488581534197 -40.35869538244699
3.2755884386816607 0.771548944904796 0.9467278164755081 -40.35888492484446
3.2516601930229934 0.771729996997574 0.9466039968856471 -40.358955073085845
3.2277330719782142 0.7721176905491163 0.9464775099236091 -40.3587419935933
3.2038079727205657 0.7737424023769434 0.9463399421081753 -40.35725177753984
3.179885886186878 0.7759939821653797 0.9461826032143853 -40.3551337212494
3.1559673782153825 0.7776977724202957 0.945990325165168 -40.35360343770635
3.1320523291064313 0.7787491181248182 0.945743013604435 -40.35280824221432
3.1081401482612074 0.7797258653176402 0.9454303457677194 -40.352205598401106
3.084229936667392 0.7808658792455491 0.9450554130775776 -40.351575462443556
3.0603206200937536 0.7822341662233281 0.9446283120473142 -40.35085800061291
3.0364110560749755 0.7837762647527877 0.944163386608676 -40.35010265777856
3.0125000980342262 0.7853596774305232 0.9436759990457947 -40.34943120371902
2.9885866154308216 0.7869243743595637 0.9431816386039061 -40.348888866151
2.9646695242565375 0.7884749690012093 0.9426965216559734 -40.34845121364419
2.9407478368220925 0.7895719123258824 0.9422343998710137 -40.34853848979961
2.9168204987601896 0.7906076654681925 0.9418129293732103 -40.34872871884011
2.892886727147286 0.7915004883498116 0.9414412279726142 -40.34907638586611
2.868945958190211 0.7922394018035748 0.9411183551463493 -40.349561840142854
2.844997943761582 0.7927680859050212 0.9408342687293222 -40.350207236950894
2.821042843771342 0.7931790479533002 0.9405761245339891 -40.35088031245581
2.797081338310116 0.793637128576224 0.9403357263535066 -40.35137567361621
2.7731146782911154 0.7939561636576052 0.9401101069786375 -40.35184364770182
2.7491445683003763 0.7940353271826286 0.939903707548307 -40.35235635183486
2.725173004591547 0.7938999221926026 0.9397215430447298 -40.35287052481336
2.701202144432076 0.7935967290906314 0.9395637690992931 -40.353333863653035
2.677234211272619 0.793160998897618 0.9394248492136383 -40.35371732444665
2.6532714082533966 0.7926062958446064 0.939294030796027 -40.3540229286489
2.6293158521344138 0.7919644454611259 0.9391555182442533 -40.35424312253667
2.605369516434634 0.7913005188865195 0.9389854977800745 -40.35434307128243
2.581434243569004 0.7906163318994964 0.9387481249797417 -40.354352532103526
2.55751182656762 0.7898237076968663 0.9383971570422489 -40.35438954570779
2.5336040798503237 0.7889839071150246 0.9378891042307086 -40.354421067208456
2.509712855655225 0.7881514518042975 0.9371951536532643 -40.354416291937696
2.4858399761817176 0.7878279302462564 0.9363050851502195 -40.35389837803702
2.461987225863303 0.7883833974564525 0.9352247236584191 -40.35251823072696
2.438156252513755 0.7895390649561679 0.9339656308174875 -40.35056678326899
2.414348426849697 0.7913788571918781 0.93255247083638 -40.347974207056346
2.39056481970325 0.7941152156510158 0.9310204347519452 -40.34454490371832
2.3668061427447293 0.797861049019265 0.9294110029531102 -40.34018404033079
2.3430726730657874 0.8017605875292835 0.9277527500185012 -40.33575987902421
2.3193640898228383 0.804528437787309 0.9260643807528156 -40.332569803694625
2.295679340140062 0.8064698983860297 0.9244007035947847 -40.33032416836979
2.2720167886763454 0.8077321740699533 0.9228315011484136 -40.328878407985755
2.24837422502016 0.8084278951060074 0.9214211927147349 -40.328118174038586
2.2247489356256804 0.8091369836068482 0.9202397906612215 -40.327457428522614
2.201137877336647 0.809932899856745 0.9193353936318239 -40.326804595523846
2.1775378504881733 0.8109997417428313 0.9187370466477123 -40.32595234875126
2.1539457571517815 0.8120787773918757 0.9184475456638054 -40.32513352868779
2.130358685826709 0.8124393046979536 0.9184529773353746 -40.3250538221432
2.106773833091593 0.8125051801423813 0.9187270492695546 -40.325264172665
2.0831889981139446 0.8124171786292905 0.9192242466331333 -40.32560364053595
2.0596026065771262 0.8122141905084174 0.919879505326355 -40.32601645046754
2.03601380972232 0.8118483815646388 0.9206258135662561 -40.32653138318279
2.0124224911632127 0.8111466435592034 0.9213996515811306 -40.32729438694806
1.9888292827613492 0.8096838523342809 0.9221312576673647 -40.32869233405068
1.9652356291001258 0.80735738951316 0.922750252542948 -40.33078243164756
1.941643977017432 0.8046619257270016 0.9231927291925583 -40.33302311633409
1.9180579410950744 0.8016570267078216 0.923416119367264 -40.33531722046054
1.8944819007551477 0.7984911453104533 0.9234110351938731 -40.33748640203279
1.8709207296203045 0.7952659941670045 0.9231880766952201 -40.33941029086807
1.847379485092661 0.7922123974795348 0.9227705551767413 -40.34085512525416
1.823863195800103 0.7894693115360983 0.9221843687993002 -40.34169305318596
1.8003766417810183 0.7867551641283606 0.9214470759703761 -40.34222177968912
1.7769241786144816 0.7838359546105779 0.920565723513253 -40.34270056984108
1.753509712192485 0.7807046607429862 0.9195374728796051 -40.34317343656148
1.7301367477347511 0.777981269025574 0.9183592882290806 -40.343078361389914
1.7068084072442902 0.7772841821307885 0.9170434613145287 -40.340889347673276
1.683527341550281 0.7782942564392484 0.9155852218561458 -40.3369732019008
1.6602956227905497 0.7796193529886652 0.9139712367962162 -40.33273782737096
1.6371147294188002 0.781247713589775 0.9122390541736116 -40.32824079875768
1.6139854822764186 0.7815584374514283 0.910403205050141 -40.32510767014053
1.5909078408989865 0.7799157515165244 0.9084984337466813 -40.324012792154925
1.567880734929162 0.7770849749096814 0.9066053952755562 -40.32426148645327
1.544902062966283 0.7739865673389613 0.9048144153015523 -40.325004009001226
1.5219686854455576 0.7713291752841676 0.9032082062430787 -40.32558568858623
1.499076510187264 0.7689780409583332 0.9018506651532996 -40.32616517223284
1.476220569467119 0.7671970106081262 0.9008103028721509 -40.32649411644285
1.4533954125850475 0.766180847568622 0.9001353265701678 -40.32636686104779
1.4305954550236046 0.7665951596484498 0.8998584331968544 -40.325085330087155
1.407815495463839 0.7689782321143489 0.8999917424107771 -40.32206156875921
1.3850510581881383 0.7730345734992954 0.9005201059683375 -40.31753864416885
1.362298248708123 0.7765297732334523 0.9014077690457953 -40.31370450012671
1.339552785084414 0.7775863896819841 0.9026161501414574 -40.312382523870404
1.3168101535174408 0.7771392922447881 0.9040954809187566 -40.31255504620826
1.294067465299645 0.7760539469112675 0.9057729976384715 -40.31327669655108
1.2713238442447126 0.774209483118501 0.9075567179130267 -40.31458760704499
1.248580423005584 0.7708868846173542 0.9093593592475852 -40.31710774663534
1.2258397555550973 0.7677564091137468 0.9111011777475523 -40.319057993132205
1.2031072520097215 0.7645050917499814 0.9127665483586352 -40.3206633371012
1.1803892911693714 0.7610446435390436 0.9143716580903978 -40.321948234888694
1.157693103203931 0.757433654025526 0.9159408973183087 -40.32281474781848
1.1350263843801458 0.7535076002577696 0.9175049888726007 -40.32340799440821
1.112396692079898 0.7488310795481431 0.919099578085108 -40.32415885115278
1.0898109791217903 0.7439272803420802 0.9207655790799932 -40.32458624066002
1.067276110746194 0.7387442102851619 0.9225348945620401 -40.32478913886351
1.0447984956904839 0.7334059194659689 0.9244159410376043 -40.324710833499864
1.022383898102144 0.7279085168248197 0.9263934492121936 -40.32442671336972
1.0000373497151196 0.7227261978640742 0.9284230720801576 -40.32355715808267
