7.998693494111776 -2.313376599004071 1.1545907407266671 -22.863267841826513
7.931855414663014 -2.3150069726632823 1.158491258589805 -22.86433935959859
7.865033950592962 -2.317788758746554 1.1628049134583407 -22.865875729807385
7.798217195313266 -2.3214492781221505 1.1673795166895813 -22.867687479540173
7.7313961077337545 -2.324987301889994 1.1720430512828768 -22.868881792591324
7.664563460750338 -2.3269182881640993 1.1766109684258566 -22.86810986083384
7.5977200756500425 -2.3244189767160495 1.180851164663152 -22.86269653585439
7.5308749508611035 -2.3194612331029143 1.1847464915922654 -22.85468654114719
7.464035271183114 -2.3151859751138604 1.1883805800325458 -22.847265895318927
7.39720868502417 -2.319244677091029 1.1920046920645289 -22.84809193957846
7.330404919993263 -2.3231707908325756 1.195463877688874 -22.84897897257548
7.2636186160519065 -2.324491451588828 1.198790798439897 -22.847662842824732
7.196827719255852 -2.325185451456098 1.202019291400031 -22.846296869967546
7.130014113775366 -2.3274255818135927 1.2050893940715506 -22.847228167267332
7.06317262377129 -2.3314079601310524 1.2078680900430694 -22.850792222993235
6.996301537845864 -2.335474331105655 1.2102323283766012 -22.855391254768854
6.929402172887089 -2.3388079615473987 1.2121596935907122 -22.86018883188182
6.86247876302362 -2.341434124043439 1.213673874541258 -22.86515857415594
6.795539272855045 -2.3435040398902465 1.2147983996746836 -22.870376050796693
6.728595623785661 -2.340720684851702 1.2155512702929578 -22.871211589999795
6.661660707960197 -2.334579825408113 1.216018443262019 -22.86908791928837
6.594751441433613 -2.3243385601471007 1.2163837040677403 -22.86305591853492
6.5278900053607245 -2.311526980278424 1.2169063483063827 -22.85455357886576
6.461112575403935 -2.3009898478185282 1.2179827121089397 -22.84853641233353
6.394451674226639 -2.2933105591274328 1.220128920790199 -22.84543668836053
6.327931959558061 -2.287872807774539 1.2237404056500392 -22.844438813635854
6.26157507287641 -2.2835721952326464 1.2290551386064943 -22.844228063189213
6.195400553407651 -2.280242761549435 1.2361764368277146 -22.84452148924847
6.12942716094962 -2.2777639527148814 1.245101956132564 -22.84510519521055
6.063669801116559 -2.2758965297793874 1.2557366908032168 -22.84566757532523
5.998136762177409 -2.2746566565884496 1.2679606598609066 -22.846194037250157
5.93283031117638 -2.2740234583754706 1.2816518933398673 -22.846657862025104
5.867745885430694 -2.272899918512392 1.2965156202212194 -22.84596487989114
5.802872273330297 -2.2720255242854557 1.3125312621883671 -22.844941065809827
5.7381993896117285 -2.2718109337159214 1.329642360013751 -22.844086691397983
5.673718436379471 -2.2720052411219975 1.3476684973587192 -22.843241451595993
5.609420593272485 -2.2725317001231176 1.3664236929603462 -22.842426308280928
5.545297508235216 -2.272922497355508 1.3855968934984382 -22.841271232649362
5.481339507949679 -2.273072107259341 1.4048942690603363 -22.839765191888823
5.417537439608369 -2.272856859239012 1.423947302613697 -22.837861694599006
5.353883040111843 -2.2732904080876777 1.4425345321361276 -22.83663309098756
5.290378295697152 -2.283071049270222 1.4619131617571761 -22.844806370903243
5.2270352928550015 -2.2973951963549957 1.4807367653241157 -22.857597218416622
5.163854709981199 -2.304050489009941 1.4967309262189141 -22.862773212822788
5.100817125681776 -2.3044609737824833 1.5101893310001706 -22.861734660371113
5.037907679522298 -2.30201740166857 1.521750607176908 -22.857851681809464
4.975119643679827 -2.3013935029391424 1.5321570023288973 -22.855779134522145
4.9124516990312594 -2.301742786110482 1.5414987217051124 -22.85464479400877
4.849897217074111 -2.3024636293580443 1.5499325852015422 -22.853832054441085
4.7874482956274935 -2.3034505647671852 1.5576510824456402 -22.85322651033878
4.725100113448138 -2.304634631743766 1.5647889882765607 -22.85274987388567
4.6628500075549555 -2.306237633209706 1.5714763878449132 -22.852614121326702
4.600697201030654 -2.30807934921645 1.577801794413081 -22.85262964920384
4.53864245794166 -2.309982996055747 1.5838305282300558 -22.85261124599598
4.476687712382058 -2.31156869861065 1.5896164584999812 -22.85217314226356
4.41483618058734 -2.3128523073455383 1.5952740661499663 -22.85132449717343
4.35309258297355 -2.314343175525044 1.6009630743056218 -22.85056357899738
4.29146321431822 -2.316131701356363 1.6068029202587337 -22.84997225997634
4.229952735951572 -2.318337745362695 1.6129092060379346 -22.849665592967575
4.168564660965645 -2.321192209873531 1.6193458461251715 -22.84987301913629
4.107301505880972 -2.3247419590318805 1.6261215590780853 -22.850646675048928
4.0461648729319375 -2.3290892394099334 1.633242446678372 -22.852098409181075
3.9851551076983216 -2.3338263164824506 1.640688311655911 -22.85384348193584
3.9242700484826054 -2.3386598990594534 1.6484526716300594 -22.855619486173367
3.863505958139551 -2.3435043486599363 1.656540525460942 -22.85737448994886
3.8028584174545768 -2.3484053924647963 1.6649543310787547 -22.859188238796087
3.7423227891574014 -2.3532677867900142 1.6736707580647001 -22.861001874063824
3.6818939187223454 -2.3578977888757766 1.682642078096655 -22.86265790766872
3.6215667680762618 -2.3615461404051303 1.6917476955676152 -22.863446481841088
3.56133629697929 -2.364983781629716 1.700993263387734 -22.86415081476379
3.5011999565508383 -2.368350880160871 1.7102932253732368 -22.864925646235584
3.441154642824164 -2.370779340286682 1.7194266581713273 -22.864926408511757
3.381194855032841 -2.37318314829798 1.728291587544692 -22.865068594277602
3.32131692604029 -2.374898747180605 1.7366541125522756 -22.86468802574906
3.2615143774333775 -2.3759489588718545 1.7443611071719782 -22.863790445868204
3.201779285902004 -2.376507477941022 1.7512952389701417 -22.862518562237575
3.1421039965779065 -2.377224703897539 1.7573877317884683 -22.861475764033543
3.082483680316046 -2.377443488061717 1.7625271126600144 -22.859958191153886
3.0229141243074733 -2.3782361674799772 1.7667947218428552 -22.8589775168898
2.96339240552586 -2.3800282753989146 1.7702863522180476 -22.858900450665864
2.9039162723054117 -2.3822600854202407 1.7730943763123959 -22.85912253824668
2.8444834371984853 -2.3850202658946826 1.7753436403527885 -22.859697420272276
2.7850921687293932 -2.389498617454914 1.7771507410303966 -22.861775982665705
2.7257428301255753 -2.3947601642183423 1.7785380222049072 -22.864408338535775
2.6664363154851367 -2.399864571836387 1.7794910784179998 -22.866662298670356
2.607174437660607 -2.4042788588358888 1.7800000357713033 -22.868023518637898
2.547960239695273 -2.408208424473515 1.7800655506828367 -22.868714238201612
2.4887978933467796 -2.4120794701487958 1.7797095270136103 -22.869179293077615
2.429692317951242 -2.415497782501667 1.778990458303074 -22.86906785600283
2.370647413735045 -2.415060371901273 1.77804527437753 -22.86511042512248
2.311665218691972 -2.4147675305975174 1.7770400517845173 -22.86126508484095
2.252751940786989 -2.4182911692187834 1.7761694408316113 -22.861134737082295
2.1939135657197744 -2.4236906834473553 1.7756281635100086 -22.862856034373564
2.1351507006007067 -2.4293309397632195 1.7755732913063567 -22.864900908323087
2.076460680037636 -2.4345714924945927 1.7761377430838625 -22.866725262161864
2.017839373493663 -2.4391579560983234 1.777390177111939 -22.86815040655339
1.9592821086255943 -2.4430686515989097 1.7793417836514163 -22.869207450304067
1.9007846175049028 -2.4462407156961663 1.781955869252877 -22.869870331050585
1.8423429567546625 -2.448980829742526 1.7851769313373909 -22.87046435447551
1.7839535673849878 -2.451452855360844 1.788918871774267 -22.87116216642368
1.7256129544298775 -2.4537144190326234 1.7930662997694127 -22.872020088362305
1.667317142141052 -2.4555346527042086 1.7974622370672488 -22.87279846553065
1.6090613903728743 -2.455252066944584 1.8018444902097712 -22.871822343753635
1.5508401122483715 -2.455078842481591 1.8061001547589268 -22.871276181574594
1.4926478417205578 -2.4554299417373944 1.8099930420108927 -22.87153066693135
1.434477261663983 -2.455256071455988 1.8132720494147316 -22.871487671273314
1.3763202691863623 -2.4543435753866154 1.8157786298764795 -22.87088751700381
1.31816936579243 -2.4532494405661422 1.8173924917677202 -22.870245728103683
1.2600177093878526 -2.451953354965893 1.8179968858177113 -22.86948962081336
1.2018593317142516 -2.450583849663498 1.817550311157546 -22.868696303918924
1.1436895452052507 -2.449685468864886 1.8160471794391455 -22.868376460299302
1.0855049062743858 -2.449373871050542 1.8135273404321368 -22.868635549485155
1.0273033675259837 -2.4495417151576397 1.810064384908512 -22.86938144501461
