7.858290385182831 -2.6097572173461274 1.571806497921762 -42.05444154822796
7.797303497519994 -2.608166107700889 1.572899813917287 -42.05115233832059
7.7362978482386415 -2.6085817678754424 1.5741093529444334 -42.04985700855898
7.6753025605275775 -2.610665319036934 1.5752622535781886 -42.05020336350414
7.614337857650699 -2.612942767274512 1.5761298506888308 -42.050711556720685
7.553407391510945 -2.6151189016406686 1.5766009173563036 -42.051088018101886
7.492509350199033 -2.617145202355476 1.5765884036455553 -42.05128848997977
7.431637705170228 -2.6191333273443034 1.5760052537616211 -42.05143210173124
7.370780886423919 -2.6222130012826304 1.5747249222794217 -42.05266036140959
7.309923434355909 -2.6254693523962866 1.5726004472216863 -42.054073885184565
7.2490433520468835 -2.627373965085558 1.5695463964956682 -42.05416278138705
7.188115437222822 -2.6277250604535127 1.5655459331597934 -42.05274316554892
7.127119499858188 -2.627731428332747 1.5605487178837645 -42.051036083794955
7.066045757684473 -2.6285896730625575 1.5545071839087277 -42.05023816334601
7.004891038660392 -2.6304939665362026 1.5474328391541303 -42.05052971018894
6.943651493987712 -2.6342558315050777 1.5392969127821141 -42.052702295670265
6.882317982411374 -2.639668778985174 1.5301080754514345 -42.056523921745104
6.8208766523531725 -2.645786391675415 1.519952331029863 -42.06101745673845
6.759308921692508 -2.65221496040793 1.5088989027617619 -42.065758395738165
6.697593851673567 -2.6586797560387962 1.4970305714633365 -42.070439496895226
6.635710668753792 -2.664686245766558 1.4844747566891305 -42.07453231928366
6.573641435154886 -2.6698847258665657 1.4713621231757028 -42.07765463986777
6.511372520833752 -2.6737885632078395 1.4578749979461898 -42.07929160735089
6.448896142039765 -2.6770210662642304 1.4440824817754054 -42.08004073848332
6.386207543941885 -2.680021772232616 1.4300791411232547 -42.080321418841784
6.323292650130569 -2.6834581225466367 1.415909462913943 -42.08079643483175
6.260123394329945 -2.6873719116027406 1.4017499203411634 -42.08153007534144
6.196672333302403 -2.690680479802651 1.3879235711781426 -42.0814917902375
6.132908723697182 -2.6944335966619306 1.3744036430820188 -42.081772948148206
6.06880722803813 -2.6978984784200453 1.361307434718055 -42.08171260888858
6.004365724913214 -2.6997440488339604 1.348777269474377 -42.080057787340614
5.939599800502497 -2.7020196040965283 1.3364895884617396 -42.07887115262899
5.874531163072212 -2.704192640662678 1.3244649670164286 -42.07765923486473
5.809188323487732 -2.7076040884466894 1.312495221452099 -42.077758142588394
5.743599906514933 -2.7105023635042067 1.3007900744359595 -42.07744587988836
5.677795586280317 -2.7106475018127334 1.2896486452324878 -42.07450295442019
5.611807940701584 -2.7109718206006344 1.278733915830557 -42.071792605051876
5.54566149201773 -2.7122129270121853 1.2679900828399253 -42.07000979061308
5.479371557045186 -2.712979095257238 1.2576173442301593 -42.067749872335014
5.4129452863582115 -2.713046472487583 1.2476804778639754 -42.0647658785272
5.346388247825576 -2.713277732909186 1.2381341941298594 -42.061881700836615
5.279707438204492 -2.714617593232399 1.228919255563329 -42.05999665804094
5.212908738221404 -2.7170189417999717 1.2200653529960375 -42.0590310382657
5.145993536545692 -2.7206183817118252 1.2115849342040081 -42.05908422640402
5.078958314119792 -2.7248336769136174 1.20354357753375 -42.059555724084774
5.011794978182753 -2.7293680385837003 1.195963952208877 -42.0601393274511
4.944494759675401 -2.734080639220447 1.188859465311504 -42.06069007961245
4.877049839600966 -2.738806773990328 1.1822470228993482 -42.0610454726677
4.8094540399855275 -2.743480852372291 1.1761297994656155 -42.06114541309025
4.741703316356407 -2.7481379641292056 1.1704946151791629 -42.061032555891785
4.673795621208172 -2.752785915049858 1.1653213084700318 -42.060727076869405
4.605730140137116 -2.7575667789447276 1.160562936373746 -42.06038544847368
4.537506567227237 -2.7622828883515163 1.1561701402431275 -42.05984130529645
4.469123514110393 -2.7667337335509763 1.1520882689543532 -42.058931649952335
4.400579565298844 -2.771061767713648 1.1482344233807775 -42.05782683221794
4.331873775472916 -2.7752206014954703 1.1445208850224458 -42.056510896924344
4.263004586378406 -2.7792613792380343 1.1408435589835118 -42.055055225157375
4.193968625643204 -2.7829771451237253 1.137105820502838 -42.05328002505947
4.124761787046859 -2.786549058499986 1.133216504998684 -42.05137677345103
4.0553806279498925 -2.7900372399070736 1.1291322446584315 -42.04941591726027
3.985822245355809 -2.7935110842473825 1.1248416592893353 -42.04747541776615
3.916084475752027 -2.7967175446561523 1.1203748322081755 -42.04532114081995
3.8461669797425286 -2.7993383519456043 1.1157838245130467 -42.04265489043768
3.7760722532756086 -2.801347600518849 1.111119586484742 -42.039459096390935
3.705806114715392 -2.8027556052634175 1.1064499197545055 -42.03575005043006
3.63537744662268 -2.8042295467914973 1.1018209840851583 -42.03217873236081
3.564797243021076 -2.80683406851658 1.0972939615652129 -42.02978517990643
3.494079388755833 -2.811807757577558 1.0929411986667341 -42.02978160478295
3.4232356235017805 -2.817239083895045 1.0890122332773522 -42.03032802443695
3.35227193839886 -2.822939089520363 1.0856330123435118 -42.03125758751913
3.281193019612901 -2.828949353136424 1.082904328083736 -42.03263197008503
3.210003276823529 -2.8354386900773387 1.0809073120474575 -42.034641180809324
3.138707193844991 -2.8425583949596644 1.079709062352705 -42.03746113754322
3.067310751400193 -2.848849482055706 1.0793947754755404 -42.039691023304464
2.9958229653143844 -2.854309077545176 1.079964408127544 -42.041337404162974
2.9242548610070696 -2.8589857435844026 1.0813789356817258 -42.04244991064589
2.852618621541081 -2.8632103417255825 1.0835713337077308 -42.04334892249344
2.780926742581464 -2.8671043225305683 1.0864572626237197 -42.04414429188764
2.709191412938673 -2.8704975118464913 1.0899443065875112 -42.044651132178906
2.6374251222975182 -2.874506752834085 1.093972174073187 -42.045944121156424
2.5656396718698247 -2.8784269209252673 1.0984569056416915 -42.04729202300055
2.493845152837173 -2.8814453113129925 1.1033081383931136 -42.04784597443845
2.4220493280254103 -2.8837910104638538 1.1084741798691529 -42.04778532275938
2.3502590339130145 -2.8861071002064893 1.1139171095629097 -42.04769911875028
2.278479141170631 -2.885923658200033 1.119518137095092 -42.04507790103876
2.2067110748109644 -2.884907026623844 1.125292130985971 -42.041521401311364
2.13495426252379 -2.886997757011874 1.1313179191225258 -42.040898304113256
2.06320741786794 -2.889447564202783 1.137448897824884 -42.04044053817601
1.9914658538383805 -2.8922454206132864 1.1436291242401166 -42.04012598690363
1.9197233643528289 -2.8952529181789193 1.1498145299284557 -42.03982085862818
1.8479727622623099 -2.898321361301629 1.1559786871597222 -42.03939127112613
1.7762067778201 -2.9012946924979905 1.162114734495281 -42.038702160817536
1.7044200149857507 -2.9043766034182226 1.1682496389998245 -42.037971151507
1.6326095543027392 -2.9076629997647494 1.1744270156243835 -42.03730156545866
1.560774002793128 -2.9115262890718756 1.1807114301110295 -42.03706805675624
1.4889126276098004 -2.9156836465303746 1.1871691597036749 -42.03700087110516
1.4170234993806665 -2.919551136044164 1.1938380267485176 -42.03654354079678
1.3451062766679591 -2.923491595585916 1.200767319022723 -42.0360770185853
1.2731648893084038 -2.9284891717885273 1.2080377111260931 -42.03659210765388
1.201207449000087 -2.9330876440508686 1.21574343582868 -42.03665609463359
1.1292416800166698 -2.9371340587891517 1.2240492723365226 -42.036125931354015
1.0572787117640068 -2.9418497571885185 1.2330890034615736 -42.03620593370047
