7.816065912260186 -0.48319602077793955 1.9636730072969126 -45.211828713155356
7.7298179726709115 -0.47729008326092043 1.9527522593707296 -45.20957980003926
7.64354850663268 -0.468749325521301 1.9420215539523644 -45.20411296131786
7.557250627682863 -0.4592612183696521 1.9317296842016698 -45.19721250209635
7.470930725680548 -0.4527920901705573 1.922017208783147 -45.19293068537356
7.384585704902423 -0.4481461035974209 1.913672373872291 -45.190178457690415
7.298207451686278 -0.44577351249424824 1.9072658352768317 -45.18954762754632
7.2117677236539235 -0.4504263876975102 1.9032435844166438 -45.195845331426966
7.125240490783348 -0.45759079873740555 1.9022478255838353 -45.2046703725382
7.038621825377116 -0.46444218743386395 1.9044775752391654 -45.21329359279567
6.951912153170525 -0.46787345605826736 1.9097423397646567 -45.2186795088986
6.86512418468928 -0.4746543817436339 1.918352156749084 -45.227603177502175
6.778277218365957 -0.48248794654883054 1.9300916050890338 -45.23780666717527
6.691398483218999 -0.4890901090149857 1.9445559890870119 -45.247043906781215
6.604520276670996 -0.49201815681334254 1.9610802515045584 -45.25291485818839
6.517675238298062 -0.48974882707364775 1.9788983598829473 -45.25396624507489
6.430904380886108 -0.4825513114650633 1.9974479789440829 -45.250582723313975
6.344256397005567 -0.47107821791542565 2.016275464476629 -45.243563754789356
6.2577755178135375 -0.4669850280799909 2.037512046299277 -45.24512300856521
6.171527298880122 -0.4623890535329947 2.05880454776878 -45.247412029628016
6.085561782939327 -0.4548597613741469 2.0789873154816583 -45.248086432042186
5.999918229798441 -0.44535386831545487 2.097714410411343 -45.24830827513412
5.91462672916827 -0.42888219603411815 2.1134116232560083 -45.24261424402694
5.829692901365714 -0.4109499881223716 2.126814405688437 -45.236874965252575
5.745118260494649 -0.39050976326969294 2.1373759026969017 -45.22965512495196
5.6608572370623795 -0.3720113757422083 2.14552823758631 -45.22567191101423
5.576870030377647 -0.35771559460800995 2.151225786296478 -45.22726070468302
5.493131692047668 -0.3391552218993495 2.153779675570704 -45.224263471784724
5.4095932464186145 -0.3220443133342187 2.1538173295522816 -45.2229940564057
5.32623457455958 -0.30328435094413947 2.151549781490919 -45.21949867089815
5.243031445248457 -0.2817149953333077 2.147460758345203 -45.21213413498489
5.159971091524401 -0.2661081075082552 2.141654318479619 -45.21082600523172
5.077088981945955 -0.25713631597182685 2.1342432569482015 -45.2160329385012
4.994396662789557 -0.24933472672529824 2.1259215496433295 -45.221207709472246
4.911877195797975 -0.24022546145697987 2.11732403415278 -45.22340713386249
4.829512235354178 -0.23330346260702542 2.1085791791853867 -45.226494183830894
4.747293740485224 -0.22894270923935386 2.1000157430302524 -45.2308655106184
4.665212538531312 -0.21461994690179023 2.092810662819101 -45.22317211423333
4.583243732410964 -0.1978500933574756 2.086675999367785 -45.211812750955026
4.501380526877148 -0.18736357311155816 2.081487556423435 -45.20616895211443
4.419629327941871 -0.17806130854029512 2.077878047576871 -45.201021657079686
4.337987037706739 -0.17027583437873603 2.0762261490359744 -45.196828196284834
4.256447115656909 -0.16509784947958417 2.0768826809815324 -45.19485236030793
4.174994317104663 -0.1625192943990441 2.080135374644405 -45.19524486424602
4.093609165325349 -0.16461998240125017 2.086470180708785 -45.200267962495516
4.012273508845129 -0.16860969250545488 2.0959699031280463 -45.2072089136608
3.9309764915275736 -0.1723208583358936 2.108554279955852 -45.21392821959139
3.8497100957928105 -0.1760164637106423 2.12427900744406 -45.22074113571631
3.7684731664753834 -0.17633650843281282 2.1422492928981596 -45.224241008873435
3.687263529975401 -0.16869552423732745 2.160861030301085 -45.21976293023313
3.6060803176188734 -0.15933657967884063 2.1808284785976517 -45.21373742910223
3.5249319031012223 -0.14798220611014976 2.201392468336911 -45.205884029753605
3.443837514882646 -0.1298235119328452 2.2205584703476298 -45.191315724782655
3.362815292289697 -0.11674905183973262 2.240707846195275 -45.182550015963486
3.2818952763904985 -0.10742661932922981 2.2607961398936656 -45.17847215304186
3.2011002840044696 -0.1004360302754872 2.2798578732744814 -45.17783352969817
3.12045606622042 -0.09399409387314507 2.296821668650824 -45.17887733178661
3.039980744042105 -0.08772904587163861 2.311089155141748 -45.1811881170527
2.959687974631411 -0.07881541720282098 2.3218727052356183 -45.181473281427245
2.8795781129791784 -0.06793720004451201 2.329219664455142 -45.18015828692298
2.799645829547926 -0.05507027309705141 2.333114754200787 -45.176890005340304
2.7198809108483304 -0.041646378937447964 2.3337288100006846 -45.17295074120459
2.640276489929371 -0.02837827168873035 2.331169145735705 -45.168909673208695
2.56082949169843 -0.015414076685074884 2.3254928705253914 -45.164758690851805
2.4815374475321335 -0.003420821755418405 2.316768365322562 -45.16107949183112
2.4023976237981057 0.007357062000327928 2.305109910044384 -45.157981958660564
2.323405525240375 0.015835803893064992 2.290561666262959 -45.15651044880552
2.2445550312605995 0.02245540751662113 2.27347766188564 -45.15607982648294
2.1658342617776167 0.02507684380193036 2.254113451355123 -45.15886774467861
2.087230496687774 0.022114532195257035 2.2327915339126636 -45.1664608114461
2.00872981892901 0.021044326637314526 2.2116703891175766 -45.17100129129871
1.9303099207539254 0.027052264496738514 2.1924153627305225 -45.167266383294944
1.8519469917768154 0.034951107963822364 2.174533478556583 -45.16082835711838
1.7736260695495634 0.0394653978014354 2.157692344651989 -45.15718741906563
1.6953372943805542 0.042187182218863334 2.1426567234404184 -45.1548261864288
1.6170698387999998 0.04451023190241258 2.1299205245350774 -45.15241878860008
1.5388137315066042 0.04625296880468468 2.119591758365463 -45.15023593480122
1.460558377872064 0.04678018743777667 2.111611247671212 -45.148988857503355
1.3822944088962923 0.045900065755314044 2.105846568073207 -45.14894126558176
1.3040125478357436 0.04445755429349413 2.1020673452100134 -45.149325467718086
1.2257062528907237 0.03829383003744243 2.100108666193838 -45.15434226675917
1.147371047006981 0.030596189040416798 2.0996834700999067 -45.16086333308517
1.0690045469091642 0.022998081587699257 2.1004250457452107 -45.16727897839651
