7.882284625205358 -1.2251210171475766 1.59496342151838 -34.37810684973032
7.821655730558049 -1.223056678696276 1.595042457637159 -34.374196247167276
7.761002459969051 -1.224230948867268 1.59587071770076 -34.37356109820062
7.700359249218514 -1.226811217980003 1.597334503472547 -34.374339547848216
7.639744581009783 -1.2295935942591676 1.5992342010741603 -34.37529980401045
7.5791645533284315 -1.23225052668905 1.601400401314838 -34.376096977729055
7.518618903123308 -1.233708879638368 1.6036500023820017 -34.37564442047308
7.458101648623598 -1.2360640696283458 1.6058376784493524 -34.37602639360665
7.397602165193378 -1.2397475728267089 1.6077250899618023 -34.377660504777765
7.3371041515470194 -1.2433612039770818 1.6090110489436613 -34.37913756891409
7.276584480646592 -1.2460437604724048 1.6094038895383866 -34.379596929697705
7.216017426428406 -1.247320554798107 1.6086448255716594 -34.37857573566767
7.155382538071677 -1.2485957197827535 1.6064989176365707 -34.3774912930874
7.094669737285652 -1.2509097367914461 1.6027577043050996 -34.37740069228381
7.033875491749623 -1.2543216605085008 1.597289277134402 -34.37838754684087
6.972996129154538 -1.2592757432646788 1.5899708760530262 -34.380926773477086
6.912022580350723 -1.2655937305836005 1.5807315426438113 -34.38488292489579
6.850941321803453 -1.2724643534476734 1.5695968156852453 -34.3894983611533
6.789735271461802 -1.2792003913304557 1.5566454220153763 -34.39414608724442
6.728386748022488 -1.2855060662332953 1.541961794321394 -34.39859455931282
6.666879363785316 -1.291559521356825 1.5256025351784552 -34.40309171039898
6.605198947291014 -1.2964761001559602 1.5078434591240455 -34.40681568572528
6.543333770746082 -1.2990418535555406 1.4891366969150066 -34.408593028869056
6.481278385290246 -1.3019987273119988 1.4692463609406832 -34.4112589362336
6.419027949805363 -1.3026293556880613 1.4490228441357869 -34.41207949403726
6.356565231957962 -1.3028583281906596 1.4283750638075112 -34.41306186258558
6.293851074619191 -1.3026997776390428 1.4076181869629179 -34.4142480124233
6.230840572170661 -1.3013101511339384 1.3872320905506073 -34.41474491346979
6.167488471444143 -1.2996221719473855 1.367237298274596 -34.4155077246278
6.103757549332266 -1.2965619810625604 1.3480592733033285 -34.415384241612436
6.039644451903548 -1.2924261933663521 1.329813423513845 -34.41464309280532
5.975162533165697 -1.2893739878422723 1.3122206828749092 -34.415541100745905
5.91033724115679 -1.2871038883978894 1.295460251947464 -34.417718739801494
5.845205033310536 -1.285409788290061 1.2796348890977933 -34.42089329008883
5.779807372841287 -1.282421960113686 1.2650435718648465 -34.42297175586008
5.714189928314964 -1.2763088260241753 1.2518613730406762 -34.42187498250939
5.648390333733919 -1.269626259102446 1.2395888813323068 -34.420253975031905
5.5824289293698905 -1.2631391408647301 1.2279707012744918 -34.41887601526269
5.516314632003357 -1.2564976453709313 1.2169197684431137 -34.41732226706098
5.45005271104171 -1.249168621531082 1.2063698992267464 -34.414993234008705
5.383647565532256 -1.2420092480369889 1.1960988665493368 -34.41280442898665
5.317106775796698 -1.2350111658509513 1.1860064944951587 -34.41074031739617
5.2504381493545615 -1.2287233631072656 1.1759346354972744 -34.40940344726672
5.183647788204928 -1.2229894650930404 1.165797232990293 -34.40864561776716
5.116737723595098 -1.2178089828488567 1.1554897715046877 -34.40849068949192
5.049706079499412 -1.2130752070201127 1.1449286041923998 -34.40884713203997
4.982547591270572 -1.2084767668008107 1.1340738636238812 -34.4093906985302
4.915255334408544 -1.2038807074584155 1.122897301525974 -34.40998486995272
4.847822638098212 -1.199163710989503 1.111394494668083 -34.41049810711602
4.7802437249248895 -1.1942040260233893 1.0995851120352473 -34.41079891226988
4.712514197034849 -1.1890801825125163 1.0874884643879505 -34.410978624317735
4.644630912314144 -1.1838692493490977 1.0751430206310013 -34.41113619999744
4.576590779724475 -1.1782637560764908 1.0626452980877303 -34.41096390236716
4.508390786663637 -1.1723215483296634 1.0500511139302748 -34.41055969307328
4.4400286434918685 -1.166087258852503 1.0374033260179425 -34.410021237526315
4.37150146475119 -1.1592070174927924 1.0247827663271234 -34.409016755135696
4.302806175295561 -1.1516727240123108 1.012211425437802 -34.407596544290364
4.233940777974316 -1.143619338533554 0.9996917155334921 -34.40595751099863
4.164903618056657 -1.1351418825891757 0.9872350697547388 -34.404240376277144
4.09569245224591 -1.1262908396453295 0.9748666932223601 -34.402522089073216
4.026304779558058 -1.117040852693442 0.9626284283995425 -34.40077927112534
3.956738152989817 -1.1071474674056734 0.9505969609394811 -34.39872723644185
3.8869913867641754 -1.096677033900693 0.9388122379282088 -34.39641695573184
3.8170656732029187 -1.0854766829761084 0.9273496417926034 -34.393627055153615
3.7469648327152814 -1.0735910939391125 0.9162597879382893 -34.39033133945717
3.676696444586767 -1.061601357852367 0.9055377618960112 -34.387063992304384
3.606269543777631 -1.0502265643884097 0.8951997062852236 -34.38445638683787
3.5356969035032613 -1.0406208057907282 0.8852072236408046 -34.38361093044033
3.464991216600274 -1.0318774132553423 0.8757026808397169 -34.383295122370384
3.3941603276235544 -1.024041002453446 0.8666857930403918 -34.383388554924096
3.3232100371754867 -1.0173529821038652 0.8581325204200305 -34.383999555577134
3.252145175706846 -1.0115938114804564 0.8500582682624236 -34.384732064521
3.18097055975538 -1.006752659660474 0.842455905430242 -34.3854447784324
3.109691794422714 -1.0027889416686206 0.8353183086693495 -34.38598772233875
3.0383158969171387 -0.9997235849462756 0.8286327371045098 -34.38630530975484
2.9668518340506482 -0.9976022465566219 0.8223871655648194 -34.38640054100853
2.895310170479983 -0.9966056641233838 0.816561544041439 -34.38645246678726
2.8237023221069704 -0.9970405069086016 0.8111347521596048 -34.386799042424066
2.75204002651755 -0.9987268124269918 0.8061046513200429 -34.38729430756767
2.6803349243549457 -1.0013625129951245 0.801458567811001 -34.387686421567174
2.608598389841728 -1.0051362363178975 0.7971478366649832 -34.38823445269902
2.5368418475145074 -1.0094942432863945 0.7931332364126361 -34.388459493760315
2.4650754302004803 -1.0142720264268978 0.7893483036748221 -34.388289953255686
2.393307428612977 -1.0196014060428227 0.7857035058459786 -34.387960838695506
2.32154492683394 -1.0241806105142317 0.7821276995434613 -34.38631542287217
2.249792112852031 -1.027632490239193 0.7785096307305592 -34.383098250738115
2.1780500938201066 -1.0311939857924837 0.7746895602471797 -34.3796140352651
2.1063173156019532 -1.0370837673502415 0.7704993421495783 -34.3781510753937
2.0345919964422765 -1.0438530606107919 0.7658835885212883 -34.377417525126624
1.9628708146552434 -1.0507691936326793 0.7608211331595811 -34.37677197830615
1.891148800989802 -1.0576636044597159 0.7553180455573508 -34.37607886441102
1.819420142487963 -1.064408974086707 0.7494083739602059 -34.375200415048724
1.7476792447164131 -1.0709195424685327 0.7431466279291543 -34.3739981320843
1.6759221181923805 -1.0776540942360342 0.7365719115606446 -34.37283447800813
1.6041473681379 -1.084949568515621 0.7297235568767632 -34.371922587081954
1.5323542535675534 -1.09309943482196 0.7226527337950308 -34.371399794703606
1.4605417927406248 -1.101401352425918 0.7154811306440425 -34.3703752354653
1.3887089933983978 -1.1107459586955628 0.7082859070592642 -34.36953399703058
1.3168613471342048 -1.1225492208049608 0.7011609506173949 -34.36999420359254
1.2450081474236465 -1.1352693345331866 0.6944142203033576 -34.36984262724541
1.1731593464450805 -1.1492224873528036 0.6882923861937392 -34.3689522934791
1.10132875536953 -1.1652282561927054 0.6830206446278794 -34.36779500301063
1.0295387787299066 -1.1857253258799398 0.6787991566949386 -34.36840707519714
