7.88244290975609 -2.052152166156581 2.0999325407540064 -37.54518828902423
7.7966820186721 -2.042385989605649 2.101840957634546 -37.54346101234028
7.7108982380620255 -2.029301058654164 2.102189827919717 -37.53847272778011
7.62508610580158 -2.016259519108489 2.10114561319412 -37.533475934361626
7.539248478296884 -2.005173124784849 2.098923072900898 -37.5301568987163
7.4533786653797724 -1.9957513433976106 2.0959307353314394 -37.527806111864535
7.36747022713015 -1.9879250125059749 2.0926629137898494 -37.52597156420861
7.28149142408639 -1.9896183973248764 2.0892710199830455 -37.53237332063173
7.195409210098646 -1.9962810494898031 2.086413797374737 -37.54199885371983
7.109209581650797 -2.00243290662741 2.0846605010226607 -37.549246655495445
7.022892943200741 -2.008094054682441 2.0842534830013126 -37.55412809586656
6.936477343136715 -2.0185047630848008 2.085285832159221 -37.56162666196696
6.849983327955058 -2.03454222089345 2.0879011949058848 -37.5724007150218
6.763439001940196 -2.055056660754519 2.092219689988639 -37.5851926519484
6.676878327241831 -2.075648954610121 2.0981808148592838 -37.595883125888605
6.590337978858974 -2.0951195776410754 2.1057375602090316 -37.60341060023557
6.503856065580458 -2.1134587217463765 2.1149540741612567 -37.60785371544158
6.417482150288256 -2.1258469595417933 2.1255225729824803 -37.60530620738891
6.331267326926528 -2.1283561893226826 2.1369999603019307 -37.592874032359575
6.245249282121599 -2.146130975219251 2.1521146480650106 -37.591477930520604
6.159504848780878 -2.169453814140958 2.1699525660045444 -37.59305043991744
6.074093572248476 -2.191772777089233 2.1895798520666614 -37.592498427601484
5.989043618494103 -2.2096656907217316 2.210280160499733 -37.587469441567464
5.904368748851924 -2.2286542891660077 2.2326667305275767 -37.58268191733654
5.820072323758362 -2.2511971855787167 2.256801098011291 -37.58041195198766
5.736120901536261 -2.278537813690445 2.2824640440605197 -37.5819650725638
5.65246652753698 -2.308475990319938 2.3089035806713114 -37.58591707368314
5.569060532739824 -2.3284373404164747 2.3336003750396404 -37.5827557046322
5.485841147571718 -2.3455519993721863 2.3578904455214467 -37.578216818630615
5.402777828750514 -2.363179669184164 2.3823511290639434 -37.57508828821057
5.319855311168966 -2.377719903919176 2.4061875413457687 -37.570608475011255
5.237058861664845 -2.388930310178965 2.429220542532516 -37.564664669466566
5.154382734972232 -2.398080150412529 2.4515203510859633 -37.55840238408521
5.071837545419984 -2.40756017201718 2.473352197560057 -37.55391463340257
4.989439643120341 -2.4183219124597546 2.494640280392881 -37.55217792182815
4.907191508747823 -2.4250113567253537 2.5141540791787365 -37.54870509900847
4.825081942138051 -2.429564829648802 2.532047603827163 -37.54527849538647
4.743107777073618 -2.43459052179247 2.5485570197933027 -37.54428535037215
4.661267462722902 -2.4332597461472014 2.562608754842074 -37.53928989753846
4.579547512932331 -2.414442177555423 2.5730522163377962 -37.51924961392194
4.497929760217054 -2.4033141829673426 2.582695181017694 -37.50744215943996
4.4164285004913255 -2.402598072871369 2.5913560781076237 -37.505917740675635
4.335051105244814 -2.402290325702725 2.5980441893203396 -37.50417976272173
4.253792090486262 -2.4047566941362866 2.6027803895008637 -37.50358630899251
4.1726404319841945 -2.4152940309290614 2.6056334821780207 -37.50806764588918
4.091577233262664 -2.4346724116289606 2.6065233903785003 -37.51708996747973
4.010577316403209 -2.4605263406375055 2.6054508004931503 -37.527759552870464
3.92961746088735 -2.491671391703064 2.6023699507291944 -37.53861737717046
3.8486797767521366 -2.5265083576052563 2.5971902432856977 -37.548241456809784
3.767754400918783 -2.567114048987456 2.5894943252643814 -37.558384974268755
3.6868392128840077 -2.6142111363177114 2.578771338966871 -37.56988506789509
3.6059396225205997 -2.6655940793851305 2.564765521856855 -37.58167315348625
3.525066083628171 -2.7143027187212234 2.5480500691513774 -37.589590833058665
3.4442274799576134 -2.7500175419316446 2.530345756309318 -37.58724377553306
3.363428608125409 -2.7698440729225386 2.512990767525399 -37.57331321864635
3.2826762905316866 -2.782098350716367 2.4955457746633827 -37.554201925565295
3.201991407472291 -2.7915995422666096 2.4780211470380658 -37.533593746590675
3.1213971805515137 -2.8127548877055144 2.458631020177654 -37.5220391904079
3.0409274349029274 -2.8349110306976923 2.4401461072257966 -37.51212332342315
2.960597111856613 -2.858884353425605 2.4231671103849375 -37.50442742876834
2.88042153459458 -2.8853601552429877 2.4080573606291047 -37.49955763910899
2.800415853966677 -2.91191605917011 2.3954279428109437 -37.49589984765135
2.720583330147302 -2.9378305199366794 2.385368741947307 -37.49312352065984
2.640920650667861 -2.962105038079446 2.377923399926268 -37.49076298609809
2.561418085975988 -2.9841463531852668 2.373098901039316 -37.48857185880029
2.4820631727446547 -3.005064675896508 2.3708582597017864 -37.48750097752522
2.402846874013172 -3.0246082821998472 2.371302229655312 -37.48733568017639
2.323760283597289 -3.0429248386970458 2.374532344880432 -37.48818713083516
2.2447948532932895 -3.0602663697093657 2.3806629165963598 -37.49026823493721
2.165941320466867 -3.0756251595828177 2.3897376842686358 -37.492704708767214
2.0871881472625553 -3.087807553990515 2.4016709057679106 -37.494389667483254
2.0085227466275493 -3.0961502299790613 2.4162662301414373 -37.49461835381685
1.9299321881302878 -3.10249273071559 2.4335311423329418 -37.4949896522518
1.851403852609509 -3.1073714098426066 2.4532867837989394 -37.495992668356955
1.7729241954015118 -3.1105869711655614 2.4750519609727255 -37.49744092959859
1.6944807201508754 -3.1096611966760523 2.4976841328832995 -37.49680744632212
1.6160603063543852 -3.103193659684478 2.520081739480253 -37.49243697334093
1.5376517810770653 -3.0963021752316924 2.5424846189065544 -37.48951355967767
1.4592509753131555 -3.0862398578258046 2.5635499546307097 -37.48510387421326
1.3808512610920716 -3.0773124610517217 2.583272574680234 -37.48294197475908
1.3024446721662803 -3.070163077669705 2.601239968349091 -37.48298284254819
1.2240242152345115 -3.063922728366772 2.616991630815265 -37.483841603613065
1.145585910884753 -3.0587979745199565 2.630419605844551 -37.48549134614379
1.0671304356066909 -3.05261660731771 2.6414468025471427 -37.4855716553418
