7.845735591332305 2.923827770509938 0.9885373669485656 -4.362740423053541
7.765370854080797 2.929053865110609 0.9929083415011282 -4.358733014515818
7.684941827213174 2.9330408665522936 0.9971423808164296 -4.355977218143145
7.604490076781095 2.935314228270944 1.0010666553538505 -4.354895461901439
7.524046276654292 2.936309668635632 1.004507095394268 -4.355005717824316
7.443620891814623 2.937111944223774 1.0073268246734213 -4.355179884749614
7.363210314058783 2.9379600084208293 1.009443682162757 -4.355115272903843
7.282805524375232 2.9382724360654007 1.0108050162791173 -4.3553052604938385
7.2023923885149115 2.937829103914306 1.0113999166070373 -4.35586590053461
7.121953249290211 2.9359356264481877 1.011245333668348 -4.357363988769386
7.041467675077704 2.93451490606412 1.010475051000516 -4.357789039469161
6.960913758409383 2.9336073251473365 1.0092616756332682 -4.356997704711346
6.880273116926564 2.9316368959977037 1.0077453324193735 -4.356431113936729
6.799541569972569 2.9280763520123334 1.0060987609531316 -4.35654152675383
6.718722074948562 2.922026116453741 1.0044727298904799 -4.35817977486211
6.637814248773488 2.9130232669424094 1.0030021817376196 -4.361772373624975
6.5568086387166495 2.9018241731520575 1.0018318423013428 -4.366609205930921
6.475685789109967 2.8891585264636275 1.0010805867770134 -4.372036455909136
6.39442253848367 2.8754331035389717 1.0008428190347707 -4.377732728750814
6.312992445651896 2.8611350839386023 1.0012079781525256 -4.383333382379074
6.2313677423968725 2.84672690926655 1.0022555356858351 -4.388525919975051
6.1495207881793466 2.8339236821834612 1.0040624726891727 -4.391897279690259
6.06742819273384 2.8225110381875673 1.0066678013419343 -4.393796215214854
5.985075831003927 2.8125279098037206 1.0100779260121329 -4.3943437459929395
5.902452374843634 2.8036799318859753 1.0142669452651278 -4.393958207564214
5.819537736310899 2.79401439879626 1.019234472704143 -4.394534909804843
5.736302224901114 2.786062721203999 1.0247172409692413 -4.393923175485021
5.652718148076258 2.782642528303413 1.0303679698701884 -4.389643711815273
5.568761689808065 2.7791019654648754 1.0360812474135361 -4.385902349303575
5.484387890848159 2.7758449946504573 1.0415330766535034 -4.382354610694772
5.399567883500696 2.7775915795701263 1.0464006836543687 -4.374672852297236
5.314310592908911 2.7818663751513886 1.0506541025336005 -4.365043884946105
5.2286430751009165 2.7831569958330364 1.054350507853427 -4.3585078755068345
5.142590135959261 2.7803055740239184 1.0574195592083888 -4.356164202310591
5.056180089457082 2.772202968843201 1.0597953755688538 -4.359081869132562
4.969442247361704 2.7647742037191123 1.0613893915204164 -4.361764424477775
4.882420343174086 2.759560532058547 1.062303515011377 -4.362761567469182
4.795162632134463 2.7589046097474097 1.0627368376837174 -4.359865699295641
4.707717385023934 2.757781431842423 1.0628519781634198 -4.357818013769726
4.620107845999823 2.757006108353518 1.0628602609824118 -4.3558671322997995
4.532345475374242 2.7577986879621794 1.0629683208885086 -4.352851327358049
4.444437894208948 2.7587497425800933 1.0633298352590408 -4.35010378198488
4.356390924074574 2.759149982817094 1.0640818505352698 -4.348308738226574
4.268211488010983 2.7586762408655905 1.065335749009062 -4.347789312412287
4.179902889611489 2.7580427952493713 1.067206225728258 -4.347872931166286
4.091463258915509 2.757635787557374 1.069793407491564 -4.348190355471459
4.0028883013357985 2.757588552336623 1.0731779133713673 -4.348612051110026
3.91417256399963 2.758224849782193 1.0773863002411412 -4.348814161912579
3.825310632007825 2.7595836754048784 1.0823837135141663 -4.3487341925176075
3.7362990041065864 2.7614344810091414 1.0880819798367725 -4.348561993109441
3.647136902373275 2.763624832440622 1.0943534656556542 -4.348408149336201
3.5578258826830775 2.7671686731633987 1.1009920859954911 -4.347235081122018
3.468369762961344 2.771259748923476 1.107901747344395 -4.345796688816953
3.3787748704874505 2.775375358108207 1.1149832845717333 -4.34458392266113
3.289044804625244 2.7794759597257124 1.122115909054405 -4.3436177441003245
3.19917860974301 2.78367804353237 1.1291807756922907 -4.34276064539226
3.109171438532841 2.788149690357627 1.1360765090920977 -4.341818545884545
3.0190160372941626 2.792992121402838 1.1427159073897766 -4.340657943867633
2.9287053836053416 2.7983828173988416 1.1490144060284355 -4.339071007381878
2.838234777827583 2.804446646504693 1.1549235296712073 -4.3369115388559685
2.7476040764987393 2.8111508049021037 1.160426791958738 -4.334203395514987
2.656818812536095 2.8179399814095283 1.1655445251480379 -4.331506655341055
2.5658894709675413 2.8245183086918977 1.170284722587388 -4.329143550024522
2.474829191012703 2.829926464930688 1.1747007686694746 -4.328112685214025
2.383652966226128 2.8341014155346973 1.1788221046355978 -4.328539960771255
2.2923738973388965 2.837617232961414 1.1826884968108256 -4.329912769757607
2.2010012994336265 2.8408851192783326 1.186357225114874 -4.331862588211132
2.1095427828855136 2.8448346206047517 1.1898814363116597 -4.333490652065937
2.0180059665903616 2.8506898733365054 1.193307415327043 -4.3335909653707585
1.9264020981207068 2.8590107948937273 1.1966633802008926 -4.331618615608555
1.8347454361890716 2.868264649849036 1.2000395752571553 -4.329130948171704
1.743051551877658 2.877443618015574 1.2034939878657274 -4.327176162308019
1.6513385703311234 2.8855224041460885 1.2070662352144073 -4.326841066674513
1.5596280586282814 2.8929588247320837 1.2107187551401988 -4.327752083992783
1.4679446273944492 2.9007055413019676 1.2143840288874377 -4.329067272955437
1.3763155916602876 2.9093396168189662 1.218006494986695 -4.330357355944646
1.2847701372455234 2.919255137423858 1.2215411488275623 -4.3314171433149244
1.1933387773052426 2.930745750838389 1.2249670817230955 -4.3321887143059605
1.1020539924094057 2.943982077285156 1.2282952840321848 -4.332800331922598
1.0109542029083807 2.960333463490249 1.2315331752474235 -4.33227612356986
