7.806159383418673 -3.0652437894078632 1.440625294529411 -36.0810685033486
7.6961975608904245 -3.0618730135874133 1.439583339041926 -36.07740684139458
7.586120730422939 -3.062618611691395 1.4380142147238075 -36.07777566764063
7.475976985692668 -3.0703960571775375 1.435616779668539 -36.08509572141772
7.365806255304354 -3.0742635198260593 1.4321154205145643 -36.08843775166125
7.255646685949646 -3.0725762469080315 1.427552585368231 -36.08620370807842
7.14550992285425 -3.071467850398707 1.421976307538795 -36.08458208679104
7.0354026264655625 -3.0709602185859137 1.4155916877515549 -36.08364218060832
6.92531809752045 -3.069916374964615 1.408605279565293 -36.08230133990482
6.815242399195852 -3.0679264903585373 1.4012134986547458 -36.080202733932445
6.705166259924303 -3.0684271276911894 1.3934018786078979 -36.080853273509526
6.595089001337461 -3.072456357093228 1.385298662249362 -36.08532679710207
6.484989766024013 -3.0799439487102425 1.3771425604570464 -36.09357192787016
6.374826912937254 -3.089494899257161 1.3692445573211822 -36.10417812069707
6.264555347770047 -3.10017225314646 1.3618997859936524 -36.1161804986187
6.154127846404409 -3.1104795016511058 1.3554077136000284 -36.12802277600872
6.0434998921869605 -3.1204168723581667 1.3500060124926827 -36.13966539919193
5.932630471909757 -3.130261299775194 1.345933601001398 -36.15134516242689
5.8214798014961255 -3.138697396770467 1.3434365436462732 -36.161652212349615
5.7100065795008454 3.137026142217406 1.3427314691352423 -36.17097439679716
5.598163193455288 3.130201015081043 1.3440132096100115 -36.17960088609795
5.485912744433645 3.1224547990721683 1.3473208454061716 -36.18908224762759
5.373229103346513 3.128901761253978 1.351080803914494 -36.18374585971827
5.260157247992896 -3.141508898676492 1.3550722961392643 -36.17171743324491
5.146736983521886 -3.1337964755342704 1.35948170223044 -36.16473193410008
5.032985558772747 -3.1297908872570717 1.3634218519692072 -36.16130984709373
4.918912797073494 -3.1291194192077016 1.3663490278823458 -36.16097259154005
4.804492338792007 -3.124917843382361 1.3676779119091385 -36.15660178792746
4.689711451303744 -3.1164794230922515 1.3674982225570604 -36.147503200989505
4.574587662030204 -3.1043052655650274 1.365949320553164 -36.13423260974501
4.459134989033808 -3.0925338630439687 1.3632476683667283 -36.12106365500195
4.343347223876787 -3.0824175262071574 1.3595129724698085 -36.1093065847518
4.227215045882442 -3.073837185381316 1.3548863424069213 -36.09886919032187
4.110727214160331 -3.068966912305653 1.3494767547281177 -36.09198879194417
3.9938647566593004 -3.068740140241695 1.3434106279397324 -36.08963588761344
3.8766137618905128 -3.0712692413790226 1.336924279350886 -36.08992057776055
3.758974544053622 -3.079893500841961 1.3300727842751903 -36.096237833806036
3.6409489940636535 -3.0915797195541708 1.3231871887720084 -36.105524576562274
3.5225661690635155 -3.1007884067119136 1.3166686574627477 -36.11217692390911
3.4038772836559628 -3.105866175831407 1.3107385003815981 -36.11450241261861
3.284939276420673 -3.108847006217016 1.3054656419464175 -36.114498668601044
3.165785915815741 -3.111415298659159 1.3009914603782713 -36.11382597749459
3.046434271234663 -3.1142268341845583 1.2974877694099465 -36.11312786385677
2.926896259748797 -3.117058475894274 1.2950994829403415 -36.11216801766783
2.8071814517887224 -3.119941563529577 1.293914653414819 -36.11097051550883
2.6872988062959786 -3.1230484271232166 1.2939750997323063 -36.109700209699746
2.5672571521349994 -3.126594312124904 1.295287527476403 -36.1085625175074
2.4470646945934904 -3.1310184621946715 1.2978363322008806 -36.10798630782919
2.326728796951839 -3.1368118651902916 1.301588453720565 -36.10845059862392
2.206257951522208 3.1385709437618043 1.306518830248725 -36.110574428372786
2.0856626861349836 3.13002780157906 1.3124527556578018 -36.11305061267075
1.9649588332754628 3.124689647234713 1.3189109897100686 -36.111871630016374
1.8441698730406042 3.121615526737487 1.3257306719566022 -36.107900206274934
1.723320607052434 3.1162772884526966 1.3330624108844198 -36.10555615297091
1.6024369254962483 3.109391662874557 1.3405409845059924 -36.10395008183096
1.4815504455163708 3.101176512954621 1.347800941329937 -36.10263357983544
1.36070086293701 3.0925806338638635 1.3543669841463508 -36.10033726420179
1.2399372098843064 3.0829265354629807 1.3599060083765588 -36.09730562039348
1.1193160582840538 3.070357957972468 1.3642225247817896 -36.09481718029768
0.9989004926161961 3.0542398395050814 1.3670352762662557 -36.092724466719986
