7.916425394200906 2.3713086556773 0.32797927887064193 -47.646056683794406
7.898693021110365 2.3682144182694573 0.3291311362364723 -47.64568992798699
7.880943426265347 2.3650154166800945 0.3299875076265514 -47.64591102827937
7.863180106642401 2.3619172809061326 0.3305149640659869 -47.64656533923603
7.845406355324015 2.3592855839883318 0.3306938944080185 -47.64736941011576
7.8276256612976525 2.35739011600379 0.33051452418939636 -47.64813661911324
7.809841853342752 2.3563187974944424 0.3299717662820679 -47.64884004950096
7.7920590387318835 2.3561495418330907 0.329065978653777 -47.649432784131584
7.774281473038526 2.3568968594843027 0.32780492041848286 -47.649909435278666
7.756513456170717 2.3584639647533887 0.32620350602664394 -47.65036434748189
7.7387591650221195 2.360875137291502 0.3242879942035583 -47.65076800626492
7.721022419715912 2.3641573712766726 0.3220938876259626 -47.65110382849556
7.703306747610852 2.368279912528256 0.319660711832528 -47.65143132853709
7.68561545591884 2.3732398553904708 0.3170312659851979 -47.65179631370926
7.6679517012967136 2.3801382451354023 0.314286723950629 -47.651090676121036
7.650318302178989 2.389327134797799 0.3114895973099566 -47.64898121840991
7.632718018419156 2.4005737647838883 0.30868269805072845 -47.64572127855926
7.615153523467836 2.413995197530357 0.30592088991115435 -47.64113886488154
7.597627120968197 2.42892879345097 0.3032336185165493 -47.63585406619959
7.580140747036942 2.445029255494447 0.30066399063683186 -47.630088663341134
7.562695600490266 2.461962904856426 0.29825935927271785 -47.62399425229008
7.54529214651961 2.477175024475968 0.29601284328735106 -47.62020760135224
7.527930777334006 2.490982929337175 0.2940167973461355 -47.61807344544379
7.5106103791431895 2.50337299167231 0.292325112562291 -47.6171789784059
7.493328409945366 2.5142286658405175 0.29097343154411504 -47.6172824437832
7.476080795142063 2.5240479784025895 0.28999020134815945 -47.617501421939636
7.45886225949618 2.53313973712083 0.28937034362542774 -47.61726724233171
7.44166714165637 2.5419234459236772 0.2890848993323339 -47.61602356471389
7.424490349426794 2.5505012776870144 0.28908737228449327 -47.6136610501667
7.4073274869045 2.5583911322052386 0.28932187924474445 -47.6107514555569
7.390174885899294 2.564234180203505 0.28973052909210256 -47.60879985807334
7.373029528040861 2.5683497679269043 0.2902524375906289 -47.60756197943957
7.355888651669464 2.5698789952211336 0.2908282093141082 -47.60807893974402
7.338750085962299 2.5705615759354843 0.29139341148203307 -47.60882038058818
7.321612446467409 2.5707963698342313 0.2918982019586869 -47.609703918433986
7.30447547452856 2.5703237749421026 0.2923059434710965 -47.611414436776926
7.287340208747164 2.5686247137337075 0.292547034083921 -47.61490563562248
7.270208661671236 2.56738977330395 0.2925330132152833 -47.618916378742675
7.2530843571920505 2.5677057532512775 0.29218727271280465 -47.622724460810836
7.2359720622030235 2.570226876084848 0.2914398462402576 -47.625840211716636
7.218877169524792 2.5750552663094686 0.2902399131604608 -47.62820928824353
7.2018057074397195 2.5816889004226304 0.2885529149082251 -47.630335577716735
7.184764125974362 2.5899322877964672 0.2863742488786917 -47.63237747462831
7.167758784455948 2.5999842552258534 0.28374043642747643 -47.63403923646927
7.15079549235369 2.611856322916307 0.28071479362706336 -47.63521900288406
7.1338792157224535 2.625374513162035 0.2773797713485293 -47.63606092130407
7.117014031562859 2.6401991344596434 0.2738282248513025 -47.636959323206206
7.100203372331972 2.6575429753718427 0.27023502565692537 -47.63649320596332
7.083449425048419 2.678789730863559 0.2667882676431714 -47.63295561901547
7.0667534964462515 2.7027781138597695 0.26355114080959385 -47.62763906851925
7.050117554541802 2.728005884394936 0.2605685478361354 -47.62219869866939
7.0335436024853255 2.751626707340611 0.25784609311847306 -47.619907313429316
7.0170340877525055 2.773139624774632 0.2555281047931345 -47.620896761253064
7.000589227379123 2.793934124801561 0.25379333929515674 -47.622628631346004
6.984205545049399 2.8144112299156183 0.25274747746737536 -47.62384917416561
6.9678780047418645 2.834029875898489 0.252424160896607 -47.62456951883929
6.9516012167779575 2.8523809945048555 0.2528163450487251 -47.6246903875006
6.935369284921959 2.8685158023490085 0.25387582230897043 -47.624837954404036
6.9191761012432105 2.881981283360114 0.2555224580579968 -47.6251361455833
6.90301477861372 2.892770909786978 0.25764173483124186 -47.62530673869763
6.886877675739606 2.9027784872911013 0.2600480310032069 -47.62327671908126
6.8707570908776265 2.911525951088609 0.2626119048490112 -47.61985422649086
6.854646438171622 2.9188064001091814 0.2652075095470131 -47.61565005542341
6.838540411419675 2.9226934636520605 0.26777549395138056 -47.613095468233524
6.822435115298125 2.922201847565166 0.2702202715962246 -47.61359810416933
6.8063275742602976 2.9203483321171237 0.27237699292317646 -47.61467556248269
6.790216473608237 2.916793432600144 0.2742086144383788 -47.617257880096275
6.774101555840015 2.9126196145240875 0.2756750170663741 -47.62096509349102
6.757983902395184 2.910185211854363 0.27672601454650236 -47.62412607035067
6.741867338542849 2.9103368499365248 0.277335557596376 -47.626366838501866
6.7257568912417725 2.9129498846632997 0.2774823273429893 -47.628127340596194
6.709658702550582 2.9179082177449325 0.27715512135187736 -47.62975998095938
6.693579734359667 2.925112024361524 0.2763599477567558 -47.631523806012396
6.677527332129286 2.9345111259149426 0.27512730126228374 -47.63355499467517
6.6615088138840965 2.9461940916603377 0.2735168115691394 -47.63576503885675
6.645531127518282 2.96052774235362 0.27161702310113983 -47.63765531282172
6.629600663784563 2.977588753980583 0.26952699161192 -47.63895592372545
6.613722998957336 2.9970711080538996 0.2673529604128207 -47.639811061106506
6.5979026861099355 3.0184113465807796 0.26521126764534464 -47.64069790410081
6.582143640636767 3.043546703130827 0.26329959123009306 -47.63879912176746
6.566447761519164 3.072611263954784 0.26173986280616374 -47.63347853977094
6.550816706170602 3.102874180290395 0.2605586432709658 -47.62781811674729
6.5352531578361805 3.1315921058612504 0.25980757340594757 -47.624911111480266
6.519760142357136 -3.1253116611020344 0.259603258092915 -47.62507590416601
6.504338625191318 -3.1013219752276626 0.26002550016013776 -47.62698942026612
6.4889863096265765 -3.0789969696400123 0.26111496323033334 -47.62875928326054
6.47369837464179 -3.0585355687752025 0.2628650820837874 -47.62984727071541
6.458468951836334 -3.0402730085419476 0.2652109818590232 -47.63013782230728
6.443291837980574 -3.0247044207857483 0.26805365697754363 -47.62986455669883
6.42816049472056 -3.0127850219302466 0.27128810110227936 -47.62991969003738
6.413068023059837 -3.0044356343334364 0.2747610568976992 -47.63010700453207
6.398006292432638 -2.9987463098994307 0.2782844355319872 -47.62959499070067
6.382966487357455 -2.994115753516871 0.28167026140129714 -47.627135026555294
6.367940131113346 -2.9908409523493193 0.28482431807987674 -47.62357536964131
6.352919910133595 -2.9881864149260333 0.28765268245872877 -47.618775329772
6.337900290521571 -2.990846348238503 0.2902120945417159 -47.61785148475343
6.322876785464209 -2.9957237420077845 0.29236807463847503 -47.61840186224742
6.30784676417307 -3.001356749248098 0.2940801821747834 -47.619652889271016
6.2928092866248075 -3.008257195532789 0.295381428932258 -47.622658212673365
6.277764188715512 -3.014214952498728 0.2962969720449562 -47.62589654932747
6.262713352644016 -3.017298083890858 0.29688784377697625 -47.628046019119914
6.247661422023236 -3.0178694036152836 0.2971967044192233 -47.62981824703294
6.232614384256704 -3.015996777324537 0.29725943518084413 -47.63156119412937
6.217579094516584 -3.011620732725261 0.29711534667608247 -47.633410773273674
6.202562919154112 -3.0046840274075644 0.2968108665448007 -47.63540683562396
6.187573464211875 -2.9952751633507857 0.29640222712728226 -47.63764445906393
6.172618300352146 -2.983248604952524 0.2959589868788709 -47.63984095195637
6.157704605152387 -2.968612686396418 0.295552895191951 -47.64177358686935
6.14283912726263 -2.951360438216476 0.29525574693343665 -47.64308320543767
6.128027784989442 -2.931987246237287 0.29514016595448983 -47.64394461816901
6.113275369655278 -2.910997845457407 0.29529435038076746 -47.64451967358705
6.098585864374787 -2.8861345159353387 0.2957960094732125 -47.641355780675504
6.083961049613285 -2.858420167535667 0.29668489576803975 -47.63515274262102
6.069402712593 -2.831169674819808 0.2980158583099879 -47.62960355306281
6.054913620104028 -2.807404033955379 0.299867902510632 -47.62792829209257
6.040496765580535 -2.7870656798822186 0.3022594893353714 -47.62910559379537
6.026151859236183 -2.769242719247155 0.3051336114132621 -47.63107095150379
6.011875146761325 -2.7534709891275075 0.3084296700988527 -47.632561541880726
5.997661133802075 -2.7398203482190158 0.3120763275361531 -47.63326288077806
5.983503573583261 -2.7283827795201123 0.3159638940067612 -47.63310240257901
5.969395788868158 -2.720142292862244 0.32000096770966513 -47.633115250300506
5.95533089223801 -2.715152847595509 0.32404595028537186 -47.6333740642943
5.941300799808528 -2.712986920607059 0.3279362324517318 -47.63357513099981
5.927296391920544 -2.711793189565345 0.3314888865505119 -47.632199566041315
5.913308435474437 -2.711551234967762 0.33462711217450913 -47.629703654009546
5.89932855987183 -2.710708006916982 0.3372627101610546 -47.62507708499605
5.885349903522667 -2.710811458719676 0.3394244991234565 -47.62029958256193
5.871367346149931 -2.716418043029841 0.3411681247678203 -47.620170742256974
5.857376259957822 -2.7229709502542385 0.3424275193529444 -47.62091996819011
5.843374461281561 -2.7298606330210142 0.34324580660937565 -47.62246915768437
5.829361218358651 -2.738054224241041 0.3437074214326672 -47.62618055225038
5.815336618834421 -2.7438738671322347 0.3439105906550854 -47.628972353633245
5.801303715159616 -2.7468734019950993 0.3439674940055159 -47.630760328546074
5.787267829074788 -2.747825638391286 0.34395387837355923 -47.632547268730924
5.773235442055612 -2.7466985297892212 0.34393875566494847 -47.63449160719199
5.759213739936468 -2.7433355499182066 0.3439846507051248 -47.636541934669296
5.745210345432381 -2.737733164140877 0.34414885204699025 -47.6387109599204
5.731233087148509 -2.730046884388217 0.3444856602237519 -47.64108539470039
5.717289730320867 -2.7200793440867272 0.34504610663709273 -47.64325209727953
5.703387605608155 -2.708051329009323 0.34587165303691253 -47.64517741114503
5.689533640705192 -2.693927458370602 0.3469930998940501 -47.646447975513986
5.675733821850284 -2.678281838630318 0.348444832402103 -47.64731289177234
5.661993015008093 -2.6608912578302317 0.35025865249992655 -47.647033947031616
5.648314856661744 -2.6399510284079204 0.35241212691243096 -47.64292475010346
5.6347012190266295 -2.617169764949536 0.3549254097766657 -47.63658176836046
5.621154135458968 -2.5958763431258856 0.35787745706240953 -47.6315821384006
5.607676250104841 -2.5789585591417805 0.3613449534693122 -47.63084317411232
5.594269981169663 -2.565548367826113 0.36523061490248704 -47.63262541759217
5.580933965372701 -2.5540309467456055 0.36938536292781327 -47.63443010947938
5.567663568706724 -2.54416754028427 0.37372031427507574 -47.635596753395916
5.554452932136945 -2.5359515918688804 0.3781368607513562 -47.635940209507254
5.5412955397591235 -2.5298383861575737 0.38253727031764323 -47.63590285306453
5.528184440216701 -2.5264761332539996 0.3868219135061256 -47.6361923385733
5.515111949137549 -2.5252128155621563 0.3908258832064179 -47.63622652033565
5.5020690462559045 -2.5262700408627436 0.394443675810384 -47.63647163740807
5.489046404509604 -2.5268843396540674 0.3975173493244601 -47.634532058991304
5.476034959920588 -2.5278565545185594 0.40003721570571776 -47.63159861647531
5.463026717943788 -2.527528056239636 0.4019700341522887 -47.626484959257255
5.450015578961424 -2.5297778949050054 0.40340066734410124 -47.62326602740924
5.436996378727224 -2.5356382640541377 0.404346194915545 -47.62332053926521
5.42396501502888 -2.5420501038421865 0.4048415078199298 -47.62418385991898
5.410919835692384 -2.5491139653907946 0.4049755389978407 -47.62631665790052
5.397860300429138 -2.5564988235739716 0.40486159079545087 -47.62974477139496
5.384787304614902 -2.561482091161389 0.4046465999504889 -47.63216387668559
5.371705067118716 -2.564230222129759 0.4044477130006966 -47.63395323530799
5.358619360851195 -2.565344079928561 0.4043489613069929 -47.635870093725714
5.345536929699165 -2.5646863453814803 0.4044245520454063 -47.63788674547889
5.332465109643721 -2.5621984332383807 0.4047350348206165 -47.639983830897236
5.319411635754808 -2.5579574722230176 0.40532897993929395 -47.6422056167183
5.306384364106692 -2.5520611158899627 0.40624566892177866 -47.64453755150175
5.293390978057905 -2.544440833614133 0.4075130788915789 -47.646701666051996
5.280438710239081 -2.5351295490569856 0.40914479005716436 -47.648465899783396
5.267534238531646 -2.5241291718779224 0.4111402033763029 -47.64950711619762
5.254683110412101 -2.5121936194418515 0.41351835722585634 -47.65032753135923
5.241889939273075 -2.4977610273995854 0.41624113680505187 -47.64874383804489
5.229157632552866 -2.4799289228450374 0.41925871784650903 -47.64334175323606
5.21648805677135 -2.461402919652875 0.4226160195728349 -47.6369038493627
5.203883519572273 -2.446394363306698 0.4264377969349962 -47.63392832523182
5.191347017152988 -2.4351606449931475 0.4306810217067501 -47.63422342328337
5.1788791911463905 -2.426696838566056 0.4351989610228578 -47.63617578257989
5.166477422755549 -2.419469824368846 0.43982470782964855 -47.63768320152098
5.15413665039779 -2.413525157752174 0.4444715211522272 -47.63857382676971
5.1418509674359 -2.408719842154468 0.4490289594297709 -47.63861704489676
5.1296137520485185 -2.4059116740140456 0.453421909086314 -47.63872069971836
5.117418038052074 -2.4052386421809704 0.4575334927696916 -47.639083102637464
5.105255761255195 -2.406116674766765 0.4612172336924288 -47.63924124163501
5.093117804014837 -2.407835991904198 0.46436633280017187 -47.63874189615761
5.0809949919910915 -2.4089392588291956 0.4669024185388917 -47.636465453468816
5.068878854292037 -2.409318588520494 0.46882048127066434 -47.632643040252375
5.05676232616046 -2.4089435579470333 0.47015224185187093 -47.627556330266906
5.044640055994188 -2.413536341504734 0.47097989746092406 -47.62697198433405
5.032506477616948 -2.418928678642141 0.47131507178243687 -47.627261701903244
5.0203586440284065 -2.424625220539046 0.471248399746216 -47.62827771861461
5.008195391633979 -2.4311888823490913 0.4708907036308564 -47.63082063610734
4.9960163680841365 -2.437022257422657 0.4703840305941543 -47.63360836762321
4.983823438512963 -2.440800192738133 0.469890769504967 -47.63556639150876
4.971621402768891 -2.4430137938370824 0.46951889274480174 -47.637316122700646
4.959416282404383 -2.4440203656911152 0.46935290176700284 -47.63931357320157
4.947214830069898 -2.443619182435262 0.46946679247396117 -47.64140938167959
4.935024314269854 -2.441794530762961 0.46991718330987325 -47.64358374186555
4.922852301659655 -2.438676069863186 0.47074567323963357 -47.6459089112555
4.9107063889297935 -2.4341326893595068 0.47197830584589484 -47.648116832979824
4.898593902541973 -2.4283195870495624 0.47362762491662436 -47.650192066151874
4.886521799963903 -2.4210240131465808 0.4756841332875452 -47.65167500608529
4.874496267673238 -2.4124900821085227 0.47813617420416615 -47.652569260395545
4.862522383186381 -2.40314942715402 0.48098636333107847 -47.65306773503731
4.850604350289609 -2.390442513645997 0.48413682940526664 -47.650019934731596
4.838744594488146 -2.3746180288368177 0.4875448240589356 -47.643430273915385
4.826944994165514 -2.3597428036869976 0.4913113267785533 -47.637576209780576
4.815208133205259 -2.349172654508048 0.4955195830487719 -47.635902376192696
4.803536469419738 -2.3419455529429203 0.5000433434018291 -47.63696892587481
4.7919293903729345 -2.3365199734319355 0.5046940284374296 -47.638759655267194
4.78038325913157 -2.331932563309582 0.5093281959653881 -47.63998480089847
4.768892829657546 -2.328357155403193 0.51385905273739 -47.64068870763908
4.757452152303879 -2.325782063259306 0.5181869110538708 -47.64081698518108
4.746054528811568 -2.3248895032080017 0.5222374460640269 -47.64109719142541
4.734692698749552 -2.325541381572865 0.5258941352795639 -47.641460339015765
4.723358387603456 -2.327444446823155 0.5290506332968917 -47.641758956546326
4.712042735892729 -2.3286185114174716 0.5316010394148379 -47.64027088811964
4.70073724681179 -2.3289515975382584 0.5335351308462508 -47.63715395732937
4.689434514241211 -2.3281143650914222 0.5348712656527085 -47.632359822143805
4.678128694072279 -2.328934519466886 0.5356800848291295 -47.62885031473929
4.666814634624217 -2.3333525388653635 0.5359906319561636 -47.62874347016414
4.655487440062143 -2.338245098791179 0.5358641000339536 -47.62932843453395
4.6441447611085405 -2.3433617194925342 0.5354035898663579 -47.63060742779323
4.632785748024952 -2.3498418819526674 0.5347233243416433 -47.633884569832524
4.621410183031893 -2.354559538644356 0.5339930291873022 -47.6363154319794
4.610020963054169 -2.357699792915584 0.5333614697875271 -47.63822427764727
4.598623239830358 -2.3596645264073626 0.5329216491997439 -47.640102340015005
4.587223084796049 -2.360640543396221 0.5327525588319014 -47.642196151413536
4.575827150389659 -2.3604867098655786 0.5329210002668291 -47.64438035512987
4.56444251139267 -2.359221585158065 0.5334758924010088 -47.64664521981437
4.553076437297723 -2.3568925764604534 0.5344498919945045 -47.64896329183419
4.541736139798088 -2.3534148840490343 0.5358589023870135 -47.6511192360656
4.530428565839938 -2.348800923036862 0.5377001299377494 -47.65296575559593
4.519160153726511 -2.342887830517465 0.5399543810469034 -47.65413372341686
4.50793646498897 -2.336195455442754 0.5426149069649671 -47.65496766530144
4.496762176204124 -2.3278999802074503 0.5456417771094417 -47.654342009600384
4.485640893401031 -2.316210943500784 0.5489425777066682 -47.650080394131294
4.4745750091024155 -2.3025573319343335 0.5525078864045465 -47.64353453072358
4.463566683736611 -2.2904616672361144 0.5564133255564985 -47.63833395428936
4.452618095500663 -2.282911412478324 0.560709356664807 -47.63748472360175
4.4417308525420225 -2.2784104310085453 0.5652222991528697 -47.639094042556586
4.430903435689381 -2.2747633047563447 0.5697370876080973 -47.64057362502329
4.420131596433256 -2.271840561173919 0.5741510246542274 -47.64162330996314
4.409410148194947 -2.2697006270109172 0.5783769470871588 -47.64221002512373
4.398733123236946 -2.268516918158326 0.582332319302259 -47.642490275417735
4.388093875813213 -2.26865187120481 0.5859400498365946 -47.64286645104391
4.377485070644213 -2.269906151776278 0.5890973925520863 -47.643211841595246
4.366898585562582 -2.2720069531945946 0.5917248033096786 -47.643397552798554
4.356326043414923 -2.2727498972137674 0.5937460018220849 -47.64145403817152
4.345759891033403 -2.2720670297691563 0.5951752995700872 -47.63753856974383
4.335193815180364 -2.270844982059579 0.5960653749604313 -47.63273257719894
4.324622829504581 -2.2742679923461706 0.5964785951718337 -47.63224514869155
4.314041231275906 -2.2782387325828934 0.5964367348048752 -47.63234587893533
4.303445589917876 -2.282552420232579 0.5960265266623787 -47.63305175516835
4.292834091562371 -2.2873858502250646 0.5953521453576368 -47.634713799010925
4.282206053913671 -2.293049674953717 0.5945386502012907 -47.637799678436586
4.271561874675149 -2.296931102744401 0.5937539054353241 -47.63990617741575
4.26090514495146 -2.299623924078967 0.5931253705359137 -47.6417216027152
4.250241039517548 -2.3014911290889937 0.5927313213193036 -47.64367456854269
4.239575429357098 -2.3025078881245418 0.5926402456664734 -47.64577604706853
4.228914698023261 -2.3025797242500183 0.5929068020515232 -47.64792811679777
4.218265551858301 -2.301784583980184 0.593569336694136 -47.65017054846744
4.207634807120313 -2.3000358858552077 0.5946493063676621 -47.65233401380396
4.197029182195691 -2.2973283314185684 0.5961501383978275 -47.65429995874522
4.1864550217241385 -2.2934736322708926 0.5980590312154077 -47.65572697387015
4.17591806003686 -2.2886056946684823 0.6003600478732414 -47.65658970687656
4.165423209227753 -2.283185381357031 0.6030492161706138 -47.657199835378265
4.154974665545581 -2.2755428994772067 0.6060598373417256 -47.655587830393564
4.144575613638032 -2.2642803080749876 0.6093007220613817 -47.65008157852938
4.134228288272461 -2.2521144241043376 0.6128055860762892 -47.64342466008869
4.123934881874412 -2.2429083575831976 0.6166528297480873 -47.63958623796133
4.113697311123644 -2.2376420260083987 0.6207976396330278 -47.639409533116954
4.103515914162779 -2.2347401472622255 0.6250592146477906 -47.6410274194406
4.093388390614368 -2.232216456457763 0.6292457911193167 -47.64217751572585
4.083310403279204 -2.2303089273897005 0.6332687788666762 -47.64299551924687
4.073276885086096 -2.229212842957438 0.6370490985739797 -47.64361815459509
4.0632819734006205 -2.2288801355358703 0.6405058293238858 -47.64398417791292
4.053319027613626 -2.229553500969102 0.6435706607791152 -47.64437668932099
4.043380834869346 -2.2310009549225205 0.6461608464727763 -47.64463444659439
4.033459658735231 -2.232222488748021 0.6482100556357674 -47.643900532197186
4.023548001125147 -2.2321517880569934 0.6496989928272527 -47.64129632696108
4.013639354568679 -2.2304810509062514 0.6506567195209302 -47.636710371879765
4.003728602410592 -2.2303774169183614 0.6511511597916148 -47.633396907205444
3.993810929829 -2.2339577337453496 0.6512068592799165 -47.6335800763846
3.9838812944294486 -2.237597348471739 0.650867677350824 -47.63392598998918
3.9739369246910505 -2.2414732334722567 0.6502240714954511 -47.634773186788436
3.9639764177651915 -2.246243383686675 0.6493826573827816 -47.63690184279578
3.953999218856737 -2.250936464730647 0.6484854866206776 -47.639499044742664
3.9440065300329064 -2.254577819162781 0.6476817464024404 -47.641739703808014
3.9340022765805696 -2.257284527377236 0.6470757604062821 -47.64382423254699
3.9239915949567723 -2.2591454222378706 0.6467315800139254 -47.64589133962337
3.913980218176822 -2.260274953281747 0.6467023085250633 -47.64807650061831
3.9039742816052114 -2.2606260750456433 0.6470291396990071 -47.650318589585225
3.8939801239062115 -2.260222697934061 0.6477391568128815 -47.65259436929257
3.884004095186539 -2.2588759760487465 0.648842956988615 -47.654627186417784
3.8740522977043943 -2.2565718060062245 0.6503384365610875 -47.65629381498846
3.8641304226842323 -2.2532172598770037 0.652213135965416 -47.657366292412235
3.854243559183315 -2.2492490245501613 0.6544613440046776 -47.658159406368945
3.8443961033132665 -2.2446771193543245 0.6570727252145913 -47.658534322076854
3.8345918229460967 -2.2371961063760195 0.6599622418172957 -47.65590544171215
3.8248336461375416 -2.22618136606403 0.6630548794517956 -47.649470036068124
3.8151237620130627 -2.21550733682556 0.66641428224022 -47.643190145587305
3.8054641990710025 -2.2086913061302704 0.6700955260106071 -47.64064105482243
3.795856325680427 -2.205184485831327 0.6739905751814886 -47.64107024779636
3.7862994444280687 -2.20331747117308 0.6779190529658768 -47.642585772056705
3.776790650845663 -2.20160149837351 0.6817236261575037 -47.643516902558574
3.767325632877727 -2.20052746718883 0.6853268696046879 -47.64429557999168
3.757899409098054 -2.200120037440537 0.6886457661822563 -47.64490554808919
3.748506124868331 -2.200345051880358 0.6916084384915313 -47.64531012401648
3.7391392631618947 -2.201297697486959 0.6941519178323671 -47.64564376595244
3.7297918121944638 -2.20262794666249 0.6962146273166991 -47.64563108295852
3.7204565719966975 -2.2027174039005235 0.6977490382359144 -47.64379503633522
3.7111271332647986 -2.2015598481510485 0.698776939474467 -47.64028090626794
3.7017980178142036 -2.1997425140882845 0.6993422598126758 -47.63581872124833
3.6924648286461075 -2.20200397531309 0.6994869769323974 -47.635171834525956
3.68312211802119 -2.2051922282415592 0.6992268123886166 -47.63541721930829
3.6737661501037735 -2.208457009590881 0.6986202382610476 -47.63587393798511
3.6643946315103832 -2.211927288296185 0.6977613873294496 -47.6367977706709
3.655006553394798 -2.2165521083429516 0.6967620474553631 -47.639229354920495
3.6456015542754496 -2.2204457942381657 0.6957791050173104 -47.64143341035825
3.6361816488385164 -2.223705859051141 0.6949351026391191 -47.643616559915266
3.62675094685946 -2.226329219063769 0.6943112125707662 -47.64584228089873
3.6173144414624305 -2.2281976585820953 0.6939644313204538 -47.64802862380412
3.6078776933835726 -2.229406957779706 0.6939377322499205 -47.65028021173963
3.5984465676687036 -2.229943843982114 0.6942630174534802 -47.65256139099692
3.5890270133846762 -2.2296555529780324 0.6949601428191572 -47.654661109012466
3.579624911473775 -2.2285847626583903 0.6960359665914084 -47.65654392990135
3.5702458768648517 -2.2265301176624623 0.6974842568684338 -47.65790177990119
3.5608951344548125 -2.2236122428207232 0.6992936936616657 -47.65874521987188
3.551577290420681 -2.2202832199794287 0.701462279830424 -47.6594221032184
3.542296361763691 -2.2161716792981943 0.703971192102894 -47.65941930952022
3.53305581601189 -2.20855700518715 0.7067200436853281 -47.655764489580314
3.5238584644846536 -2.1980788002950757 0.709662260944597 -47.64900890525133
3.514706444085638 -2.188884351827131 0.7128597103141142 -47.64338288843113
3.505601358052212 -2.1834295434497877 0.7163183830829191 -47.64133320881804
3.4965437173727607 -2.180919423556912 0.7199141861262741 -47.64189898415534
3.487532127014239 -2.179533949298993 0.7234745751644654 -47.64308032096394
3.4785633726063194 -2.178475806500518 0.7268784040359617 -47.64397044534601
3.4696332608662224 -2.177931434467913 0.7300417162182087 -47.64470863255721
3.460736761707175 -2.177940782545214 0.7328858467795845 -47.64530984477803
3.4518680486679716 -2.178483282785547 0.7353449422412848 -47.6457545511578
3.4430207153831773 -2.179395866086238 0.7373600962240966 -47.64591245435412
3.4341879691468247 -2.1802217199542437 0.7388947459275315 -47.64540118667423
3.425363229626035 -2.17956875391287 0.7399353397429868 -47.642953106146145
3.416540942121196 -2.1779312573044303 0.7405171011087375 -47.639184802503145
3.407716414401398 -2.1769210134486165 0.7406771496369252 -47.63580223004305
3.39888523697411 -2.1795625732221486 0.7404337757935364 -47.63588366181099
3.390042191689046 -2.182386692034528 0.7398248678761512 -47.63616354597292
3.3811842182472907 -2.1853235745850927 0.7389142120792987 -47.63669334256239
3.3723093640785784 -2.1886964859679905 0.7378044986803012 -47.63789746384622
3.363416837921303 -2.1927706104913414 0.7366221700152874 -47.6401322236605
3.3545069008776838 -2.1963780428943993 0.7355165486433352 -47.642350851094164
3.345582188796379 -2.1995324997689285 0.7345918386468608 -47.64465692940954
3.336646859744328 -2.2022182147046863 0.7339175905963125 -47.647082807562235
3.3277058045774464 -2.2042414724573622 0.7335469591723116 -47.649461474497684
3.318764452841451 -2.205591615484121 0.7335160394545567 -47.65178375595148
3.3098285030582257 -2.2062715698540165 0.7338471710660085 -47.654028144005835
3.3009037062498456 -2.2061849885833817 0.7345496466224744 -47.65604567466285
3.291995686431406 -2.2053161672683124 0.7356207612740454 -47.65774913635584
3.283109762869835 -2.203524494259554 0.7370477419595213 -47.65890452112449
3.2742508048934216 -2.2011068165532564 0.7388197271216999 -47.6597171277646
3.265423069615957 -2.1982173545140213 0.7409278092277669 -47.660238451406755
3.2566302639084994 -2.1938206504246494 0.7433335104938509 -47.659283240761646
3.2478756217051266 -2.185956655242362 0.7459473856456924 -47.65470394362683
3.2391618327080898 -2.176057763213047 0.7487365007133747 -47.647889639598986
3.230490764322263 -2.1684177755799072 0.7517602993494011 -47.64320212959558
3.221863423834304 -2.1643093633922943 0.7549811955107463 -47.641850368210335
3.213279440770666 -2.1622277355853297 0.7582446900180007 -47.642184276156904
3.2047367385162415 -2.161280179061189 0.7614239357717096 -47.64319434055511
3.1962319386409543 -2.1607242572250134 0.7644055117194253 -47.64405702424971
3.187760719970722 -2.1605996186780816 0.7671076406093642 -47.64477743154233
3.179317914047733 -2.1608870652684358 0.769456661231658 -47.64532326873326
3.1708976646234412 -2.1614842788522557 0.7713902572771979 -47.64560042541042
3.162493627441299 -2.162166511941238 0.7728680713056598 -47.64542342562688
3.1540993644314224 -2.1619175992607604 0.7738720182048705 -47.64385807242943
3.145709172971284 -2.1607789641298902 0.7744213226756035 -47.641047459867636
3.137318098005347 -2.15949684618624 0.774545855179252 -47.637835438365826
3.12892173970544 -2.1598127761684376 0.7742689916425953 -47.63603649674766
3.1205155163849385 -2.1621369090132854 0.7736089799022563 -47.636155836164626
3.112095136678603 -2.1646135712720334 0.7726194300102441 -47.63647739195095
3.1036579641044484 -2.167253332074374 0.7713807233915562 -47.63710904193654
3.095202513562507 -2.1706068391123634 0.7700073963344668 -47.63867575197812
3.0867282875455393 -2.174099749799681 0.7686439929516566 -47.640692534103316
3.078236448254048 -2.177484037474881 0.7674076954061868 -47.64300920633898
3.069730037514131 -2.1805440794961797 0.7663838532303519 -47.64547600776321
3.0612131796013387 -2.183296328659197 0.7656402026130401 -47.6481408533938
3.05269065396743 -2.18543153103632 0.7652290500617203 -47.65070917281747
3.044167775094214 -2.186878841827785 0.7651815899288854 -47.653104628408826
3.035650120633721 -2.187608040446907 0.7655115930744387 -47.6552705150299
3.027143290067402 -2.1876769153802265 0.766219109872179 -47.6572211932838
3.0186526785105707 -2.1869459674588194 0.767293067807529 -47.65875120951741
3.010183366332011 -2.185379642064277 0.7687144639952231 -47.65974549727747
3.001739920957318 -2.183408978802344 0.7704718764024547 -47.66055851925311
2.99332629534025 -2.1807131630188064 0.7725438776088089 -47.66076512627986
2.9849459557778126 -2.175883429846935 0.7748764726765102 -47.658815129070504
2.9766020254726175 -2.1676452671257973 0.7773787272062134 -47.65329771212161
2.968296998918426 -2.158091102459503 0.7800259877012863 -47.64628828039006
2.960032332518084 -2.152296097500847 0.782893259387829 -47.6429286908267
2.951808233130895 -2.1495761821645987 0.7858828282117485 -47.64240654662118
2.9436234088838 -2.1483347453664368 0.7888421738855634 -47.643006760765864
2.935475163579284 -2.1478017934345766 0.7916573032922426 -47.64387745495337
2.9273598368076335 -2.1476077569021292 0.7942331480601867 -47.64460351246717
2.9192729130034145 -2.1477795723320523 0.7964914853322685 -47.64519376621962
2.9112091039854917 -2.148190599001899 0.7983606848827489 -47.64552173953312
2.9031625259796874 -2.1486287187854547 0.7997905372086997 -47.645399715262116
2.8951270543318985 -2.1487009102381585 0.8007605751894419 -47.644490483526226
2.8870969102556385 -2.1479384408044777 0.8012751511056915 -47.642411902431675
2.8790670682123882 -2.146609469445376 0.8013571379136728 -47.639521009662104
2.8710331344457494 -2.1461748315662024 0.8010288490641314 -47.63734642006711
2.8629905987532864 -2.147793158475893 0.8003047050358841 -47.63711185497873
2.854934790804189 -2.1496235266578467 0.7992291246635138 -47.637092148203344
2.846862654924022 -2.1516438303730325 0.7978636562109263 -47.63734303034188
2.8387720469592814 -2.154023760947999 0.7963029832332985 -47.63810500147562
2.830661885656658 -2.156745707839213 0.7946813886720082 -47.639418419871234
2.822532347055496 -2.1597900962372565 0.7931321235043057 -47.641333836223225
2.814385141858259 -2.1630253109531346 0.7917513236281165 -47.643798751743695
2.806223362879978 -2.166106534100531 0.7906156082702125 -47.6465145628883
2.7980510498246627 -2.168794253982031 0.7897966654737191 -47.64926020767557
2.789872972320754 -2.1709083134751728 0.7893426260618358 -47.65186262962914
2.7816943955999336 -2.1723932851888432 0.7892781783592336 -47.654260207292545
2.7735208004990795 -2.1732185705748797 0.7896091692760746 -47.65640000500182
2.765357645656233 -2.1733897884764963 0.7903268243555309 -47.658250030461836
2.75721016254595 -2.172819712728304 0.7914109792805446 -47.659667835353
2.7490832218507273 -2.171491824145712 0.7928346952992291 -47.6605689971953
2.740981133570819 -2.1697245946959502 0.7945794631836923 -47.661201538092456
2.7329076032705975 -2.167153355528015 0.7966164995373971 -47.66110874194736
2.72486587947331 -2.161602820376737 0.7988597529313419 -47.657970144468415
2.7168589630539524 -2.152281788823403 0.8012105305030007 -47.65088967631488
2.7088890991916617 -2.144265435958523 0.8037157907858965 -47.64500459470627
2.700956983788515 -2.1399128711086735 0.8063697793299652 -47.64263679345455
2.6930617658236504 -2.1378552542383775 0.8090437931338781 -47.64230926859127
2.6852013429634702 -2.1373614975632544 0.811625724629518 -47.6432095554859
2.677372513151085 -2.137093333818921 0.8139999053004258 -47.643931826336484
2.6695713468756246 -2.1371271422123486 0.8160900786615667 -47.644529606814835
2.6617931220702986 -2.137365812370828 0.8178218936820737 -47.644897890744424
2.65403246188021 -2.1376213517615383 0.8191367675729119 -47.644861154777146
2.646283617948914 -2.1378440851193354 0.8200073809504008 -47.64440849904999
2.6385408613656343 -2.1374799742548403 0.8204284052350364 -47.643052517541626
2.6307990865550064 -2.1363164243200155 0.8204163939256124 -47.64065635412247
2.62305390320405 -2.135748495292964 0.8199902867120841 -47.63867301849813
2.6153007333759426 -2.136342963674093 0.8191677791691107 -47.63773083727178
2.6075351264327886 -2.1376104586525275 0.8179784756704546 -47.63741663573483
2.599753452300686 -2.139011526401524 0.8164754922148346 -47.637259818013504
2.591953099687268 -2.1408693508000884 0.8147350170848514 -47.63763525052179
2.584132218464208 -2.1428212302239933 0.8128801551564273 -47.63823256815748
2.576290387967623 -2.1451284178363026 0.8110435663957226 -47.63935515453732
2.5684283727161485 -2.147907644396306 0.8093228995143785 -47.64118459783122
2.560548060870812 -2.1512138578547644 0.8077964576331976 -47.643840074590244
2.552652301402545 -2.154421150790731 0.8065430845205838 -47.64673829944372
2.54474503848665 -2.1571947875531974 0.8056339682434138 -47.649563116949544
2.5368310431800296 -2.159411399353729 0.805112959633658 -47.65220165962638
2.5289155804658843 -2.16102357153493 0.8049976099086718 -47.65460702889168
2.5210041098156197 -2.162014168656023 0.8052855199024207 -47.656747459317124
2.5131020280818985 -2.1623677393084892 0.805959882237193 -47.65857627625954
2.5052144681354336 -2.162020974905631 0.8069934884881312 -47.6599822349939
2.4973461512738857 -2.160981339793046 0.8083548243642102 -47.66091174642332
2.4895012285097846 -2.159327857072068 0.8100169023450595 -47.66137309968243
2.4816832777442706 -2.15671131504978 0.8119459805658769 -47.660932428880066
2.473895423732484 -2.1507717562196143 0.8140418557073105 -47.65709482150464
2.466140632751293 -2.1413973360189433 0.8162150482609182 -47.64966849706274
2.4584209727802064 -2.134499319834096 0.8185254505969458 -47.64462571586727
2.450736371943148 -2.1310065828576272 0.8209261040701458 -47.64281553608942
2.4430852517449977 -2.1296099228324943 0.8232895627934399 -47.64284176132738
2.4354649688067798 -2.1292856297374327 0.8255098093936518 -47.64360995955253
2.4278720743982953 -2.1291703767977626 0.827490554180101 -47.644213292189534
2.4203024870448155 -2.1292729254879315 0.8291574161565468 -47.6446460183997
2.412751398429013 -2.129460893719355 0.83044071929231 -47.64477584291664
2.405213444592875 -2.1295505189209982 0.8312963746033273 -47.644441725383366
2.3976830919593746 -2.1295665196890172 0.8317108296468093 -47.64371515471144
2.3901549579934445 -2.1289582437740235 0.8316913621736524 -47.64210920293195
2.3826243880473994 -2.1284458290264734 0.8312530424052099 -47.64040054945531
2.3750868073248648 -2.1286549590457007 0.8304119775117372 -47.63927016224816
2.367537710122212 -2.1293546416756155 0.829195346324632 -47.63854623200963
2.359973223279609 -2.1302828763287978 0.8276429017493984 -47.638026752292866
2.3523902572026425 -2.1314955001077416 0.8258155697512727 -47.63781497048183
2.3447864546768744 -2.1332332985072737 0.8238027751276127 -47.63819302469202
2.3371602909524625 -2.1348365016557387 0.8217409955909093 -47.63854389755247
2.3295119489571903 -2.1371220025573066 0.8197317421256196 -47.6397223999187
2.3218422389922653 -2.1398503556474346 0.8178646304107963 -47.64155360452998
2.3141531504363586 -2.143194928995477 0.8162107791883023 -47.64426983338041
2.3064474535697492 -2.146460709167265 0.8148454787954511 -47.64721775285739
2.2987290720587286 -2.1492625153873375 0.813832733582466 -47.65003332775415
2.291002782058624 -2.151509937420186 0.8132108328656229 -47.652638095433225
2.283273809126704 -2.153161877253869 0.812991828916308 -47.654993521402794
2.2755475327242167 -2.154212364663531 0.8131685256264659 -47.65708116659432
2.267829229045204 -2.154633054914717 0.8137204599380283 -47.658842958875304
2.260123888435524 -2.1543576110880847 0.8146178467226222 -47.660166543412274
2.252436077456528 -2.153438776296104 0.8158291052021198 -47.66104646965656
2.2447697965553925 -2.1518018250233117 0.817324523137255 -47.66133699973074
2.2371285282147566 -2.148901160740532 0.8190616056991182 -47.6604092962297
2.2295153648144557 -2.1426306349494015 0.8209395512490437 -47.65603812073028
2.2219332827403653 -2.133746110714637 0.8228848535603428 -47.64892151299758
2.214384093585998 -2.128046009019616 0.8249451479175188 -47.64489567146299
2.206866928188987 -2.1252212418602765 0.8270421960698674 -47.64354926159117
2.19937970986991 -2.124166485996268 0.8290623663494339 -47.64370187288549
2.1919194883882738 -2.123901812301803 0.8309111742813263 -47.64431944042559
2.18448271449027 -2.1238343455271065 0.83250358789202 -47.644780123678224
2.1770652655332365 -2.123900788155034 0.8337675038482979 -47.64501320539384
2.169662375036273 -2.123957896819617 0.8346440816241745 -47.64488510107318
2.1622688861786887 -2.1239135603446333 0.8350989087563995 -47.64433423188793
2.1548795571016406 -2.1238196917933005 0.8351246070080532 -47.643460310020174
2.1474893106814124 -2.123476948364213 0.834728924291218 -47.64212002366717
2.140093561475668 -2.123431306941334 0.8339245403074463 -47.64091102461472
2.13268779116055 -2.1237854634399373 0.8327312776084372 -47.639988877211955
2.1252678570358894 -2.1243254265699534 0.8311792772599566 -47.63919143960919
2.1178302681754295 -2.1249973396873476 0.8293159177066929 -47.63851221552999
2.110372225538964 -2.1261806360504933 0.8272068274569551 -47.638365277039775
2.1028914459764154 -2.1277746937759936 0.8249569864559047 -47.63868765012128
2.09538678621573 -2.1291624534719227 0.822702411468455 -47.638898288068454
2.0878588317408715 -2.1313472947059116 0.8205165469600806 -47.6400399931775
2.080308374102018 -2.13398703751854 0.8184825033830659 -47.64183325561704
2.072737386044058 -2.1371582949157855 0.8166675725359004 -47.644410624143035
2.065148599420891 -2.140379246122755 0.8151386199921367 -47.64733023924235
2.0575457643609325 -2.1431366567249013 0.8139561497447294 -47.65010035445102
2.0499335591404457 -2.145357785465841 0.8131584139219743 -47.65265749794906
2.0423170882655723 -2.147002661587592 0.8127577484889541 -47.654963174222615
2.034701603658313 -2.1480745987222543 0.8127472483087342 -47.65700868409353
2.0270922492142573 -2.148540154419824 0.8131068855036863 -47.65873207568802
2.019493895495099 -2.148332029728988 0.8138071928464796 -47.6600224302038
2.0119110152706887 -2.147439761305525 0.8148160321330412 -47.660812860847955
2.0043475745617627 -2.1458418532121737 0.816103570991822 -47.661015534334595
1.996807021042521 -2.1429106759819816 0.8176198867521307 -47.65992556598704
1.9892924576880826 -2.136542192052462 0.8192613085378068 -47.65532835857626
1.9818070221339819 -2.1283915165885317 0.8209673397073418 -47.64883858483422
1.974352242084079 -2.1231795700174247 0.8227527214218936 -47.645179120862196
1.9669267732771039 -2.1208428449216497 0.8245414736313021 -47.64419640911097
1.9595280665991648 -2.119849119574257 0.8262187031853377 -47.644282370948176
1.952153055229703 -2.119561652279604 0.8277019326330934 -47.64475962416127
1.9447980926902726 -2.1194666172484093 0.828913174509661 -47.64509245439156
1.9374590365352014 -2.119419396144723 0.8297833650560087 -47.64513300518421
1.9301312077991526 -2.1192879482744607 0.8302641563840846 -47.64476540857352
1.9228096681610451 -2.1191161308352786 0.8303277546529242 -47.6440680891123
1.915489369758749 -2.11892944466158 0.8299698483382345 -47.64311106757363
1.908165431902577 -2.1188824254343697 0.8291980484095419 -47.64209784306282
1.9008331858656822 -2.1189318476224486 0.8280283853259677 -47.641037963206834
1.8934884123710498 -2.119126670479063 0.8264837528590819 -47.64002709297811
1.8861273079372425 -2.1194778888734116 0.8245969481314743 -47.63912000586454
1.8787465705547184 -2.120054115831602 0.8224219586780468 -47.638423474977884
1.8713435153744837 -2.1211576112253714 0.8200342496594325 -47.63826953780312
1.8639160534731423 -2.122567311172874 0.817546206841659 -47.638470039838595
1.856463387696502 -2.1238432889141166 0.8150807917330618 -47.63861620815442
1.8489862496097074 -2.1259666336018124 0.8126964834414308 -47.63972738376931
1.841485351312405 -2.1285703399720868 0.8104699855933233 -47.641498831586475
1.8339625730740436 -2.131634334778238 0.8084654632519527 -47.64396730941764
1.8264205721999591 -2.1348397016505127 0.8067415512641288 -47.64685654401269
1.8188629044466462 -2.1376127842585015 0.8053541928817415 -47.64961868056639
1.81129411348666 -2.1398528923775477 0.8043409728297476 -47.652162535149564
1.803719178709346 -2.1415188275573445 0.8037149108420636 -47.65444845239413
1.79614322947742 -2.1426254658427455 0.803469817161125 -47.65648022674928
1.788571284837273 -2.143137896165555 0.8035867921232309 -47.65819534381217
1.7810081090051535 -2.1429297930025957 0.8040371057960297 -47.659424446311974
1.7734581398415543 -2.1420130935926256 0.8047891269047001 -47.660124656775814
1.7659253298831823 -2.140447681765532 0.8058118345104912 -47.66029356891582
1.758413078389031 -2.1376243548678837 0.8070526488269341 -47.65924990703401
1.750924482435556 -2.131323613156659 0.8084069931743819 -47.65466710241385
1.7434629508931512 -2.1238548765528122 0.8098199935488323 -47.648821776426566
1.7360297336164845 -2.1189340631583176 0.8112790875199276 -47.64540293393667
1.72862316603987 -2.1166356179715713 0.8127095826290421 -47.644401198548046
1.7212403958800209 -2.115655532784834 0.8140071892763164 -47.64445008697969
1.7138781850670064 -2.115278265264276 0.8150886028046378 -47.64479780119646
1.7065328475040469 -2.115015662918167 0.8158775253806918 -47.64493904310624
1.6992002749489437 -2.11475903755165 0.8163127284482595 -47.64476699008468
1.6918759065821105 -2.1144248968037997 0.8163519549212899 -47.64421858605393
1.6845549606251164 -2.1140818474172636 0.8159759178580053 -47.643394369351604
1.6772325576469236 -2.1138095542968953 0.8151850104406664 -47.64241434181499
1.669903945912358 -2.1136471145260654 0.8139895919379334 -47.641363426861396
1.662564660869344 -2.113545185016112 0.8124097790679733 -47.640238727265306
1.655210697181662 -2.113545858309113 0.8104730060466794 -47.63912352121367
1.6478384754594106 -2.1137178289490213 0.8082215744752493 -47.63812357171111
1.6404449007831918 -2.114291386917383 0.8057162522909271 -47.63749916037747
1.6330273661681025 -2.115352235803327 0.8030459438786748 -47.63736444000968
1.6255841184564053 -2.1165828405221006 0.8003249294077078 -47.6374320012026
1.6181147981605908 -2.1178938005611725 0.7976431638040584 -47.637643552973195
1.610620041794419 -2.120040160057904 0.7950514376127168 -47.63879473130229
1.6031004835767715 -2.1226491694580796 0.7926217935266933 -47.64057731413682
1.595557938666409 -2.1256490627803806 0.790413181967951 -47.64297901652509
1.587994977319276 -2.128721267844971 0.7884769800119029 -47.645728979362325
1.5804150620077102 -2.1315270155952217 0.7868588779967612 -47.64851833300171
1.5728224288879316 -2.133780091968466 0.7855932256054392 -47.65107358603961
1.565221882080407 -2.1354520331696643 0.7846952084882719 -47.653365482468296
1.5576183671098556 -2.136565102429193 0.7841613891738412 -47.65540379997547
1.5500167246595444 -2.137085872751891 0.7839760192315735 -47.657126785361974
1.5424215713575342 -2.1367156359937804 0.7841126170075209 -47.65819041482289
1.5348373929085781 -2.13571680438757 0.7845425950474556 -47.658804767349004
1.5272680442634845 -2.1341313423428714 0.7852303718133897 -47.65895335452792
1.5197168386462097 -2.1314173417262805 0.7861228877400099 -47.65802647741347
1.512186830704494 -2.1251854733399433 0.7871161735433383 -47.65352913556775
1.5046818166004583 -2.11845046708556 0.7881593098375893 -47.64844667551241
1.497202594295075 -2.114197895629813 0.7892230982658099 -47.64571519047859
1.4897470182753685 -2.1117058857137123 0.7902211269019453 -47.644522518000294
1.4823123760257888 -2.1105669447926663 0.791068622010335 -47.644415670825616
1.474895216993975 -2.110008774340594 0.7916837029395308 -47.64459197567976
1.4674918295119128 -2.109529483030063 0.7919912579519758 -47.64453736415878
1.4600982118441226 -2.1090486209405253 0.7919366586366169 -47.64417852049694
1.4527099781109574 -2.1085247747945917 0.7914847350405115 -47.6434939145047
1.4453225337062088 -2.108039406672766 0.7906217715125239 -47.64259559760809
1.4379311843710947 -2.1076536243441013 0.789350745082257 -47.64158326081515
1.4305313677825116 -2.1073702137934553 0.7876858043972106 -47.64050259204772
1.4231188469065745 -2.107093420530022 0.7856515523553037 -47.63930040622667
1.415689900397665 -2.1068965701795483 0.7832819469584198 -47.638088623225514
1.4082412210464377 -2.106983766618607 0.7806260452002828 -47.63710244113998
1.4007698482411162 -2.1076222790473467 0.7777534389862371 -47.63663265215378
1.393273286523646 -2.108619056336527 0.7747619979385918 -47.636515443554025
1.385750243188323 -2.109696051821001 0.7717544950440323 -47.63650389407137
1.3782006976177594 -2.1109478431723327 0.7687942037962862 -47.63672547194702
1.3706252199920543 -2.1130308726053255 0.7659260408876797 -47.63787923649174
1.3630243188878837 -2.1155044222328745 0.7632184658844862 -47.63959294117077
1.3553997828667186 -2.1183224722327476 0.7607232371039535 -47.641882509473845
1.3477540278511337 -2.1211227393088565 0.7584865675543567 -47.64443694127072
1.3400904155303641 -2.1237296080449912 0.7565455778129602 -47.64711214222461
1.332412883180832 -2.125895197396859 0.7549298694563962 -47.64967415711219
1.3247258871896197 -2.1274697522479533 0.7536569060180229 -47.65197024540819
1.3170341446660674 -2.1284829735998723 0.7527291984141234 -47.65401307551636
1.3093422838089703 -2.1287363129867516 0.7521364708176596 -47.65557201653411
1.3016549207662524 -2.12807910009517 0.7518558439010405 -47.65645059685273
1.2939765137485704 -2.1268866614905764 0.7518559366217746 -47.656975261848174
1.2863107627468946 -2.125136094238179 0.7520974768957411 -47.65706721130133
1.2786609004939526 -2.122409908081951 0.7525273446155034 -47.656244182150544
1.2710299082691316 -2.1161070749146917 0.7530427164467793 -47.65180014957929
1.2634221713131784 -2.1104711307505992 0.753600009372416 -47.64795310538521
1.2558373605908708 -2.1066801078723847 0.7541463980361077 -47.645797217511564
1.2482732875903106 -2.1038992184646124 0.7545965871200893 -47.64441101305252
1.2407275603799444 -2.102536248880961 0.7548782121425511 -47.644168009603064
1.2331964309614443 -2.1017107404306996 0.7549132556357872 -47.644162351566855
1.2256762195464137 -2.1009605735769536 0.7546321557297558 -47.643925563720565
1.2181631064714848 -2.1002030875973374 0.7539863546137253 -47.64338614219676
1.2106529772723011 -2.09946192052653 0.7529453594770873 -47.642590492798334
1.2031414690449689 -2.098816050028211 0.7514974637363006 -47.641649630222034
1.1956241161201768 -2.098282922614586 0.7496478729979215 -47.64062043944425
1.18809663019965 -2.097825582407457 0.7474133648270326 -47.63950780384808
1.1805550954230644 -2.097344337436186 0.7448230170744302 -47.638254090141686
1.172996138983027 -2.0969679239437578 0.7419135326052304 -47.63702494111353
1.1654166988407286 -2.0969978657354185 0.7387392297347133 -47.63614611952562
1.1578138889196365 -2.0975040051845095 0.7353779299530683 -47.63570925941208
1.150185559154861 -2.098260557397315 0.7319282014555156 -47.63551687396607
1.1425307976144987 -2.09916951246271 0.7284717494285056 -47.63550250136154
1.13484959211153 -2.1002792790257785 0.7250641641299518 -47.63575077335705
1.1271425057376943 -2.1021615177646162 0.7217463670440187 -47.63687893708186
1.1194099569967215 -2.1043744144899312 0.718581711415989 -47.638519444460194
1.1116536830895334 -2.1068269771810124 0.7156160037006027 -47.6406489782734
1.1038759913643834 -2.1091932471867523 0.7128888230825634 -47.64299711380118
1.096080098079023 -2.1112798005660025 0.7104315263902056 -47.645404560089204
1.0882697899137344 -2.112925647749481 0.7082673818810142 -47.64772419358486
1.0804492498131189 -2.1139882449469543 0.7064099458722448 -47.64980881631227
1.0726229002230356 -2.1143754870940716 0.70486127266703 -47.651544766953926
1.0647952013639637 -2.113953453689733 0.7036112821011115 -47.65276092954504
1.0569705961848117 -2.1126716641156547 0.7026363404441031 -47.65335934903651
1.0491533345274002 -2.110985532555821 0.7019053051175919 -47.65374533205056
1.041346756756954 -2.1087321078504746 0.7013809858735058 -47.6536984310808
1.033553958324432 -2.105787830605408 0.7010159947793914 -47.65303047838988
1.0257775905392812 -2.0995910173064454 0.7007211448989422 -47.649078176523794
1.0180224978752197 -2.095059881449577 0.7004484278576559 -47.646720786490995
1.0102867626925802 -2.09158912353432 0.7001371911617209 -47.645239873618166
1.0025686085854997 -2.088704731497193 0.699711272593939 -47.64408375297085
