7.851287417766141 -2.688693804988895 1.67148062240785 -24.26345235763842
7.823771632286268 -2.6846705493904897 1.6710759602291712 -24.260034867582114
7.796250641278471 -2.6823019232809724 1.6707728337742742 -24.258263757274747
7.768729589665416 -2.681191898055309 1.6705691850253428 -24.25774692307074
7.741210948174989 -2.680580609709637 1.6704734903932232 -24.257726963034848
7.713695614718313 -2.68012463676743 1.6704985751896406 -24.257859764120965
7.686183799196353 -2.6798785101023532 1.6706580567409643 -24.25819554077134
7.6586757452025935 -2.6799075834054853 1.6709639711671733 -24.258791596324023
7.631171801229395 -2.6802793276197487 1.6714310024068262 -24.259703034761422
7.603672567328599 -2.6809655878381475 1.672077525631483 -24.260884702295378
7.576179453670239 -2.6815059573969067 1.6729127635410117 -24.26185694182908
7.548695012856554 -2.681593993388407 1.6739211744706957 -24.26229489876065
7.52122292124315 -2.681395050972959 1.6750586692817961 -24.262350017621095
7.4937678000831225 -2.6813088700794125 1.6762794432769814 -24.262410912708134
7.466334941728627 -2.6812352660744385 1.6775372261805093 -24.262372498454667
7.438929517529384 -2.6811690559452024 1.6787950494048216 -24.26222778999309
7.411556357207201 -2.681172781004667 1.6800284031387187 -24.262040537275894
7.384220106105984 -2.6813466282567657 1.6812283667421728 -24.261915233289514
7.356925096307927 -2.6817576470299267 1.682404727350293 -24.261925633337796
7.329674788956364 -2.682698548170358 1.6835977768565342 -24.262368301494107
7.3024721530700365 -2.683502371760839 1.6848707022932778 -24.26258819905521
7.275319280747312 -2.6831207502913945 1.68629833710912 -24.26155154912516
7.2482189762935025 -2.682007401642247 1.6879552711798838 -24.259709828980036
7.221175241635493 -2.680793004477563 1.6898983264178264 -24.257690421758724
7.194192467925919 -2.679852159778102 1.6921608818623561 -24.25586984806197
7.1672744836579225 -2.6789161479362495 1.694743692323903 -24.253992638779906
7.140424009645927 -2.67778739327872 1.6976364152648111 -24.25187582400936
7.113642978757949 -2.6763496993899674 1.7008218291105663 -24.249419104545765
7.086932602266535 -2.673953483707112 1.7042509168038382 -24.24600093243385
7.060292977191325 -2.6733666423790194 1.7079873880016072 -24.244363727386734
7.033725647439398 -2.6744328381447273 1.7120138888924483 -24.244381768890896
7.007229471347629 -2.6754709427749375 1.7162314519332031 -24.24442868138378
6.980800451730053 -2.6763543092227 1.720601069959827 -24.24440407211643
6.954434107637925 -2.677117089805194 1.7250750594767406 -24.24436487992076
6.928126070817335 -2.677301198551545 1.7295778697062056 -24.24388102870944
6.901871890221927 -2.6774282047075832 1.7340749886268312 -24.243485300040348
6.875666773522826 -2.67689823879466 1.7384746251283658 -24.24259662052635
6.849504497760822 -2.6757906504500957 1.74270878287756 -24.241296217716695
6.8233784396142285 -2.673813559586818 1.7467051342141187 -24.23928505949916
6.797282091761017 -2.6695380378671034 1.7503766642650176 -24.235118074248795
6.771209746429417 -2.6653776469618164 1.7537904317232056 -24.231164267830515
6.7451589170316115 -2.6630468247388106 1.7569756435933463 -24.2290999500592
6.719128979997146 -2.6640797512245635 1.759980119293373 -24.23041676580067
6.693120760633055 -2.665835377139479 1.7628034109534427 -24.23243293163084
6.667134430038464 -2.6688706221208545 1.765571721691521 -24.23564610431972
6.641170926382069 -2.671246649117305 1.7683113532002055 -24.23806306539145
6.615231982983137 -2.672384122724743 1.7710198099616121 -24.239050970105914
6.589320991679376 -2.6733317579502662 1.7736863474758888 -24.239611626123768
6.563443949686369 -2.6748704535366854 1.7762806269625993 -24.240491250764677
6.537608234066072 -2.6771753362621094 1.7787536106590784 -24.241844505072386
6.511822095066319 -2.6799101395809055 1.7810380360857865 -24.243334342165795
6.486093835162858 -2.68138481065977 1.7830576070518362 -24.243313239870908
6.460430298619186 -2.68365444065241 1.7848351497722634 -24.243816472900562
6.434838445488543 -2.686374286208989 1.786407445970424 -24.244532413042343
6.409323839955559 -2.6888718586303684 1.787854069044323 -24.244835564279064
6.383890698114316 -2.6909972821826855 1.7893013950625645 -24.244611217783188
6.3585428838465745 -2.6925632537642348 1.790905651332158 -24.243703485900966
6.333284679615973 -2.6932963611706424 1.7927921536340334 -24.24187679740355
6.308120486774315 -2.6938035007358514 1.795058495008964 -24.23975614292705
6.283053841537099 -2.697495614428805 1.797850631620487 -24.240686882025578
6.258089144504175 -2.7019273874596412 1.8011863179545107 -24.242357231465235
6.2332254104171945 -2.7064912942605357 1.8051095109449025 -24.244235414470126
6.208458870864415 -2.711023396880195 1.8096586031706212 -24.246216840763317
6.183784286869494 -2.715018618935152 1.8148348172186701 -24.247856093183657
6.159195726454762 -2.718252193237039 1.8206078495989226 -24.248965448713435
6.134687602022397 -2.720831812456024 1.8269283236759009 -24.249671287391372
6.110255076231747 -2.722648136103057 1.8337012724123507 -24.249878227793587
6.085893987404426 -2.7229500691299884 1.8407655089915962 -24.248851610718027
6.061600185571863 -2.720484053108005 1.8478818926173544 -24.245353024913044
6.037369341047154 -2.7184931160309347 1.8550936150163726 -24.242571920683268
6.013198401564537 -2.7165210485314293 1.8621688911273482 -24.240062214822075
5.989082028501344 -2.71232249007189 1.868769546638087 -24.23557800854516
5.965012759402516 -2.7122478882647676 1.8751328290655966 -24.235373680581212
5.940986841584629 -2.712557066027235 1.8808664327162696 -24.235673975159713
5.916999861863939 -2.7128971784668017 1.8858753083942341 -24.236043399084323
5.893047806190019 -2.713691181894646 1.8901657841601032 -24.23680990773159
5.869128339724359 -2.7157568624822064 1.8938200612462046 -24.23870680355784
5.845239493469841 -2.7194670376647228 1.8968648445994372 -24.242019340113927
5.821380687873792 -2.7243893004110187 1.8992659658772475 -24.246249793858482
5.797552748550496 -2.7293780649506845 1.9009735458934753 -24.25022392573794
5.773757472508981 -2.7332525350119057 1.9019597185796067 -24.25276077720578
5.749997603078265 -2.73588535986905 1.902237287838552 -24.25374026982832
5.726276928590994 -2.737474931956315 1.9018596197359854 -24.253379661653383
5.7026000824982335 -2.7389437288455247 1.900924489005984 -24.252615569867757
5.6789726582962485 -2.7412501034979053 1.8995814440981427 -24.25242754399894
5.655400262235172 -2.741658738462321 1.8981161104337503 -24.2502156540398
5.631886243372262 -2.7418571408390005 1.8967878614649272 -24.247652081987034
5.608436478172229 -2.742203325212084 1.895844624125998 -24.24511011407091
5.5850571004720795 -2.743679423477017 1.895437305725421 -24.243569673417966
5.56175398623691 -2.747419321346538 1.8956922273119436 -24.244160214739367
5.538531993831085 -2.7519467456255176 1.896713627509912 -24.245499542074363
5.515393015081416 -2.756591380341345 1.8985681648899935 -24.246988398571418
5.492337029915261 -2.7611359341777177 1.901278286682663 -24.248459968300182
5.4693629256734395 -2.7653766092449388 1.9048245192691207 -24.24975558826518
5.446468695390777 -2.7693017061305554 1.9091569438738853 -24.250898155688752
5.423651612700738 -2.7729255199836533 1.9141938840982187 -24.251930966016495
5.400909134233694 -2.7764489966538917 1.9198515935101872 -24.253074552094496
5.378239079784893 -2.7792870739471667 1.9259976200029292 -24.253782456701266
5.355638381623112 -2.7795955961969057 1.9324013893313876 -24.25226540693587
5.333102881869477 -2.7770055889023695 1.9389003201219868 -24.248154945129606
5.310628461686102 -2.7750079197220154 1.9455441442408994 -24.244871030646017
5.288213047431509 -2.7732513254744138 1.9521282201312098 -24.24207564569221
5.265852571318915 -2.7715355040073697 1.9584493306732553 -24.239559829097274
5.2435415491856086 -2.7723900443605625 1.964467913515037 -24.23978374702687
5.221275526996763 -2.773447957012257 1.9698843932269794 -24.24034142151629
5.19904977714614 -2.774564187245375 1.9746020075671722 -24.241001150430897
5.176860101068436 -2.776059188892314 1.9786039716264625 -24.24199037289761
5.154703801507578 -2.7781880943710977 1.9819303909620416 -24.243484605589686
5.1325790505354965 -2.780626033101531 1.984612370713441 -24.245087843281645
5.110484852254517 -2.7835637597964125 1.9866663565144351 -24.246924082798238
5.088421954131828 -2.786549317411763 1.988085038297718 -24.24851010220953
5.066391982119701 -2.789108492886263 1.9888789121670112 -24.24936718756016
5.044397324655057 -2.7915576340477286 1.9890837634636103 -24.24980911304315
5.022441239889988 -2.7942814102877316 1.9887616036240776 -24.250230560640368
5.000527723602288 -2.7974145735859515 1.9880078172485023 -24.250796666125638
4.978660551900683 -2.8007021480907897 1.9869700906327754 -24.25130600477896
4.956842965326021 -2.8032763325692756 1.985847137511522 -24.250961011936496
4.935077929859474 -2.8057194221228356 1.9848586287883332 -24.25034601990778
4.913369862705285 -2.808198511594354 1.9841740052003514 -24.249644852249745
4.891723276695384 -2.8107645486607393 1.9838952801602285 -24.248934929536233
4.870142026630401 -2.8136860695360006 1.984065752174279 -24.248507993199297
4.8486289882200015 -2.8176693397912347 1.9847214863322316 -24.249088044466
4.827186001295955 -2.8221897474816973 1.985894937688832 -24.250222675633744
4.805813034858622 -2.8268722252988683 1.9876031761463655 -24.251605579982623
4.784508561795113 -2.831615863533339 1.989848259441249 -24.253193014831695
4.763269968141364 -2.836035199953484 1.9926127829356937 -24.25466165960028
4.742093848833826 -2.8400912200904838 1.9958815193604635 -24.256014297519137
4.72097677025056 -2.843697665885787 1.999622603149314 -24.257199163779426
4.69991503200563 -2.8467967491971518 2.00377857224143 -24.258179751441304
4.678904790737716 -2.8476330725257286 2.008203610588416 -24.257243314204352
4.657941572914798 -2.84574354764717 2.0127696246965825 -24.25392304027303
4.637021375121189 -2.842548922625391 2.017411351546933 -24.249599119932768
4.616140682562907 -2.8402898799267273 2.0220986680738955 -24.246468368574803
4.595295831456936 -2.8379053348914773 2.02665140831106 -24.243466028748372
4.5744818811045995 -2.838343166112864 2.0310548140787126 -24.24346648738267
4.5536949545154695 -2.8396002444997746 2.035104763964206 -24.244409967251613
4.5329322333156705 -2.8413469710217876 2.038716797632089 -24.245876193777235
4.512191803091253 -2.8438200561522917 2.041867912781482 -24.248005585453257
4.491472508127336 -2.846825703846782 2.044548695753542 -24.250512730556522
4.470773827525288 -2.8498025894817567 2.046747898900536 -24.25276058570966
4.450096484924012 -2.8527264637236973 2.048442701696543 -24.254669096941434
4.4294423447297 -2.8553129867501785 2.0496040530991504 -24.25592723514489
4.408813909002134 -2.8575649563697363 2.050212306328626 -24.256528638555586
4.388214212427555 -2.859854791327566 2.050269029139624 -24.25684438061468
4.367646770165466 -2.862351204326572 2.0498051320637694 -24.25706017116464
4.3471154082278884 -2.865387834957807 2.0488876300266456 -24.257535149943855
4.326623710553545 -2.868791104712751 2.047637065065735 -24.25814320106616
4.306174675387808 -2.872003700469718 2.046219102734446 -24.258387736555207
4.285770899204944 -2.874612079122918 2.0448353212502304 -24.257892867926643
4.265415449164892 -2.8772320490349195 2.0436585255347954 -24.257267600891602
4.245112355322512 -2.878878494124675 2.042823257550603 -24.25558574660586
4.2248649389271 -2.881453477998573 2.0423550721981694 -24.25471208725149
4.204676472515458 -2.88430387519858 2.0422788462345145 -24.254058166276863
4.184548694596081 -2.8881923524894746 2.0426129923832175 -24.254411273180978
4.164482426830918 -2.8927437904221818 2.0433794485870873 -24.255473435123427
4.144476904182523 -2.8976746529878006 2.044591451072257 -24.257036214600937
4.12452998795985 -2.9023576816219374 2.046248953856294 -24.258555158373305
4.10463837506148 -2.906598528115312 2.0483516607206593 -24.259892690305698
4.084798326286917 -2.910326002888312 2.050881989306838 -24.26101809738386
4.065005899866542 -2.9135559625279503 2.053804807848197 -24.261973972178176
4.045256981828625 -2.9151208622438647 2.0570304992840076 -24.26163358211346
4.025546944875919 -2.9148604830884435 2.0604591439675297 -24.259841778846848
4.005871402824077 -2.913334849715865 2.0640063075979795 -24.257141044119024
3.986225899606088 -2.91077028196673 2.067572258584289 -24.25373635763104
3.9666055164589618 -2.90797957364522 2.071077583043022 -24.25039858188633
3.947005367518537 -2.905686457726106 2.07444332510036 -24.247798742007525
3.927421006564203 -2.9060657265252523 2.077629501773363 -24.248036796964662
3.9078491239920012 -2.9070819560675494 2.0804846980858946 -24.249010634950572
3.888287603496167 -2.9086544706552373 2.082955927313111 -24.250548228102858
3.868735214485192 -2.9110782973196776 2.08503601553067 -24.25285391058128
3.849191426617254 -2.914202980823803 2.0867172827265192 -24.2556855874753
3.82965675750012 -2.9171254161363365 2.0879962147229616 -24.25806086997938
3.81013329246327 -2.9197810296793363 2.088854250456135 -24.259864572078044
3.7906243255534107 -2.9219259996948 2.089262300744102 -24.260838612805145
3.7711335486018767 -2.9241580292391505 2.089205827469381 -24.261575984922317
3.7516646965995406 -2.926510208420615 2.08869675375478 -24.26212464994886
3.7322214567875105 -2.929181305056366 2.087781721782072 -24.262705733450794
3.7128073229800447 -2.9322611749887817 2.0865445472623745 -24.26343945073048
3.693425468401285 -2.9353171852151982 2.0851096044914397 -24.263935616699165
3.674078722268222 -2.9387474779627683 2.083610420659835 -24.26459589514935
3.6547703702371956 -2.941885004084365 2.0822068593306784 -24.264779659680613
3.635503764907907 -2.9450932430744365 2.0810140583464296 -24.26484745553946
3.616282798297721 -2.947572770587754 2.080122234363423 -24.26404636976733
3.5971109821799083 -2.9486283501023425 2.0795679936820273 -24.261734057540572
3.577991147898829 -2.9500827750464604 2.07933058783564 -24.259706814167522
3.5589258483551256 -2.951632744307213 2.0794001092061536 -24.25772301684814
3.539916336708415 -2.9549755789258745 2.079767510319074 -24.257481316938062
3.520963227536389 -2.9601512948327624 2.0804473205422895 -24.25910315645765
3.502065529534478 -2.965148547983122 2.0814387314493064 -24.260732431261083
3.483220034973214 -2.969466581944455 2.08275272747406 -24.261955106798773
3.4644225450411152 -2.972991122799673 2.0843863814478683 -24.262715617396786
3.445668458813361 -2.9760248271242076 2.0863186916231364 -24.263360080244126
3.4269527922878433 -2.9784328567922063 2.0885084243312586 -24.263798249349726
3.4082698031395546 -2.980209475732413 2.0909073106392966 -24.264046479438264
3.3896133071999395 -2.981390231695048 2.0934461517389105 -24.264144469211466
3.3709768778972795 -2.9807346353762454 2.0960160312451857 -24.262847167769017
3.35235420459674 -2.9775514744452938 2.0985221003058965 -24.259412015204298
3.3337397802523325 -2.972791486922624 2.100915494383882 -24.254708667279445
3.3151292060972404 -2.969828516852833 2.103198892835373 -24.252041986834982
3.2965184682386792 -2.969704293590721 2.1053061191488935 -24.25240092884185
3.2779038557189195 -2.9698033833140896 2.1071190164105857 -24.253084938339356
3.259283381467643 -2.9704354195693305 2.1086130288138127 -24.254307634980336
3.240656306178822 -2.9727450555023345 2.109804319103734 -24.257118568663138
3.2220225905605 -2.975632939636891 2.1106894295544243 -24.260303792243427
3.2033840749404834 -2.9785360505713676 2.1112774895053286 -24.26319725957277
3.1847448720332574 -2.9812159546080985 2.1115509135187653 -24.26550307706887
3.166109873022733 -2.983931806830029 2.11150172835942 -24.26744785624578
3.1474844311076486 -2.986889053821192 2.111132404379317 -24.269223487699016
3.128874100083678 -2.990346200786583 2.110456200039541 -24.271090393350548
3.110284441207603 -2.9940836411099516 2.1095034254373766 -24.27285392823707
3.0917207697062676 -2.997349391739543 2.1083295551111694 -24.27381329019188
3.0731878101395336 -3.000418615460969 2.1069969430219486 -24.274278248493893
3.054689840392659 -3.0040144226735452 2.105578583363868 -24.274994613158512
3.036230717267105 -3.0074146259757164 2.1041875910850663 -24.275302447104835
3.0178135931956915 -3.008649617129803 2.1029600765318808 -24.2733312349403
2.999441128146589 -3.0072713841207768 2.101984568943784 -24.26868888516659
2.981115578617382 -3.0072215560201787 2.101253590270479 -24.265230434369514
2.9628392174702065 -3.0086756444482403 2.100788912166131 -24.263197211229986
2.944612951428689 -3.0126584265362197 2.10060085782921 -24.26366564528565
2.9264364487011 -3.0175368428149105 2.10072612535868 -24.265160481926387
2.9083073736038956 -3.0217847240273605 2.1012064209058394 -24.266294972906643
2.8902219521245494 -3.0254330809631043 2.102058356717567 -24.26716540895783
2.8721757680494817 -3.0284620193748153 2.103279585323388 -24.267813637923226
2.854163674990764 -3.030866852257346 2.104849978044899 -24.26828306944588
2.836179790607577 -3.032631539272763 2.1067343900233237 -24.26858564598748
2.818217734646073 -3.0337598898179206 2.108872364607276 -24.26873319406556
2.8002708970743058 -3.033887723374448 2.111173407902553 -24.268354243380585
2.7823327233112805 -3.0314769279332148 2.113512580244465 -24.26587104842703
2.7643975368211455 -3.0273766713262202 2.1158163289085588 -24.262057644062203
2.746460394783464 -3.0234587370100026 2.1180340517940768 -24.258715802656546
2.728516866532958 -3.0228049056545565 2.1201346355040758 -24.258892482640555
2.710562067835067 -3.021988417135092 2.121963796795562 -24.259072174371
2.692593198303486 -3.0215347046664953 2.123466402484122 -24.259695767233815
2.6746084926781597 -3.0216431525506984 2.1246153682333286 -24.26086723860341
2.6566073601448257 -3.0229111814406546 2.125402768898826 -24.263091121424125
2.6385901308363486 -3.0239387173839916 2.1258160504354855 -24.264852383307115
2.6205594137034027 -3.0255109495893233 2.1258661744283565 -24.266856581748563
2.602519086148507 -3.0272376344218297 2.1255608183596366 -24.26866093566978
2.584473851732535 -3.0293287202307697 2.124919768432208 -24.270445412879702
2.566428866799853 -3.031832789973655 2.1239724100839097 -24.272251981263352
2.5483894272323835 -3.0347209854329407 2.122760447802322 -24.274060488700698
2.5303607559387364 -3.0377041127768614 2.1213424768116687 -24.27560621193657
2.5123478971436652 -3.040484469558189 2.1197878448516017 -24.27662702116917
2.4943555927897934 -3.0434147915344782 2.1181634102031865 -24.277505417079666
2.476388060616366 -3.046510079907827 2.1165544012568804 -24.278292360888493
2.4584490166977524 -3.049201093198022 2.1150569079938557 -24.278466067856627
2.440541814388641 -3.050455898020468 2.113766815078204 -24.27705425035976
2.4226695126924596 -3.0500929190355506 2.112737696086307 -24.273923628690795
2.4048345364179875 -3.0486902972558245 2.1119790981751136 -24.26968713798361
2.3870384424565274 -3.04777637088332 2.1114797202180546 -24.26589228220041
2.369281763398797 -3.0498403844784674 2.1112276780131674 -24.265039324807667
2.3515639425208037 -3.0530683397100167 2.111244621947757 -24.265468022408164
2.3338828378202168 -3.056509183073738 2.1115514584855433 -24.266339682335705
2.3162351465269886 -3.059301279212624 2.112144116412822 -24.26688982022216
2.298616508011244 -3.061607811175757 2.1130033245999624 -24.267339023517515
2.281021693784796 -3.0634170761350146 2.114100888218288 -24.267724826373282
2.263444691228644 -3.064561822166973 2.115401394824429 -24.26791589307222
2.245878926713431 -3.064864509308672 2.1168608653637686 -24.26773809923359
2.228317787936999 -3.063951191201179 2.118417253390075 -24.26678971163657
2.2107551657182185 -3.061415843394751 2.119993519669985 -24.264605147955862
2.1931858886095412 -3.0587513324468376 2.1215325357608146 -24.262616096706203
2.1756050660875537 -3.056599834139036 2.1229675197994884 -24.26141279557227
2.15800824662023 -3.0548896283200175 2.1242325124049626 -24.26086949300722
2.1403917582733936 -3.053437492542926 2.1252724938854453 -24.260737801188363
2.1227529217331944 -3.052364140546582 2.126058177970364 -24.261060874542615
2.1050901130294117 -3.0519568722102592 2.1265943091368014 -24.262034075516695
2.087402928071537 -3.0522538578099963 2.126894180780539 -24.263596234743915
2.0696923734615256 -3.0531148839720883 2.1269526536507115 -24.265507659564925
2.0519611576256063 -3.0543582950921233 2.1267639981881796 -24.267514872993516
2.034213143381955 -3.056030784287146 2.1263501403746146 -24.26961842646248
2.0164528856969177 -3.0580156067085795 2.125730899237812 -24.271674417833246
1.9986853977795493 -3.06033404612186 2.124929001662445 -24.273694025499054
1.9809158595132998 -3.0628688386302563 2.1239746861553708 -24.275566095027443
1.9631494440601807 -3.065490112054914 2.122903512311321 -24.27718050985026
1.9453911273701017 -3.0680981315657503 2.1217556632596626 -24.27846725849593
1.9276455327285718 -3.0706584827326373 2.1205761062204673 -24.27942804265348
1.909916782796901 -3.0731822605492933 2.119416903230381 -24.280111907943052
1.8922084582919994 -3.075222698989801 2.118340670795175 -24.280117070150425
1.8745237285340934 -3.0751558144192024 2.1174127979392154 -24.277890814348574
1.856865460862509 -3.0741206580574554 2.1166529169548474 -24.27459549238084
1.8392355623996925 -3.0716423449776085 2.116091765951242 -24.269825019425596
1.8216350167198923 -3.071221058704568 2.11573531038963 -24.267072060640572
1.804063265415559 -3.0723118755946746 2.1156149907471056 -24.26589574909915
1.7865185941680644 -3.074535680014013 2.1157343753899975 -24.266010117496982
1.7689981985899073 -3.076581269484727 2.116074377843617 -24.266207464609067
1.7514983924427796 -3.078301958101545 2.1166032765358107 -24.26640533377521
1.7340145662491706 -3.079501588216618 2.117282949429463 -24.26646071126774
1.7165413530669467 -3.0799573444836135 2.118070045572105 -24.266177390041364
1.6990730311263973 -3.07964378446199 2.118917761751513 -24.265521762329108
1.6816039313920563 -3.078640395524403 2.1197750542140446 -24.264542550366166
1.6641287072773685 -3.0772038603438086 2.120590708119794 -24.263459865808187
1.646642335421818 -3.075413321631128 2.121313498133548 -24.26231188474617
1.6291402935212567 -3.073323584856389 2.121901961650298 -24.261108577158097
1.6116186467388658 -3.0710269341713703 2.1223273140652097 -24.259897416702145
1.5940740340699844 -3.0687904970784645 2.1225800667329606 -24.258898987911046
1.5765036219870483 -3.0669859808882114 2.1226682770605785 -24.258433087334488
1.5589051859454033 -3.0657516807334093 2.1226203251612024 -24.258568577593678
1.5412775566392098 -3.0644282701049117 2.1224790591131004 -24.25855480568842
1.5236213812945292 -3.0639018143796504 2.122252164428426 -24.2592217554307
1.5059376482058084 -3.0642025262201917 2.121925993761379 -24.26054321213836
1.4882282177213442 -3.0651704935102204 2.1214831310668796 -24.262310793571103
1.4704957998837012 -3.0667887436624803 2.1209214086760735 -24.264473649748247
1.452743665753458 -3.0688934293329404 2.120252619365937 -24.266840745087002
1.434975647574357 -3.07129555757873 2.11949645622652 -24.2692040892775
1.4171960178027465 -3.0737896632288697 2.1186764168654704 -24.271348754736856
1.3994093349059806 -3.076360025808239 2.1178160670421846 -24.27326047217688
1.3816201503392924 -3.078810323116847 2.1169382581024583 -24.27475652805203
1.3638329288018902 -3.0809541910857012 2.116065239277356 -24.275673711967116
1.3460518829608854 -3.0830195951920034 2.115213705895674 -24.276269038341177
1.3282806558924118 -3.0849248891489935 2.114403120124204 -24.27649837192893
1.3105223824717416 -3.086530788971985 2.1136521327450417 -24.276264349280197
1.2927796166360035 -3.0853515244591585 2.1129916368253516 -24.273158128078094
1.275055180916847 -3.084417036669498 2.112429114166446 -24.2702147957463
1.2573496252273733 -3.0843156732265586 2.1119982253633043 -24.26808836208835
1.2396622480015838 -3.0845990488576405 2.1117395991508547 -24.266418994897087
1.2219914427128977 -3.0855058134507147 2.1116462462993564 -24.265513091311917
1.2043344350773983 -3.086901725016835 2.111687766649346 -24.26530298614898
1.1866874527764917 -3.0879484682385603 2.1118288609751006 -24.265011991828565
1.1690463080776696 -3.088455810252108 2.1120337983968915 -24.264478975631008
1.1514064566442108 -3.0884752406372713 2.1122643372166654 -24.26376119985703
1.133763102311735 -3.0880453068142635 2.1124824835544587 -24.262883349060026
1.1161115052983195 -3.087198148821199 2.1126499902279825 -24.261852843308162
1.098447155350957 -3.0860275567652753 2.1127332247737827 -24.260731375689595
1.080765843855041 -3.084550406442886 2.1127044350530353 -24.259497907756973
1.0630638423311887 -3.082800131035283 2.11254422265573 -24.25814564339882
1.0453379301956076 -3.0807776216188354 2.1122486504745734 -24.256626139231656
1.0275855143353296 -3.0793281860231736 2.1118380285468685 -24.25574703830126
1.0098037791311545 -3.078200989721587 2.1113444184624193 -24.255196639342714
