7.8693535566407915 2.9295650499297157 1.6618989366202777 -48.70220569761887
7.838207256807336 2.9387608093698363 1.6591407967462406 -48.69383663438506
7.807100992051926 2.9466694181466226 1.6564301894066895 -48.6867526915052
7.776042900374736 2.945939154591999 1.6536582667550426 -48.68830974034156
7.745039056225322 2.9452640734516646 1.6512260002340937 -48.689816549952646
7.714081974773825 2.9444690157068143 1.6492702758679996 -48.6914455525303
7.683162369535843 2.944671837935305 1.6479278713582977 -48.69207620333093
7.652268427384332 2.946207993534014 1.6472537523549555 -48.69137104253332
7.621387219601588 2.9480077523388677 1.647257984006414 -48.690398757361635
7.590506190837438 2.949779322487761 1.6479523315517908 -48.68945179579304
7.559611203220402 2.9516031494226147 1.6493224994229458 -48.68845128030469
7.528687836728227 2.953563601855004 1.6513164826738833 -48.68731614020708
7.49772226289741 2.9554513118758483 1.6538505656279003 -48.68626114391766
7.466701854291508 2.9567652023333344 1.656816038532692 -48.685795281670224
7.435614519598053 2.9577040086948987 1.660048619677069 -48.68572973792013
7.404448168760512 2.958559476052578 1.66334394210232 -48.685783625868076
7.373190749373636 2.95914495192935 1.6665063041340749 -48.68615492878001
7.341830799486131 2.9589051950143332 1.6693824679941998 -48.68741081184563
7.310355244588513 2.9576666008949224 1.671816429211713 -48.68973492631878
7.278748765015973 2.9572488611219994 1.6736250468211056 -48.691307924658965
7.246996957274241 2.957308425864362 1.6747337164921776 -48.69247179462256
7.215087739190093 2.9588161819787153 1.6750835699299367 -48.692246637733106
7.183013880118182 2.9618822833672405 1.6746902534661499 -48.69051328220349
7.1507732503003245 2.964739826285566 1.6736210941724647 -48.68903890996908
7.118362910575507 2.966934112553777 1.6719723717727097 -48.68827187171502
7.085779640757904 2.970154587234346 1.6699096112229965 -48.68650067251253
7.053024335904204 2.973987679263775 1.6675798550022582 -48.68412875290257
7.020103897455658 2.9759177086500967 1.6650260636476792 -48.6836807817093
6.9870279745856605 2.977388913189132 1.6623420374911955 -48.6836991699153
6.953809718703228 2.9784915299121897 1.6596056588577874 -48.68409055281588
6.920458075932492 2.979143500563999 1.6569166030278288 -48.68493432432517
6.886977867822397 2.97953515649058 1.6543858195868477 -48.686033347496554
6.853373383011731 2.9797461306914457 1.6520987793981634 -48.687302725348346
6.819649013816854 2.9799743801800864 1.650115516798956 -48.68854005190674
6.785809509315865 2.98067010732153 1.6484732469498813 -48.68929101265634
6.751860296337737 2.981613532076664 1.6471744706800573 -48.68977814083728
6.717807344568231 2.983037271963406 1.6462075922258381 -48.68977172786643
6.683656407877693 2.9844518741866737 1.645557308766137 -48.68977136200538
6.649411703687614 2.9849765810353586 1.6452413893385902 -48.69067315089285
6.615074208164389 2.984837979127883 1.6452899169986757 -48.69226080037753
6.580640469146073 2.9848824388977135 1.6456572311883977 -48.69369319303227
6.546104362910131 2.9854636760332 1.6463029537058884 -48.69461965089157
6.511459542748039 2.986412883191228 1.6472041926237606 -48.69521180495976
6.47670076472356 2.9876741459940868 1.6483335858355137 -48.69552836816719
6.441823386215296 2.989213748331923 1.6496567327824794 -48.69560589775137
6.4068233020827705 2.9909686525523576 1.6511362238132707 -48.69551030070903
6.371696774958199 2.9929504233992965 1.652730578881287 -48.69523150339114
6.336440298758631 2.9950639067249356 1.6543988246273589 -48.69486595925378
6.30105066358214 2.9972394331787067 1.656098185967333 -48.694483287339345
6.265525203725422 2.9990782457799483 1.6577895536742353 -48.694484748604545
6.229861314532782 3.0006566123186427 1.6594259553153712 -48.694789720633764
6.194056060854423 3.0025085466738584 1.660967502064141 -48.69485059141509
6.158106967012284 3.004544272369261 1.6624128134110112 -48.69474811592204
6.122012603995869 3.006536965856246 1.6637769730826395 -48.69470302422585
6.085772835502046 3.008368225697053 1.665063737370716 -48.69482846480379
6.049388531779524 3.01003668753043 1.6662695300654544 -48.69512047289773
6.012861391143283 3.011508780450625 1.667390178783189 -48.69560902203017
5.976193536812082 3.01298056717597 1.6684212606435016 -48.69609227825038
5.939387722808549 3.01440744049235 1.6693663420838436 -48.696612256222735
5.902447014624735 3.0157618607131496 1.6702268440587227 -48.6971939217339
5.865374632452723 3.0169435282469137 1.6710049276569754 -48.69793606140103
5.828173779391176 3.0180063675125646 1.6717016554147588 -48.69878156513307
5.7908476212709505 3.019011108113469 1.672319021320801 -48.69966702344473
5.7533993082189845 3.0200194172430765 1.6728624462962491 -48.70052877076729
5.715831998093115 3.021096996562816 1.6733422286264752 -48.70129986967541
5.67814882784248 3.0222994916033277 1.6737743403184338 -48.70192440380403
5.640352713819274 3.023673884723214 1.6741809835821422 -48.70235582981083
5.6024462632148015 3.025248462023591 1.6745890223121533 -48.702567014910024
5.564431775189082 3.027104647533605 1.675027326454137 -48.70247758521859
5.526311303303186 3.0290764248194804 1.6755280918931401 -48.70225770172329
5.48808643450195 3.0310407628450853 1.6761192826827247 -48.70203421963458
5.449758420471578 3.0329525208256545 1.6768182443436535 -48.70185456100393
5.4113282602498325 3.0348245488116725 1.677632299966304 -48.7017070271459
5.372796772517004 3.0366617904437203 1.6785604501409732 -48.701587516118494
5.334164671371092 3.038396087510644 1.6795960489139306 -48.70156550330146
5.2954324646301405 3.0400332065700755 1.6807259661667624 -48.70163539202773
5.256600530998605 3.041585602241175 1.6819330088300721 -48.70178452073977
5.217669156695296 3.043068697959241 1.6831972280653922 -48.70199695132837
5.17863857745916 3.0445039733643653 1.684497066226799 -48.70225038999669
5.139509020113597 3.045855835451193 1.6858117924184584 -48.702579976714794
5.100280724254628 3.0471416603801074 1.687120466166699 -48.70296714968913
5.060953918322642 3.048398483211746 1.688403234660431 -48.70337349881833
5.021528877679835 3.0496568864828557 1.6896431736792514 -48.7037671996197
4.9820059657164375 3.0509901651726383 1.6908255111356976 -48.704073352592694
4.94238571829357 3.052388980538028 1.6919403625872753 -48.70430061708201
4.902668852624357 3.0538410015046478 1.692980188032379 -48.704461079489356
4.862856176908633 3.0553274626519853 1.693941265252353 -48.704573414942054
4.822948551896166 3.0568213265167157 1.6948240308077775 -48.70466444495781
4.782946896523097 3.0583240680641923 1.6956320807126177 -48.704731777199044
4.742852260350262 3.0598601253177597 1.6963716996770941 -48.70474933030834
4.702665946643292 3.061397312935443 1.6970515095008545 -48.704747950310484
4.662389526398747 3.0628482943083584 1.6976807772871287 -48.70481429309224
4.62202468573063 3.0641346951618695 1.6982693804108668 -48.70502592195275
4.581573166032181 3.0653109449566283 1.6988253396992425 -48.70532622485439
4.541036758421567 3.0664512656509344 1.6993535549447107 -48.70563877083482
4.500417395937075 3.067540602559517 1.699855074628488 -48.705977484584444
4.459717226129696 3.0685528379106675 1.7003294176289412 -48.70636779326568
4.41893854861013 3.069459356276582 1.7007763974538619 -48.70683797508367
4.378083731003807 3.0702769982320315 1.701195389098622 -48.70737077622381
4.337155132383726 3.071027212366842 1.7015868579232907 -48.70794460816597
4.29615506748115 3.0717328356107716 1.7019525251002383 -48.70853678338705
4.255085777227526 3.0724159172333017 1.7022953096987397 -48.70912568769915
4.213949404481857 3.0730953444124887 1.702619137830451 -48.709693139900544
4.172747973955315 3.0737904768399815 1.7029285976485384 -48.710220691318156
4.131483357963475 3.07453196553425 1.7032286560076524 -48.710678670336186
4.090157228760927 3.0753329093801427 1.7035249914419843 -48.711055102867455
4.048771103802124 3.076196770043116 1.7038229220687613 -48.711347727596284
4.007326372466178 3.077122974560192 1.7041268456508565 -48.71155832709732
3.965824316844849 3.0781276059087075 1.7044397402385172 -48.71167189733626
3.9242661488197466 3.079212637079799 1.7047642162457928 -48.711687648865386
3.8826529654714594 3.080303182242966 1.7051046496739903 -48.711681955880394
3.840985689427766 3.0813919921241912 1.705464430090804 -48.71166282753107
3.7992652069937662 3.082491150239607 1.7058451021013772 -48.71161863738324
3.757492444362882 3.083598879173305 1.7062462284351396 -48.71155149631504
3.715668410951052 3.084708092678544 1.7066649311769737 -48.71146872646394
3.6737942031707393 3.0858103002931254 1.7070961304033678 -48.7113789699495
3.6318709956914046 3.0869045184022594 1.7075329692251184 -48.711283259626335
3.589900034958667 3.088003002446105 1.707967371977413 -48.71116930202177
3.547882642447477 3.0890687430594888 1.7083911905462221 -48.71107427973902
3.5058201922769268 3.0900476604522256 1.7087952632466612 -48.71105240890843
3.4637140232787687 3.0909536717041544 1.7091692673952472 -48.711089429952494
3.421565442943487 3.0918107372496952 1.70950228905122 -48.71116091910309
3.3793757964396045 3.0926427565571295 1.709782918987507 -48.71124264468679
3.337146467449126 3.0934374043433572 1.7100007445283154 -48.71134690131599
3.294878846612258 3.0941880469580116 1.7101466745942717 -48.71148036359455
3.2525743100079767 3.0949000933175697 1.7102126993373599 -48.7116376861028
3.210234225549665 3.095580336150544 1.7101926774194083 -48.711812238353104
3.1678599488983 3.0962365475593137 1.7100829655447525 -48.71199650041437
3.1254528232684144 3.0968769533933607 1.7098828576862795 -48.712182571311544
3.08301418350741 3.0975124942330123 1.7095947634743764 -48.71235987907475
3.040545365736266 3.098161855168138 1.7092241153334329 -48.71251012556806
2.9980477273958734 3.0988238393038454 1.708779363095672 -48.712634975488335
2.955522673321369 3.0995012706167158 1.7082717858571022 -48.71273204095651
2.9129716610219307 3.1002086849181567 1.7077145759696677 -48.712787156909414
2.870396200601062 3.1009269787454237 1.7071225700736168 -48.71281959398055
2.8277979178258037 3.101651657354398 1.706509736362341 -48.71283364828236
2.7851786366501865 3.1022333248774836 1.7058881674000452 -48.71297848345203
2.7425404121718806 3.102704748179638 1.7052658589993037 -48.71322028453037
2.699885434012799 3.1030189922410205 1.7046443357614074 -48.71360503482137
2.6572160742287316 3.1031987925865177 1.7040168673809875 -48.71410908455176
2.614534803514361 3.103279467591468 1.7033764608346487 -48.71469641369461
2.5718442074099555 3.1032926613507175 1.7027173721597755 -48.715335060908004
2.529146971496588 3.103268724939585 1.7020350977149923 -48.71599479584435
2.4864458523944224 3.103263487172588 1.7013262921312797 -48.716620387081264
2.443743643568466 3.103312999682336 1.7005888953079842 -48.717176993465124
2.401043174872075 3.1034793511147436 1.699820301702301 -48.71760468018735
2.3583472055951065 3.1036998184603175 1.699017946558909 -48.71796928756628
2.315658332672776 3.103984619762727 1.6981792551302888 -48.71826429922631
2.272978722885638 3.1051413637553575 1.697307115711067 -48.71768660104708
2.2303100488739713 3.107381619041091 1.6964153049965722 -48.71603188048765
2.1876534864516572 3.110483639287601 1.6955247161714726 -48.71352953435798
2.1450096446144182 3.1146327517871466 1.6946569703530323 -48.71000134824724
2.1023786011911065 3.119367606869872 1.693837812982507 -48.705916397958404
2.0597599297677083 3.123942759446559 1.6930911176865062 -48.702026240841384
2.017152505086527 3.127133073261046 1.6924338695271215 -48.69955848742432
1.9745546090660402 3.1292276487878574 1.691873518474173 -48.69822181452689
1.9319640217696277 3.131052502077722 1.6914052137908808 -48.697188528691726
1.8893780606249688 3.1329752011519765 1.6910112769582382 -48.6960911091522
1.8467939891161418 3.134606679131768 1.6906729780968217 -48.69531940832567
1.80420915341425 3.1359600084545436 1.690368422978886 -48.694858768185455
1.7616211408624602 3.136937555391149 1.6900820675282289 -48.69480454718029
1.7190279457660325 3.137765740685394 1.689795901430409 -48.69492699518511
1.6764280816651966 3.138466737741939 1.6894814918700252 -48.695201003368
1.6338209318387364 3.1389232204593136 1.689094139605687 -48.69574168833979
1.5912068467447023 3.139090666891149 1.6885918825201074 -48.69659092001699
1.5485869622806925 3.138698169307875 1.6879294823509914 -48.69801501780298
1.5059633943246504 3.1386486917544167 1.6870513922893269 -48.69910355282443
1.4633396141456008 3.1394845623845615 1.6859069983600667 -48.69931292785779
1.4207199903454355 3.140683009005644 1.684452927879655 -48.69916870010064
1.3781096879785806 -3.141173196875911 1.6826493856310587 -48.69890571262908
1.3355143388397537 -3.1398752685060507 1.6804644635801325 -48.69869017737025
1.2929396481898694 -3.138636979102969 1.6778803205648798 -48.69855629436571
1.250391062098217 -3.13761041557618 1.6748930139912646 -48.698663578174525
1.2078733596845195 -3.1365790561059366 1.6715376754517883 -48.698802406251374
1.1653903321986252 -3.1355712247403282 1.6678878016144834 -48.69900649860528
1.1229452130411373 -3.1344180457983284 1.6640506940968156 -48.699111392910154
1.0805409252307632 -3.1332261232839156 1.6601434033383278 -48.69922855771971
1.0381805750045998 -3.131851495019093 1.6563003615957492 -48.69922026481089
0.9958675903824133 -3.130391137421668 1.6526335095944729 -48.69919269399621
