7.867721032721868 2.863310550152751 1.9734670653548405 -11.670269082100866
7.796588424646157 2.861457545624317 1.9725895381444427 -11.670253457801653
7.725437176152177 2.8593326833804475 1.9709940017391252 -11.670107452035188
7.654318786459713 2.853525044890498 1.9686280386519899 -11.673290341416996
7.583266695612903 2.849716399674544 1.965851259722648 -11.674327946870608
7.512291386935438 2.846706107521776 1.9628734913702137 -11.67454557868094
7.441395669776021 2.8431327956200536 1.9599945945397224 -11.675422857830569
7.370570012922876 2.841198795321833 1.9576590307951727 -11.674944327388848
7.2997945419764205 2.8392534391102755 1.9560754031151562 -11.674879419815037
7.229050424862264 2.8379654570828308 1.9554935555331834 -11.674689741600913
7.158316508114435 2.8367241537511063 1.9561241616862741 -11.67509490302549
7.0875679425947835 2.8347387659384107 1.9581659258961577 -11.676987712250625
7.016778055513016 2.83228821049944 1.9617240359400878 -11.680154839897632
6.94592273149845 2.82945628466485 1.9668039948471907 -11.684572609648706
6.87497636053487 2.826747478328583 1.9733180510505612 -11.689799265570622
6.803910684344956 2.824523013299191 1.98110584071601 -11.695555004337011
6.7326954028046835 2.8228703363011793 1.9899677208626152 -11.701867057589226
6.661301927197093 2.821331680012076 1.9997332622886843 -11.709367780710267
6.58970291889125 2.8205262402606506 2.010150824190765 -11.717554515152846
6.517872408329075 2.820838718887532 2.020977691421193 -11.726153103526006
6.445786872265826 2.822583961896132 2.0319842037368105 -11.734929493618075
6.3734232957019055 2.826704508515916 2.042862389827018 -11.742882149560625
6.3007612103138575 2.8346492518915567 2.0532503235703032 -11.748313032986184
6.2277889232079655 2.8464858082445987 2.0629166648057713 -11.750968875197415
6.15450347709104 2.8636793604950386 2.071530996593392 -11.74878760171072
6.080921910669745 2.881249147708133 2.079318581037778 -11.74738110230784
6.007049568397156 2.8991800608713945 2.0860442367752356 -11.746422414453852
5.9328707749396825 2.9174968256587683 2.0914874669503996 -11.745397116199447
5.858354376057492 2.9345256223567837 2.0956751155570816 -11.745856780534659
5.783460871899509 2.951288776714799 2.0986387749744835 -11.746180292268996
5.708179671974389 2.966347117594766 2.10053932386369 -11.747837149629714
5.6325155215616105 2.978510944902845 2.101540407128887 -11.75204025872609
5.556485989869441 2.988681413936592 2.101799287866188 -11.757554184515804
5.4801202523513375 2.9972822604336864 2.1014751495164905 -11.76380099021783
5.4034541441785855 3.0058947153162956 2.100803029104288 -11.76892615606556
5.32653095163495 3.014865097006129 2.1000233724557074 -11.7725663495956
5.249393771044086 3.0271414575460027 2.0994600833646775 -11.771473205759317
5.172077689738639 3.0395993332531055 2.0992637877058082 -11.769335823539043
5.094599437574187 3.051792988331731 2.099581241791512 -11.766793930784559
5.016969155315924 3.0629770821175235 2.100492600368444 -11.764789221637251
4.939193737828199 3.073832551481387 2.102037521143884 -11.76267817067062
4.861281995544056 3.085529808381371 2.1041917491786553 -11.759290000947036
4.783244376276593 3.0984343906872858 2.1068800468540894 -11.754335805473623
4.705094849941132 3.111009543866264 2.110017520305007 -11.749595448956505
4.62685031639152 3.12209785517759 2.113519474986871 -11.746443041604701
4.548524019227339 3.1326550432159275 2.1172851795064833 -11.74397709236826
4.470119420997103 -3.1395597783458182 2.1211374093135236 -11.741277529618293
4.3916340421216224 -3.128704383645813 2.124934600826015 -11.738963871065774
4.313062239316318 -3.1178863646010266 2.1285678242652866 -11.736955958960479
4.234394467163183 -3.107136932806417 2.1319535485085668 -11.735286535510955
4.15561958418153 -3.096433131104066 2.135032935369883 -11.733943546366048
4.0767256722490615 -3.085641904545094 2.137776003537101 -11.732801842890723
3.99770080921697 -3.074847256565371 2.1401787833230084 -11.73196876407624
3.91853419413338 -3.064064543531744 2.1422570926981646 -11.731464707800184
3.8392153436947343 -3.05324774325795 2.1440412504382076 -11.73123226120584
3.759733827967705 -3.0423986049255554 2.1455746187250937 -11.731259098839242
3.680079564861189 -3.031390844321453 2.146913061305774 -11.731376869488518
3.600242199130771 -3.0196667854149726 2.1480943187630177 -11.730913250894645
3.5202118970240015 -3.007110343245461 2.149123395583667 -11.729662244933383
3.4399829290376447 -2.9938418985949564 2.1499763076720972 -11.727662355240161
3.359553430899517 -2.97952920093424 2.150626641147103 -11.724433960918212
3.278926463596859 -2.9644642272069315 2.1510717103805193 -11.720177238705434
3.1981137153131356 -2.9505164238547303 2.1512901485922256 -11.716832760684746
3.1171317989684195 -2.9400636426605944 2.151279184947369 -11.716884360491086
3.035994214964293 -2.9310090578072328 2.1512140219855667 -11.717888527993548
2.954717612582253 -2.9216516413211147 2.151285509319103 -11.717925393112445
2.8733185657695284 -2.9131734373497413 2.1516137198350274 -11.718230489708086
2.791808269313372 -2.9056014861770074 2.1523089407741884 -11.718793492855463
2.7101972285978557 -2.898650318538467 2.1534497961481707 -11.719290669051917
2.628496778511403 -2.892198248713298 2.155082446060017 -11.719595219151243
2.546719674675492 -2.8862861443471046 2.1572201968686753 -11.719764973990532
2.464879614521583 -2.880895429305299 2.159854148987448 -11.719805153165865
2.3829906621730026 -2.8762920146552644 2.162959155097669 -11.720020129471285
2.3010668411317137 -2.871852610408929 2.16649468405127 -11.719808703002467
2.219121194478393 -2.8677676485344334 2.1704188770705084 -11.719414609934152
2.137167318229859 -2.864658304469533 2.174704028910875 -11.719526228441742
2.0552187914012148 -2.86224521377331 2.1793164553655284 -11.719931104156114
1.973286554656478 -2.860255874774235 2.184220700414082 -11.72044078668871
1.891379222021113 -2.8584203591136514 2.189402979549136 -11.720887731333534
1.8095037595069638 -2.8568271387949005 2.194875176995541 -11.721474023814164
1.7276670138482135 -2.8523321280503167 2.2006001398106347 -11.719228837618614
1.6458729656649185 -2.845811634880554 2.206638275068299 -11.715131678265754
1.5641241495887601 -2.8380386390532943 2.213041899408448 -11.710057729955642
1.4824218685945247 -2.8314352989091107 2.2198940908386042 -11.706510835077575
1.4007683490211948 -2.8265880105100414 2.227235812962096 -11.705228864974638
1.319164575642612 -2.8224529449237274 2.235060628085675 -11.705363332146453
1.2376115276774948 -2.817617067644392 2.2433679954832657 -11.705692608607817
1.1561106619342187 -2.8114162725499603 2.2521798185982362 -11.705723516856695
1.0746655388991027 -2.8030046324347158 2.2615529642539554 -11.704782172606167
