7.843012935377889 -2.6525054855950754 1.757007713149399 -23.21869618952484
7.785979979075132 -2.6531760886260907 1.753596888189264 -23.218155786618546
7.728913077579498 -2.654471074890199 1.7496579356762518 -23.218158679614007
7.671817107531525 -2.6556360789534126 1.7454022348262739 -23.217949793575208
7.61469421581721 -2.656861766773529 1.7410282640837522 -23.21772309501246
7.557549113634141 -2.6591337490462155 1.7367382029140594 -23.218451100151597
7.500388814764668 -2.6612725775694392 1.7328252874732206 -23.21892906870866
7.443216810123082 -2.662967092039175 1.7295095882648925 -23.21881819546094
7.386036471712731 -2.664865009802913 1.7269123899829317 -23.21873590730437
7.328854413304413 -2.666900049830435 1.725119157533773 -23.21858873066035
7.271679872808147 -2.669237461400037 1.724171691399763 -23.218517508862362
7.214524894190275 -2.671904310921521 1.7240534718757905 -23.218527140131705
7.1574022740006775 -2.674808311406079 1.724704832388868 -23.218507814474883
7.100324371898743 -2.677930977254828 1.7260370223863883 -23.218426480460487
7.043303095512087 -2.6812036587034798 1.7279409210052172 -23.218203504332166
6.986349570261909 -2.684383998557371 1.7302873762741264 -23.217593939335046
6.929473816037882 -2.687584002252356 1.732946799708594 -23.216704496233028
6.872685616255907 -2.691290673422101 1.7357986881782619 -23.21601071726161
6.8159949656454515 -2.6953526735551248 1.7386995262529203 -23.215377583521196
6.759408653147143 -2.6994681087963097 1.741526086152072 -23.214538999714243
6.702932229520845 -2.703180859718537 1.7441931634808086 -23.213088614396135
6.646570720619001 -2.707186477562325 1.7467007867188116 -23.2117309533067
6.5903315814402585 -2.710712554796176 1.74903715031388 -23.20976069784455
6.534221613141555 -2.7144521397646755 1.7512896747606128 -23.207875680045944
6.478248196668745 -2.7196256195791784 1.7535943182015234 -23.20728615079669
6.422418558006326 -2.7267036569367678 1.7560946907635584 -23.208498304778836
6.366734095860395 -2.7344084915613394 1.7589221361795702 -23.210364541403443
6.311185767457835 -2.7417975120336817 1.7622806542535938 -23.212048552910616
6.255759569946535 -2.7487071299771952 1.7663710237688408 -23.2134423245136
6.200442758105488 -2.754992975702739 1.7713231637417006 -23.21443726695267
6.145227041274694 -2.7607014086062605 1.7772162456440543 -23.215089428216068
6.090108224723248 -2.766195294889553 1.7841022324894582 -23.215747428189296
6.035085529510308 -2.770583407102874 1.7918803671785906 -23.215543289253795
5.980158204180675 -2.773748232487673 1.8004345567677766 -23.214347440011096
5.9253289732315 -2.7749261940043537 1.8095102416228153 -23.211397656032446
5.870602419684305 -2.7733705605441807 1.8187933391856086 -23.205940011414683
5.815983392303021 -2.772258521869082 1.828367046076486 -23.2010220435343
5.76148155506217 -2.7751776848049077 1.8383530402928532 -23.20008526398386
5.707108445053705 -2.7787465223167698 1.8481176454066641 -23.199790757765143
5.652869612124135 -2.781461702936642 1.8572576280476436 -23.19859991656834
5.598763124222089 -2.785072996201512 1.865712598930646 -23.19812432071678
5.544783844970444 -2.7886361577783436 1.8731356940800947 -23.197351586651756
5.490919892580535 -2.7916283076973083 1.879192075381808 -23.19570927070042
5.437159983758594 -2.7953575026599644 1.8836430748245183 -23.194427501001762
5.383500631827011 -2.800817859460721 1.8862570502106275 -23.19444700891124
5.3299422409792445 -2.808745879605561 1.886870684489192 -23.19646112507163
5.276487479043871 -2.820122946667272 1.8853944556431945 -23.201398077616872
5.223141007050799 -2.833304491323411 1.8818378235605517 -23.207722557493064
5.169905487133253 -2.8400822798608867 1.8766403877691953 -23.207771789243374
5.116772640914077 -2.8447038554892696 1.8700400445769816 -23.20570127017767
5.063740412907528 -2.84231016603381 1.8628268581030836 -23.197050372715623
5.010807488116114 -2.843493141846721 1.8548041931191794 -23.19190233551535
4.957985561715304 -2.847247549840212 1.8464642793362578 -23.189422537602383
4.905271681914869 -2.8536814478617067 1.8383051108218156 -23.189831863083697
4.852656956539458 -2.8607605948940975 1.8309954425503892 -23.191249365541374
4.80013273511109 -2.8666724795686678 1.8250950109440194 -23.191941718021006
4.747691312530638 -2.8719114704665447 1.8209078110750616 -23.1923387939106
4.695329550346558 -2.8766566885646325 1.818618145936223 -23.19254147501269
4.643047002305692 -2.881188460345791 1.8183229831926935 -23.19273823067914
4.590846130718567 -2.885993987189113 1.8200206778631944 -23.193314831835004
4.538732862108874 -2.8917525678352143 1.8236508265383655 -23.19483830908092
4.4867179483399955 -2.896346472005712 1.8289023754126568 -23.195180420850882
4.434813604080251 -2.9021055963204483 1.8355890302089943 -23.196512678465318
4.383033537817829 -2.90673602017881 1.8430858473290461 -23.196585162996882
4.331383708502262 -2.91332016937599 1.8511642682137779 -23.19833875360385
4.279869229006708 -2.9194281216984086 1.859215794936555 -23.199415567829533
4.228487603783451 -2.9255973318474884 1.866881006847733 -23.20030650147028
4.177237152526475 -2.9388337369607194 1.8742910707862082 -23.20766937919629
4.126125751765205 -2.9463042920301326 1.8800540873700329 -23.209282640722236
4.0751455730529536 -2.951348739997266 1.8841430589385126 -23.20839096749915
4.024292313874489 -2.955361676605188 1.8864072682587767 -23.206418474553963
3.9735623133180575 -2.9598172320571123 1.886788318424714 -23.204866607149945
3.922952337663906 -2.9639029740915963 1.8853019552232704 -23.203064628256477
3.87245727118495 -2.968008136875218 1.8821408640403787 -23.201471239779124
3.8220722217977587 -2.9724343536580586 1.8776814752226636 -23.200440882001715
3.77179323291672 -2.9784853737725614 1.8722480089668065 -23.20130156947272
3.7216141633615005 -2.983849988588664 1.866244219253416 -23.20192988245809
3.67152286901695 -2.9869349520303166 1.860092585915665 -23.200849321568093
3.621505255579579 -2.9883651738682224 1.8541353140934818 -23.19869517395142
3.571549377404556 -2.991135361132881 1.8485722065219248 -23.19839717495241
3.5216452380539014 -2.9945323154418686 1.8437521725501913 -23.199287016751946
3.4717813756894724 -2.997656549090679 1.8399457265571546 -23.20045623537427
3.421947572787602 -2.999575573451878 1.8373254119396707 -23.200912578237855
3.3721355353977502 -3.0002502181543327 1.835917893244269 -23.200512425387295
3.322340449107817 -3.0002713588589187 1.8356696111141306 -23.199722701255723
3.272560539892474 -2.999961938390622 1.8364665285383281 -23.198741457031034
3.222796857104827 -3.0004114551378827 1.8381744699874885 -23.198539708810337
3.1730532878589166 -3.0025483103467927 1.8405981377101632 -23.199930819928426
3.1233353772081514 -3.006261185802419 1.8434618576279254 -23.20269076071061
3.07364853995828 -3.0095224001657623 1.846460873502476 -23.20470422324275
3.023998157828251 -3.0119973604196297 1.8493504864668528 -23.20557607172593
2.9743903137725036 -3.015249235980327 1.8519701719149675 -23.20681095781144
2.9248329771049533 -3.0207388670459943 1.854167993857906 -23.209823501272716
2.8753348814698185 -3.0332402458823338 1.855831257915745 -23.219245769230845
2.825907645146611 -3.044935201746551 1.8565117253286536 -23.227482454601166
2.776557843717095 -3.0540549930614813 1.8559830760554237 -23.23291108963077
2.7272895603032885 -3.0577513689245177 1.8542248406546757 -23.232886580809833
2.678103515759058 -3.0608263602678507 1.8512723279828465 -23.232152458882425
2.629001983573979 -3.0630623618627784 1.8473134492965744 -23.23059467941681
2.57998505446288 -3.052070092642495 1.8431869074788336 -23.21638230219132
2.5310431968803644 -3.0494412683298533 1.8384513071147088 -23.21038873379416
2.4821815931411773 -3.0524851886942512 1.8335659400020923 -23.210090634713545
2.4333996319422533 -3.0567106903383707 1.8290945639287308 -23.21122998986644
2.3846910212825256 -3.061294544700033 1.8253799026594977 -23.213054684558053
2.3360485593161213 -3.0652909600956897 1.8226837412611665 -23.21465690817039
2.287464828302023 -3.068480708019005 1.8211358923271488 -23.215815152312835
2.2389329716559265 -3.0709394277275073 1.820768201030093 -23.21658474747067
2.1904469623344207 -3.0727713992411663 1.821540715944252 -23.217042531022443
2.142001537448647 -3.0741787208489213 1.8233682892162864 -23.21736079401058
2.093591971460541 -3.0752366132972178 1.826125869967051 -23.217587517631735
2.045213844799225 -3.074039834250672 1.829578343235225 -23.215813690780315
1.9968627812020059 -3.0709353020750023 1.833522937501833 -23.21236657446569
1.9485347763001069 -3.0655609437776454 1.8377280378907652 -23.206877994372363
1.9002260678607492 -3.06136570660841 1.8421480470388598 -23.202772974303855
1.8519330641857448 -3.061226657528927 1.8467141170084564 -23.202898462713307
1.8036521570548238 -3.0618132139301504 1.8510537762916102 -23.203883035066276
1.7553806266437946 -3.0629074716318283 1.854979952200436 -23.20545737920019
1.707116803598521 -3.06426505890975 1.8583441837571322 -23.20732374687831
1.6588601646592906 -3.0662725210457142 1.8610757937592284 -23.209816999258152
1.610611250120022 -3.068547751669661 1.8631170344696826 -23.212511648883144
1.562371675757835 -3.0701020569281274 1.8644161798879646 -23.21439985336123
1.5141438832281653 -3.071129543630805 1.8649687847531842 -23.21567816966369
1.4659306083121897 -3.072033648467894 1.8647996685371402 -23.216761221417926
1.4177345829205557 -3.0728277814522373 1.8639717097763986 -23.217683303446016
1.3695582900550776 -3.073765759440609 1.8625945530946495 -23.21872543685612
1.3214037487183152 -3.0744068025074953 1.860845387831409 -23.21948122879391
1.2732726946965207 -3.069733623926324 1.8590397914196437 -23.21502344901031
1.2251669070776618 -3.065763364519036 1.857237700536488 -23.211404246614563
1.177086742668727 -3.0660717440439367 1.8555424015273452 -23.212237810016845
1.1290310615649857 -3.0659543633787147 1.8542691235647852 -23.212903479290112
1.0809986219930585 -3.0654230247026155 1.8535769868206935 -23.213469116954947
1.0329875349316138 -3.064535475492554 1.8535829970746873 -23.21404079102158
