7.861601449071057 -1.2951354277522134 0.13036242744495402 -6.097317143310057
7.755202290998637 -1.364420066953284 0.13327679022644 -6.097167602349011
7.64881729458402 -1.414307616905158 0.1384854764417609 -6.09243014038354
7.542467857593285 -1.4532008262009066 0.14565989006534225 -6.090382155900885
7.436165401273963 -1.4767021778120037 0.15404567972662397 -6.0896853166748075
7.329926161661704 -1.4843722469764888 0.16323517607451113 -6.090330546546632
7.223756887603425 -1.4749512862326282 0.17269647001140587 -6.089774436193161
7.117636210344483 -1.451311369786152 0.18219998724656408 -6.087859119495818
7.011545317201958 -1.4168581301141996 0.19175961733700597 -6.085168567137959
6.9054651146509345 -1.375195746528505 0.20157250178090785 -6.082718953636326
6.799381216194888 -1.328223480936485 0.2117286630515645 -6.079330839875109
6.693284385519443 -1.275953706555409 0.22196523516924607 -6.070922858770443
6.587171093330635 -1.224512885534291 0.23293666450579517 -6.062941730178794
6.481052123914409 -1.177540197189013 0.24491854838563726 -6.057571978927973
6.3749513548833505 -1.1359348476255198 0.25769438463672606 -6.053362446852659
6.268890790872867 -1.1009492253509652 0.2712670422431178 -6.0503615737362235
6.162890456602493 -1.0722194157032963 0.2855228596133813 -6.047507875812024
6.0569630122217415 -1.0494739091594163 0.3005046674433853 -6.044540037287006
5.951116546258616 -1.0349831477780245 0.31673181557463387 -6.044087493691322
5.845360284644873 -1.0280581827270576 0.33420222190446935 -6.045556512852723
5.739703379788168 -1.0275207281652727 0.35285845123883136 -6.048138563683721
5.63415748690232 -1.0315578149903641 0.37256330962050926 -6.050705396022542
5.528732531288785 -1.0381519037975073 0.39311743393984094 -6.052077487580166
5.423437610175704 -1.0452150298447491 0.414256712532858 -6.051109886431405
5.318279986528968 -1.0540003418909911 0.4362599943671976 -6.049578101476073
5.21327033793003 -1.0630842010555763 0.45889926861145913 -6.046877430585678
5.1084195152038525 -1.0727887483146725 0.48225160892120805 -6.043819272108797
5.003741334066898 -1.0821194294084735 0.5061596629891744 -6.039974271361506
4.899246248921687 -1.090884719356695 0.530570623947177 -6.035423458999848
4.794946044957154 -1.0991566045958583 0.5554414720903935 -6.030375080455937
4.6908537864001385 -1.1071339703711331 0.5806975772678933 -6.0250748918884405
4.586983012364148 -1.1158701857421012 0.6063844373132111 -6.020465683795973
4.483347340958441 -1.1271862670870676 0.6326607957164523 -6.018146251718722
4.379959781920657 -1.1409649876874812 0.6591665545173034 -6.018067577857064
4.27682485808367 -1.1563280475204536 0.6852683895346838 -6.019447908581528
4.173932987374403 -1.1696034343214285 0.7097125443382205 -6.018905852500441
4.071253770181271 -1.1820254700684178 0.732451889090406 -6.0172368950594075
3.968762754597715 -1.1990836984590076 0.7543217356982064 -6.018923558138258
3.866454430185959 -1.2180214947882708 0.7747474040361713 -6.021475154321164
3.764324523219892 -1.2369257162446066 0.7935348166655598 -6.023202193822868
3.662370019185277 -1.2551551601097655 0.8107992709918771 -6.023561529248055
3.5605882620849445 -1.2725846841107926 0.8267605568151227 -6.022527252864596
3.4589758573313296 -1.2888269976032543 0.8415982756733627 -6.019936184123392
3.3575276217690835 -1.3054973108346963 0.8557061284596839 -6.017339265109628
3.256241397977675 -1.3215777888993836 0.8691399157326931 -6.014163550624426
3.1551132885158073 -1.3371087797430523 0.8820283021844229 -6.010742388913987
3.0541391041509534 -1.3514618336945845 0.8943463396432341 -6.006962751001347
2.9533141626893102 -1.3781879903218566 0.9074157828125312 -6.0146631471903955
2.852650616421923 -1.412113264498337 0.9205819368076376 -6.030213224395099
2.7521488459014383 -1.4215104301190626 0.9308760372592062 -6.026547866815941
2.651771618625959 -1.425873100814024 0.9403004055774437 -6.0203347418951765
2.5515074086949157 -1.4288159826550657 0.9492834405273142 -6.0148535251035735
2.45134784378894 -1.4305434886483528 0.9578402851096182 -6.010359909204705
2.3512832343563006 -1.432048843218894 0.9660724140601941 -6.007692619129305
2.2513040699171936 -1.4330780272326695 0.9740003911710472 -6.006401839659736
2.1514010036768205 -1.4348276463094016 0.98176346203189 -6.007335833838471
2.0515680688115774 -1.4358475221939209 0.9893281673301272 -6.008692498727925
1.9517990070943387 -1.4353623150053134 0.9966806358227599 -6.009200770601358
1.8520895282275762 -1.4333931524244452 1.0038274880195714 -6.008406961726726
1.752437730184958 -1.4323473334456889 1.010898485409605 -6.0083834388630715
1.6528441667202305 -1.432543861164859 1.0178402586816384 -6.009208040131467
1.5533074317490485 -1.4334336381095918 1.024614955620351 -6.01006745895813
1.4538260154132576 -1.4351447201553134 1.0312377818247493 -6.010861541823247
1.3543995830483977 -1.437905177597103 1.0377301077796581 -6.011650807848321
1.2550288123001287 -1.4418047806426892 1.0441125803896998 -6.012403900054034
1.1557153411054237 -1.4470340838394122 1.0504044763066436 -6.013198422815269
1.0564620622825882 -1.4536606250995332 1.056610223092158 -6.013984608354445
