8.035947336320437 -0.25942637193057494 2.4674504062231817 -32.28300422566271
8.018408535724829 -0.2624421945500938 2.4661784627992462 -32.28242976517423
8.000837809718586 -0.2655841335936513 2.465011923786883 -32.28216778483717
7.983236707700727 -0.26906187990922975 2.4640080792337082 -32.28254896944707
7.965607578318905 -0.27252620120744053 2.4632299509981554 -32.28336262586077
7.947953852572893 -0.27489600585123314 2.4627217575671794 -32.283677666008955
7.9302801509327985 -0.2762787631121654 2.4625268807495506 -32.28368733864432
7.912591881401849 -0.27670053316425136 2.462682192693592 -32.2834727188669
7.894895126394969 -0.2763919030428493 2.463215570701501 -32.283293580349216
7.8771965863722455 -0.2755317566786698 2.464142456565359 -32.283335302138255
7.859503164673062 -0.2742307524137593 2.465460480200185 -32.28369515447612
7.841821641292751 -0.27249745605665154 2.467146207705284 -32.28435041132091
7.824158479757468 -0.27011492069735116 2.46915579631926 -32.28503090167342
7.806519760142493 -0.26686939889089656 2.47143102804452 -32.285451027297555
7.788910593953504 -0.2630614377916115 2.4739070448792093 -32.2858567095098
7.771335024945786 -0.2586892363950047 2.4764922874479227 -32.28619352008418
7.753796226030248 -0.25164913452311377 2.4790206533276655 -32.284207006354784
7.736296192216006 -0.24176174623979294 2.4813900348868234 -32.279661096796836
7.718837229173536 -0.23050751677835074 2.483560978972603 -32.27406567914717
7.701422248168542 -0.219410925598162 2.485514183802136 -32.268951406100086
7.68405375475576 -0.20892746959895073 2.487207259719129 -32.264675960867066
7.666732831787908 -0.20118811126051628 2.488627311427751 -32.263359982333846
7.649459993959757 -0.19473065104622295 2.48968058863178 -32.26326157678539
7.632232949638737 -0.18932915647898124 2.4903043168271446 -32.263976284056625
7.61504818815147 -0.18414102338860772 2.4904537508158615 -32.264459557239775
7.5979014451986036 -0.17949687095652872 2.4901270128495283 -32.264928369500716
7.580788366414923 -0.17533074645923263 2.489339762526219 -32.26521037784034
7.56370379273109 -0.17166922694908338 2.4881263671074283 -32.26527287445572
7.546642259639119 -0.1676604307451181 2.486552943039554 -32.26421354059509
7.529598097175997 -0.1626180170927959 2.4847122965970594 -32.26136518108775
7.512565937127967 -0.1568166912339876 2.4826928281907192 -32.25709020713341
7.495541402904322 -0.15096185692679287 2.48057961396341 -32.25220370521438
7.47852117936893 -0.14851615970483245 2.478403177345583 -32.25029527207765
7.461502842031646 -0.14879035607971566 2.4762775284726173 -32.25077548344342
7.444484365092127 -0.14984079315835297 2.4743304899639207 -32.25185165217077
7.427465094860065 -0.15204658924894487 2.472604230537445 -32.25410558078052
7.410445015600339 -0.15530013695337877 2.471146005744271 -32.257665217493084
7.393425497464862 -0.15763709961242747 2.470033473693839 -32.26077044707915
7.37641021137267 -0.15851227040875976 2.469331456327259 -32.2630135549619
7.359403366817502 -0.1582659411142354 2.4690918073120205 -32.26482113476562
7.342410280141869 -0.1571314324474505 2.4693501096877464 -32.26647852519924
7.3254369126005665 -0.1551875892530309 2.47011737968556 -32.2680833212326
7.3084895110609125 -0.15248577376110908 2.4713803076136824 -32.26967813671828
7.291574338384992 -0.14904919845460557 2.473100518155567 -32.27125325761182
7.274697453031127 -0.14450445192427444 2.4752058247866797 -32.27235988356727
7.257864297399078 -0.13874292214467468 2.4776041363092656 -32.27281349693707
7.24107915862349 -0.1325211910337993 2.480200418336664 -32.2733615812153
7.224345975786038 -0.12559084716788474 2.4828516709675785 -32.27368736462365
7.2076677909750835 -0.11523957690026652 2.4853343323369432 -32.270807661309
7.191046174712463 -0.10205626757746337 2.4875525568459893 -32.26527436976107
7.174483444762923 -0.08935782636260849 2.4895057038672834 -32.260592477379475
7.15798306554975 -0.07956340599917193 2.4911673403933077 -32.25925846990787
7.141548211420212 -0.07161312785208701 2.4923974137710228 -32.25990841699088
7.125178687477449 -0.0649463747293614 2.493100713161498 -32.26169789917832
7.1088715881024465 -0.058634751589516344 2.4931909607589464 -32.263405121065986
7.092622223924829 -0.052692023733607554 2.4926298562427145 -32.264880195496865
7.076425495297258 -0.046846402278094425 2.4914169427369846 -32.26570603641102
7.060275850395733 -0.04117998937168135 2.489600017226487 -32.26588757327512
7.044168059906848 -0.0357614814223038 2.4872625343423933 -32.265437981498785
7.028096934214655 -0.030462961959067794 2.4845214688612023 -32.26419576292768
7.0120572096775335 -0.02489559141336847 2.481517886125288 -32.26176244311871
6.9960429200167455 -0.019437877740904823 2.478381475027978 -32.25856939975839
6.980047884902018 -0.014119411616361615 2.475245887567401 -32.25473820253022
6.964066318783508 -0.009687061429995886 2.4722145012449945 -32.251172263415825
6.948093486755348 -0.009498733174304504 2.4693202540135797 -32.251397586238866
6.9321262988149845 -0.010312956258447076 2.466763275725417 -32.25232465887535
6.916162717692944 -0.01181109394118472 2.4646224805159185 -32.25384340237671
6.900201699858156 -0.014600852702509985 2.462917817067822 -32.25676196369169
6.884242795666794 -0.018188405912295185 2.461675707559139 -32.260803322793244
6.868286808972465 -0.020209528748683505 2.4609157773591726 -32.26378840755214
6.852336893166999 -0.02081516812368686 2.4606408798274635 -32.26598532574216
6.836397662487812 -0.020350741984267822 2.4608420602108256 -32.26781360033711
6.8204746391163305 -0.01890206349028118 2.4614928730254655 -32.269404100440596
6.804573764559723 -0.016693615590978803 2.4625500879834226 -32.271006156218256
6.788701210133642 -0.013953656237456116 2.4639553314088314 -32.27285295204052
6.772863203579476 -0.01008263605543963 2.465619049779479 -32.27428603700769
6.7570654135407455 -0.005114900252230713 2.4674493112905393 -32.27529026790453
6.741312742758539 0.0007508566348379199 2.469339468683447 -32.27602008373151
6.725609530889789 0.00739035748402355 2.471177018585088 -32.27654755964976
6.709959724026611 0.015683689305709608 2.472833146927436 -32.27585306297452
6.69436666415962 0.0267957985190538 2.4741956462023533 -32.27258082152296
6.678833260726462 0.03998939067712603 2.4752205553890247 -32.26740196789011
6.663362135297364 0.05260267130111904 2.4758973404126916 -32.263084616410865
6.647956350988388 0.06237764310227471 2.4761999138107695 -32.26192080825739
6.632618586143047 0.07003529404260363 2.4760521230433956 -32.26287803302869
6.6173483460201314 0.07637774640697113 2.4754066994061197 -32.26482825570196
6.602142219374995 0.0823265694087586 2.4742257465673925 -32.26655218880341
6.586995089187978 0.0881414837634285 2.4725065215489024 -32.26761298158254
6.571901240639292 0.09374806127628953 2.470281937740834 -32.26798073085801
6.556855011858989 0.09895491847761374 2.4676235103133584 -32.26778438150693
6.541850633753663 0.10300562640407013 2.4646139745499256 -32.267768934966824
6.526882152422875 0.10588740277020195 2.4613727142597384 -32.267918193434326
6.511942583535874 0.10981828468082144 2.4581004444292267 -32.26598618783391
6.497023963117667 0.11421611666514783 2.4549037187672864 -32.262690693222545
6.482119236936387 0.11893160100221062 2.4518834994842273 -32.25833525059257
6.4672222726445705 0.1226789029664009 2.4490918978819867 -32.25438514911189
6.4523286676513925 0.12195745056376062 2.4465424810765506 -32.254486078669075
6.437435108569245 0.12026041955836991 2.444395145555741 -32.255357534073724
6.422539704093966 0.11797228249120888 2.442688903144753 -32.256831943699
6.407641613325918 0.11410830637642601 2.4414062794994975 -32.26008495159108
6.392740594560697 0.11045950362117626 2.440542150380107 -32.263549377578606
6.377838142292746 0.10855356457632959 2.4400676962934744 -32.26588070411368
6.362938459901679 0.10782262382761885 2.4399588782105903 -32.2677586015267
6.348047080903788 0.10813787600336609 2.440186553086496 -32.269384780966874
6.333170194671655 0.1093078871306685 2.4407104285182446 -32.270996333212956
6.31831437959657 0.111037744088686 2.4414817069909263 -32.27291136645813
6.30348642646197 0.11332991308802284 2.4424396936768398 -32.275114313225224
6.288692995122248 0.1166674380630205 2.4435101019547854 -32.277054349156295
6.273940201966968 0.12128613216281377 2.4446180344946913 -32.27840804314887
6.259233407817002 0.12706645109034523 2.4456843783572526 -32.2792117322237
6.244577248560743 0.13353931572773411 2.4466282870017784 -32.27987241901553
6.229975933581595 0.1417152818782129 2.4473505372235853 -32.27919555399736
6.215432684733477 0.15297713643220484 2.4477676253096865 -32.27556617846707
6.200950051152968 0.1662710825512628 2.447849577362445 -32.26998692324473
6.1865304804699965 0.17867394453238508 2.447571902705637 -32.26549314319762
6.172176884987084 0.18759973564678026 2.446899547560715 -32.26471096466271
6.15789189524279 0.1940685770942084 2.4457946102201746 -32.26626825042027
6.143674523179276 0.19964686557577255 2.4442487506777892 -32.26821266317977
6.129520479298454 0.20500256885685209 2.442255241314703 -32.26962858460841
6.115424211453882 0.21007473671811136 2.439828177904691 -32.27044723014679
6.101379910052788 0.21496561583232382 2.437027612364813 -32.27047347763579
6.087381448585113 0.21888517027481985 2.4339199535345974 -32.270481418478326
6.073422711570556 0.2215413288960951 2.4306051679090688 -32.27074149116632
6.059496650300603 0.2232086124153574 2.427219614428037 -32.27096395107537
6.045595110030286 0.22607427465666854 2.4239569167003023 -32.269009632119136
6.03170964524394 0.22955806292847544 2.420900794182306 -32.26561905915675
6.017832997242189 0.23369685774408105 2.418133594746861 -32.26092730098697
6.003959226451259 0.23658750330503428 2.415666545818307 -32.25700328029892
5.9900840005976494 0.2351267129699211 2.413513735067187 -32.257076550357084
5.976203765632531 0.2327859446369428 2.4117906497930077 -32.25791797417885
5.962316762921617 0.22962483982179546 2.4104996745180824 -32.25967093589831
5.948422236480914 0.22451709156327318 2.409604256148409 -32.26364059130771
5.934520106910034 0.2210876217726775 2.4090699493577143 -32.26643644519538
5.920612825165386 0.21914006410603126 2.408837481576228 -32.26841282962467
5.9067053950411985 0.21816054349549732 2.408869444959852 -32.27017734262745
5.892803894792457 0.21820731697035672 2.4091242405516775 -32.27173508012999
5.878914935453525 0.21885867751043883 2.4095573986097083 -32.273550057655335
5.865045535849441 0.21998894909954286 2.4101172741164913 -32.27575673208026
5.851202719880801 0.2218760474766377 2.4107411959889853 -32.27803996092226
5.8373932060877785 0.22473400867758198 2.4113681350319696 -32.28011880922407
5.823623398982354 0.22887237954413692 2.411939138691961 -32.28158140377083
5.80989901976812 0.2342092192716494 2.412394874534949 -32.28240835128143
5.796224877587167 0.24021485860085112 2.4126694874336363 -32.28305382774496
5.782605246533125 0.24820407016211582 2.4126859171497164 -32.281986612763
5.769043210547801 0.25948136559996016 2.4123895752086177 -32.277675071149154
5.755541087898669 0.2723902985365325 2.4117576674215724 -32.271768496299906
5.742101323751873 0.28341847252518493 2.4107550429147824 -32.267917621700924
5.728726939078849 0.2909046218990036 2.4093446388402797 -32.267715785537916
5.7154198032030195 0.29605374402857654 2.407528703375628 -32.269611773722765
5.702178198629133 0.30067409174403925 2.4053316962394953 -32.271435005184564
5.6889974226958575 0.30512691956806487 2.4027684032657928 -32.27263916578372
5.67587186932308 0.3092524582256623 2.399869327738454 -32.273280704037425
5.662795644526448 0.3130345887816002 2.3967043405898387 -32.27331367675544
5.649762429719284 0.31575315458588554 2.3933462316971967 -32.27345483114319
5.636765640033403 0.3173686268633693 2.3899094980879827 -32.27373358464433
5.623797675478482 0.3181718802318079 2.386529114967851 -32.27388540309296
5.610850174496928 0.32063829796450755 2.3833898280610417 -32.271522236436205
5.597914924990924 0.32381409988267196 2.380544582326416 -32.26776169634791
5.584984986043442 0.3277178453898297 2.3780551738218776 -32.26275819629522
5.572054949574636 0.3283632551593872 2.375880965119922 -32.260613160139734
5.559120337476219 0.32645054530205947 2.3740994097203196 -32.26079469972559
5.546177880155961 0.3238004892008151 2.372752437547224 -32.26169991775297
5.533226120260129 0.32015277145489673 2.3718140974349557 -32.26376127224066
5.520264397478228 0.3151121723598837 2.371237827114361 -32.26754406814845
5.507293042168499 0.3119968057938466 2.3709582960352664 -32.269936122679
5.494315466615924 0.3100945496611799 2.370908356751103 -32.27177138351764
5.481336947298605 0.30910369016990746 2.3710426632926818 -32.2734257668866
5.468363624600537 0.30894550213198546 2.371313378551356 -32.27502622466788
5.4554021166319195 0.3091974305640744 2.3716725286486424 -32.27702342941884
5.442459365280128 0.3099779209716027 2.3720656109367195 -32.279287766604014
5.429542176621691 0.31157819824934324 2.3724337102256707 -32.28147887765793
5.416657145218657 0.3141284301716544 2.372726118791413 -32.28339534909703
5.403810451468291 0.3178752926973004 2.372892597866191 -32.28468917235505
5.39100761851928 0.3226041936881993 2.372883925089711 -32.28548217057809
5.378253355180624 0.3280328861193179 2.3726430871683712 -32.285964349508305
5.365551758523472 0.33601531789036737 2.3721167573955158 -32.2840428567353
5.352905648555188 0.3473441472885083 2.371277799676694 -32.27875081754525
5.340317234431615 0.35939856580041313 2.370100536906831 -32.27276652448606
5.327789087589017 0.36825025814734746 2.3685436839758576 -32.27015675025749
5.315324217282804 0.37404411976968543 2.366599146757907 -32.27056263634785
5.302923209319366 0.3779656031877492 2.3643030870482997 -32.27250317894979
5.290583538531293 0.38164837868876733 2.3617016276156546 -32.27405469272872
5.27830036428769 0.38508708461977653 2.3588200140129043 -32.275097739604426
5.266068303765209 0.3882470299791277 2.3557023409413818 -32.275583268303556
5.253881462947416 0.39090965715802684 2.3524162193960274 -32.2756990986911
5.241733586913637 0.39259942949483123 2.34904132557931 -32.2759230713438
5.22961788154243 0.39339144250179314 2.3456935026989942 -32.27618812261652
5.21752668389183 0.39421949447535537 2.3425144181763566 -32.275610464055816
5.205451889334661 0.39667839526882964 2.339636102004228 -32.27271195777266
5.193386053805145 0.40002197444160786 2.337096318620179 -32.268389480278124
5.181323012071303 0.4032938794296759 2.334911483721016 -32.26374616437141
5.169258057578335 0.4016320976013428 2.3330428303779986 -32.26371458562969
5.1571865046955105 0.3994314927478216 2.3316057128922263 -32.26411480180568
5.145105700375706 0.3966689593635622 2.3305845934007006 -32.26513998529367
5.13301446825649 0.39274322246342186 2.3299332801578534 -32.26752806889694
5.120912229253098 0.38837041784397647 2.3295959909685395 -32.27072539958297
5.1087999096563435 0.3854528495666072 2.3294901276742603 -32.272990468634184
5.096681433732681 0.38356910553816653 2.3295530804445015 -32.27483934605118
5.0845620968961995 0.38255945018294457 2.329739442375594 -32.2764866428923
5.072447893523292 0.38218770592491863 2.3300025646539337 -32.27820124624593
5.060345174299858 0.3821869171499666 2.330294031803204 -32.28026087707407
5.048260540818348 0.38268041681280274 2.330561171037953 -32.282518833891764
5.03620049041023 0.38402115061186304 2.3307520590364508 -32.28456408899236
5.024171164988169 0.386337883221987 2.330820333352964 -32.28619351651958
5.012178287053246 0.3897259098947739 2.3307207331406508 -32.2872210390882
5.000226933453623 0.39379050796890125 2.3304064497971404 -32.287965336236965
4.9883215566546815 0.3986175651687981 2.3298271434853333 -32.288236882660854
4.976465976838518 0.40665982120469973 2.328951947623031 -32.28533869439744
4.964662790615247 0.41772474891136024 2.3277680027176872 -32.279369754733295
4.952914253184891 0.42846300364910506 2.3262381312847986 -32.27377074866265
4.941223023531834 0.4353951159705163 2.324330290372582 -32.27209971799984
4.9295916964295845 0.4395152910760369 2.3220671116331384 -32.27311546260648
4.9180200030962675 0.44241646787950645 2.3195185733976054 -32.27495818395296
4.906504737662464 0.44525578240044655 2.3167371256093876 -32.276264282010644
4.895041093736606 0.44782857934282033 2.313757797328667 -32.27715108575917
4.883623919299256 0.45006767683168736 2.3106295508299315 -32.27762352689258
4.8722474411627275 0.45181108780795926 2.3074193261230294 -32.27782459998227
4.860905395079743 0.452727374093535 2.3042067069129 -32.27809701890622
4.849590978578275 0.452960758605902 2.3011006901047066 -32.27831650762162
4.8382966949913095 0.4542242829637128 2.2982436423667156 -32.27683687967248
4.827015039388665 0.4567605706171762 2.2957035851454495 -32.27353727763101
4.815739410194941 0.46045139773200094 2.293517220409397 -32.26867509365047
4.804464526061432 0.4621015571522233 2.2916474053951226 -32.26554142543362
4.793185976057749 0.4603191819442362 2.2901278064501915 -32.26562325519743
4.781899523255949 0.4580021051511616 2.2890204108029812 -32.26620021063832
4.770602780694913 0.4552229523883534 2.2882988125332218 -32.26734315078989
4.7592947096930365 0.45112871337979815 2.2879056331706913 -32.27001938808109
4.7479748413142175 0.4471615988060468 2.2877760161978715 -32.2729361291997
4.736644613891228 0.44426027792423656 2.287821550692764 -32.27528183441282
4.725308264918371 0.44231556133279915 2.287988274793985 -32.27724028676703
4.713971068082632 0.44115248357323633 2.2882338616517504 -32.279025904003106
4.702638842106263 0.4405505664308577 2.2885140741600494 -32.28087766076952
4.691317684849705 0.44030180781232386 2.288782505226161 -32.28300077534339
4.680013853997824 0.4405941477269528 2.2889890296750015 -32.2851730049994
4.668733373061006 0.4416596690467575 2.2890841303044738 -32.28710437107503
4.657481932968006 0.443743147056929 2.289021989499686 -32.28847371420059
4.646264845127194 0.4467629352742524 2.2887615320332144 -32.28928565896745
4.635086802226577 0.4502645172047427 2.2882569558740165 -32.289928981495784
4.623951997658414 0.4547701086446652 2.2874659048612562 -32.28976946538922
4.61286400205502 0.4630071700496231 2.2863783627688274 -32.285854621145766
4.6018252805317665 0.47345953962800574 2.2849793009367456 -32.27968683425781
4.5908382278158655 0.4827959583316579 2.283241232374531 -32.27467049717923
4.579905242724154 0.48844617141589375 2.281151487454964 -32.27338351324312
4.569028060499465 0.49120675128077707 2.2787552339496053 -32.27482956620361
4.558205839097467 0.49342348098710087 2.276151027927049 -32.27640921573968
4.547434919899229 0.4956240439389228 2.273388569158183 -32.277463728482935
4.536710670578303 0.49749974279472686 2.2705093591802425 -32.27823602524536
4.526028038117557 0.4989434334083224 2.2675630916474634 -32.27878610213779
4.515381265123158 0.49996089482621303 2.264614321913197 -32.279093613389364
4.504764012584834 0.5003520383628673 2.2617359157325123 -32.279373842341265
4.494169494146871 0.500385204181504 2.2590203951927394 -32.279389427100675
4.48359055820558 0.5020694094095477 2.256586935979218 -32.2772082597168
4.4730205815044295 0.5050778701616332 2.2544639971720803 -32.27327177744317
4.462453861472233 0.5086942157862848 2.252660555864994 -32.268414778936275
4.4518859613800625 0.5079459995092388 2.2511316824726033 -32.26765383979098
4.441312147735056 0.5061090708408275 2.24996957809812 -32.26785082713415
4.4307288835301035 0.5038267251953505 2.2491834469558074 -32.26849031078
4.420134071848202 0.5010187446040827 2.2487347307055563 -32.26976790274838
4.409526795587132 0.4968321799247343 2.2485579709886454 -32.27263786060561
4.398906818273531 0.49338396733715156 2.248575467522512 -32.275122453827336
4.388276177375457 0.49054319415043474 2.248704163514369 -32.27745482052538
4.3776393535675355 0.48852711619227085 2.2489029346813965 -32.27947688095927
4.367001568012449 0.4871537839720729 2.249135789803818 -32.28140247624618
4.356368454481262 0.48629911098568035 2.249364780848209 -32.283366495599644
4.345745893272257 0.485816951527706 2.2495506257728684 -32.28550530090256
4.335139797258169 0.4859177314506908 2.249650365446528 -32.287570746807965
4.324555869183638 0.4868132346191489 2.2496224735162778 -32.28929449195158
4.31399949970376 0.4886684010598156 2.2494279344130854 -32.290441687516086
4.303475652877768 0.4912198898457888 2.2490283620196703 -32.291210899869675
4.292988737746274 0.4942968950868207 2.24838092214205 -32.29170140148001
4.28254265876914 0.49877422197274657 2.247451281624345 -32.29092383656298
4.272140730887212 0.5070584105951007 2.2462405371192844 -32.28628860034928
4.261785318495694 0.516953974553272 2.2447254362938134 -32.28000722733679
4.251478752240607 0.5250116661060055 2.24288356128648 -32.27559255520242
4.241223089300965 0.5296103275496308 2.240724298838335 -32.27462045608858
4.231019230045211 0.5315701188098557 2.238313411565654 -32.276104177639475
4.220865782569774 0.5332794960140133 2.235751619796406 -32.277445180743584
4.210758998709315 0.5349164330408831 2.233086453781453 -32.27837722778029
4.20069444584865 0.5362028921353917 2.23036447397237 -32.279126127165505
4.190667109931714 0.5370833479922452 2.227638892751757 -32.27971017289325
4.180671238898504 0.5375996697528855 2.224970351476142 -32.280076511909286
4.170700529013533 0.5376497303967452 2.222425445178369 -32.280342585255156
4.160748280331983 0.5379635202241498 2.2200883270564806 -32.27981576189146
4.1508077590163595 0.5399911938696889 2.218036772330613 -32.277125992760375
4.140873042155016 0.5431920739392181 2.216282284402563 -32.27291881392366
4.13093914166934 0.5459484627583446 2.214816583133542 -32.26889942597926
4.121001863952435 0.5441788359269304 2.213626467835307 -32.26918436636192
4.111056368949936 0.5423574637335965 2.212792680824558 -32.26944007783489
4.101099664012513 0.5401360107179208 2.2123027103159996 -32.27011297167369
4.0911298875662325 0.5371345970484839 2.2121054478462576 -32.27167918669315
4.081146212778277 0.5330266676364468 2.2121276531983853 -32.27456258295694
4.071148776666662 0.5297363377149876 2.212284566888795 -32.2769632292556
4.061140356474511 0.5268947533710948 2.212502030709127 -32.27933273172002
4.0511254621517825 0.5247789413698207 2.2127447254247326 -32.28144042604511
4.041109274929901 0.5231995876470175 2.2129821456569774 -32.283501856291174
4.031097292162617 0.5221389760836357 2.2131823064338914 -32.28553991867453
4.021095206915821 0.5214238343151356 2.213312079738309 -32.28771464317754
4.0111086832111384 0.5213507333929079 2.2133355005440243 -32.28968937765207
4.001143184178183 0.5221056388468215 2.213219452039619 -32.29122444702181
3.9912038683592996 0.5237568542223676 2.2129318269011997 -32.2921885393131
3.9812954145332955 0.5259048465013089 2.2124366049586106 -32.29292518347319
3.9714219822931813 0.5286265986659183 2.211695099039505 -32.29328342867655
3.961587228818342 0.5333255736945575 2.210682409351346 -32.29173874576335
3.9517942526817276 0.541795939282348 2.209403993169034 -32.2863578783135
3.9420453440240344 0.5510362475221496 2.207832286417046 -32.28018406340773
3.9323426527978125 0.5577004736392625 2.2059486651218236 -32.276607118895036
3.922687781468358 0.5611844520343949 2.203784069983852 -32.276146220975065
3.9130808256254634 0.562698116363757 2.201422865659131 -32.277439898763895
3.903519788056891 0.5640369823758374 2.1989525488024886 -32.27854076440945
3.8940009788329286 0.5651603294091582 2.1964237328073186 -32.279424694385
3.884520048236641 0.5659818374858897 2.1938908902905925 -32.280133218249816
3.8750718662764347 0.56645013829 2.1914076664887085 -32.280691917474584
3.865650651450371 0.5665968723853299 2.1890309494352787 -32.28106320227502
3.856250119726502 0.5665460207318568 2.1868228924626543 -32.281141065201936
3.8468637174702534 0.567366680370287 2.184854673310559 -32.27990226049059
3.837485269200709 0.5696825090787255 2.183166344676407 -32.276804230172225
3.828109446057583 0.5729203727509988 2.181761625648606 -32.27250933129997
3.818731859298862 0.5743386836845943 2.180627949578711 -32.269817583197074
3.809348138134215 0.5725883833176447 2.179791657746325 -32.2701323657137
3.799953836850327 0.5707951960979801 2.1792941257758396 -32.27044469562703
3.7905462930038683 0.5685752259205102 2.1791077193478574 -32.27122598684407
3.7811239856494554 0.5651575771493575 2.1791695496607666 -32.2733268696819
3.771686213148652 0.5612624085463268 2.1793955602016215 -32.27612664361286
3.7622338359519105 0.5580218054588549 2.1797023156118045 -32.27859752043975
3.7527703850163205 0.5552648190095635 2.180033198517354 -32.280971237745916
3.743300412536869 0.5531105222152358 2.180353905704153 -32.28316407124194
3.7338290402607823 0.5514720643310452 2.18063496159675 -32.28528046860329
3.7243616985257324 0.5502694268944891 2.180847655445784 -32.28739963494139
3.714903931233085 0.549461994597061 2.1809615777193994 -32.28954240384943
3.7054612058611753 0.5492547765352869 2.180946562008056 -32.29146469815816
3.6960387556710965 0.5499523484125683 2.1807739699412414 -32.29280742072636
3.6866415046659973 0.5514604783065848 2.1804169387756853 -32.29360969946935
3.677273856071109 0.5533104337340565 2.1798411461605487 -32.29429015601186
3.6679397135485203 0.5558369684746339 2.1790133969623575 -32.294439710219386
3.658642508837757 0.5611845345687041 2.1779246456482575 -32.29178352047377
3.6493851424128625 0.5701821205870016 2.176584605066568 -32.28540124850205
3.64016977446414 0.578617019781774 2.1749559779556216 -32.27957792407913
3.630998276975601 0.5836199825939867 2.1730299948104244 -32.27719383577575
3.6218716607853514 0.5858647133530439 2.1708645619300904 -32.27745244390026
3.6127891347370635 0.5868089792580552 2.1685556206475702 -32.27876402952358
3.6037480813426392 0.587724001703052 2.1661804330268373 -32.27975242617546
3.5947447474474696 0.5884337046447489 2.163791550391181 -32.28054887767555
3.5857746510146895 0.5888536605100717 2.1614466215604824 -32.281206553410854
3.5768325343016802 0.5889967142463112 2.159202862489481 -32.28169708309717
3.567912544496104 0.588958182677117 2.15711780463559 -32.28192584722041
3.5590084033597305 0.5889531002222987 2.1552440431648163 -32.28170366476234
3.5501138102758367 0.5906722736121116 2.1536426478356407 -32.27939796510193
3.541223324025285 0.5933111657463812 2.15231616536424 -32.27588917355369
3.5323321768043465 0.5956806286748714 2.151266760739665 -32.272435110478014
3.523436108332561 0.5947974096526388 2.1504981249151567 -32.272055633012855
3.5145302710251434 0.5931783744634996 2.1500574496573863 -32.272323375983454
3.505611279280424 0.5914019909466509 2.149939331739678 -32.272742412570175
3.496676919585266 0.5891970133343575 2.1500952314245314 -32.27366078441774
3.4877261655385126 0.5858194719389871 2.1504457451023917 -32.275889588580604
3.4787587559354862 0.5826154710510532 2.1508976138692897 -32.278175265382
3.469776605644558 0.5797701058406735 2.151382903833533 -32.280409565818594
3.4607835224978367 0.5771565623604591 2.151855510144233 -32.282762704527826
3.451784019135648 0.5750475566080144 2.152277145704237 -32.284987282794056
3.4427831641787514 0.57335690479152 2.1526167638811105 -32.28717924135316
3.4337862972930497 0.5719937850986326 2.1528462393878165 -32.28942335245435
3.4247988018561832 0.5711998302254868 2.1529380870641535 -32.29145255518071
3.4158259738711716 0.571039713933611 2.1528691404118745 -32.29316649197931
3.406872878092606 0.5717128677496552 2.152618245966802 -32.29431690078342
3.397944208679195 0.5729647118505894 2.152163164422846 -32.29511170001278
3.389044137337043 0.5746527536024219 2.151476514834839 -32.29564036257007
3.3801763467036166 0.577317073859411 2.1505353130213742 -32.29529197791481
3.371344093007992 0.5835605178812929 2.1493507833490133 -32.291335319117096
3.3625500898070113 0.5926342504679131 2.1479315362334837 -32.28448403924608
3.35379628878108 0.5998061707095824 2.1462368950201176 -32.27954064330565
3.3450840088995997 0.6037155973755468 2.1442847447435938 -32.277821669134234
3.3364133435115053 0.6054363641409158 2.142160634678879 -32.27814214749162
3.327782715741028 0.6061872775945785 2.139950003795961 -32.27918076944912
3.319189133438511 0.6067740917333664 2.1377251123512635 -32.28006165829766
3.3106287038983355 0.6071463920553448 2.1355433948405165 -32.28080046159805
3.302096721615138 0.6072933108062453 2.1334647114002028 -32.28138607935748
3.2935877667861027 0.6073349931186356 2.1315494485744253 -32.281690255561294
3.2850958774159755 0.6074481993424807 2.129846516308658 -32.28154753227255
3.2766149142784964 0.6085182723714871 2.128399782794782 -32.2801095924685
3.268139268787515 0.6105194971439742 2.127227079543007 -32.27746261234022
3.259663975744386 0.6128446290803867 2.1263345439010157 -32.27427747710501
3.2511846753820675 0.6139542684115628 2.125727078297989 -32.27214232809489
3.242697004898117 0.6127973498076702 2.1254245981325695 -32.27215081313859
3.234196607881476 0.6113366512244721 2.125440382064035 -32.27241695792537
3.225680646482186 0.6095904354251378 2.1257418126534526 -32.2729881005768
3.217147363712427 0.6071772211852675 2.126257201340224 -32.27430769293072
3.208596078176895 0.6042804178994141 2.126889500290898 -32.27625910137086
3.200027497230888 0.6012546105674013 2.1275608835119746 -32.27856018383911
3.1914441821094814 0.5983959989676062 2.128215635540722 -32.280969349737376
3.1828499505940346 0.5956079956951619 2.128803764929775 -32.28361390277569
3.1742492771007136 0.5931833086879551 2.129282406954927 -32.2862194266487
3.1656471575132423 0.5912842785735549 2.129619434555038 -32.288628159822125
3.157048900163794 0.589933347534781 2.1297930090869763 -32.290809031201455
3.1484598721465527 0.5890791878793423 2.129788881854911 -32.29279364588233
3.139885279698572 0.5889064326873307 2.129595628104276 -32.294363063677736
3.1313300558924864 0.5894825525932804 2.129203556549008 -32.295407702657656
3.1227986746592724 0.5904767188772689 2.1285973447134583 -32.296217563797626
3.1142950591895358 0.5921462577563962 2.127760040359022 -32.296479534428826
3.1058226685202586 0.5955587141478841 2.1266834894093782 -32.295052093277675
3.0973845892485135 0.6024844464728686 2.125392468869001 -32.29007216200455
3.0889833042808426 0.6115558244490571 2.123896422816065 -32.28288996243989
3.0806203829628256 0.6171880054055684 2.1221401921727554 -32.27915910636675
3.072296412367615 0.6197379878550093 2.120171587773618 -32.2784301970868
3.0640105417457044 0.6208537244862101 2.118097766881674 -32.27895197254834
3.055760451898188 0.6213249960496396 2.1159925438722884 -32.27986329651393
3.0475428063715926 0.6216669385333226 2.1139239288248435 -32.28060339218713
3.0393534314892863 0.6218174176920502 2.11195130119843 -32.28121152511103
3.031187393770998 0.6218867458546335 2.1101374189368665 -32.2815648834985
3.0230391390389113 0.6220563042222433 2.108537287520864 -32.2814864051214
3.014902795695845 0.6226365147377838 2.1071910036988672 -32.280691651162826
3.0067726916777717 0.6241278870937255 2.1061261129821007 -32.278728205432024
2.9986438171774052 0.6262834983240528 2.1053511225378005 -32.275898947717465
2.9905117742193617 0.6276478786086725 2.1048686986110208 -32.273703317193934
2.982372117324046 0.627011724444689 2.104694665846056 -32.27338577071557
2.9742202609476553 0.6260681130125147 2.1048421090300526 -32.27331312188104
2.966053019884384 0.6248742060501815 2.1052869303255024 -32.27347832886179
2.957868074879896 0.6231941088628633 2.105972324426072 -32.274168654303054
2.9496641134169286 0.6211193019719977 2.106798284879981 -32.27534466155653
2.9414411184650318 0.61851248818066 2.107668490061816 -32.27720008873334
2.9332005047270924 0.6155204630276516 2.1085249788089704 -32.27964493835166
2.9249450642028445 0.6125179861312807 2.109317692832292 -32.28234245697768
2.9166785756433726 0.6097259805466173 2.10998655562408 -32.28509399686444
2.9084055656047436 0.6073430257573911 2.110488727900948 -32.28771438970441
2.9001310851422097 0.6054384838462465 2.1107986338424585 -32.29013754509698
2.8918604341221186 0.604059682139562 2.1109031359348474 -32.29230787063724
2.883598922488766 0.6032180165831275 2.1107976816842515 -32.294195200237255
2.875351664053359 0.6030184612042762 2.1104820133332627 -32.29566444934835
2.8671234404598125 0.6035655509011705 2.109957160901357 -32.29657218752108
2.8589185110314737 0.6044850074917615 2.1092138508059746 -32.29725616078378
2.850740560446743 0.6062409398078888 2.108244892111813 -32.297198383751336
2.842592839990966 0.6106584213134654 2.1070645355442346 -32.29449275057706
2.834478267473104 0.6188078473913418 2.1057080094935894 -32.28800201250251
2.8263990293592345 0.6267576542006039 2.104153062150334 -32.28169060346173
2.818356093995766 0.6310041280923017 2.1023777433223487 -32.279061554517135
2.810349011759944 0.6329139783375239 2.100470356283505 -32.27865197057448
2.802376026029106 0.633305102870804 2.098512370446832 -32.27957182203298
2.7944342456604017 0.6336343627927449 2.096587159175667 -32.28030212268451
2.786520012387313 0.633812846896474 2.0947509488605456 -32.28090828534781
2.7786288885652746 0.6339215274704744 2.0930659136728496 -32.281293844932634
2.77075576405733 0.6341171687807727 2.0915896725471 -32.281299681704446
2.7628950921078252 0.6344645191884754 2.0903630755021703 -32.280877777584344
2.755041271188994 0.6354357907782215 2.089416367688962 -32.27959136198347
2.747189194251927 0.637276445927686 2.088761292213251 -32.2772417419681
2.7393344296419966 0.6385837269095065 2.0883992406360257 -32.27527032735514
2.731472418513258 0.6387395105394214 2.0883420652578613 -32.27432971490966
2.7235987187799595 0.6382353344342135 2.088598828618052 -32.27396941377611
2.7157096579024467 0.6375231579605173 2.0891530071330355 -32.2737798687013
2.7078024908480587 0.6362818941570562 2.089957638029678 -32.27412070066798
2.6998752267508275 0.6348025263522546 2.090925551599308 -32.2747454747936
2.6919272317291156 0.6330207887307621 2.0919491097975067 -32.27576115658987
2.683959181009743 0.6305994379944952 2.092965475771088 -32.27755146124818
2.6759727583680775 0.6275862579962275 2.093928670992297 -32.28011365801842
2.6679706886429586 0.6244633828877975 2.094788709079734 -32.28299801536998
2.659956695197886 0.6216313616804866 2.0954876835426686 -32.28582443331069
2.6519353542027306 0.619221597317938 2.0959860157528993 -32.288474576036094
2.6439117593267163 0.6172899761657954 2.096265068322193 -32.29089692563408
2.6358912255152385 0.6158619082442705 2.0963199038104303 -32.293059709466746
2.6278790322623875 0.6149624962472845 2.0961534167710596 -32.29492062278526
2.6198802214315804 0.6146737485044999 2.095772177028926 -32.29637012156402
2.611899452743604 0.6150554186152359 2.0951820040026523 -32.29731300134965
2.60394085490773 0.6159911136782902 2.094379452726158 -32.29782739665246
2.5960080024921903 0.6177280078225703 2.093360301721148 -32.29762027336902
2.588104007186072 0.6227396670496775 2.0921581031042686 -32.294133417866554
2.580231757730924 0.6315608871738385 2.0908076074431174 -32.28678214225003
2.5723933195166255 0.6382992491143125 2.0892576193763586 -32.281515388390986
2.5645889588932014 0.6418108132013902 2.0875285125853162 -32.27942214745755
2.556817512535552 0.6432043843132393 2.0857163785834674 -32.279317119978145
2.549076661153881 0.6435206047506191 2.083899174084198 -32.280097084035724
2.541363217898193 0.6437724304872955 2.082151579752864 -32.280706093995434
2.5336733399958744 0.6439330601035755 2.080532086729668 -32.281153007441894
2.526002446042116 0.6441236170672177 2.079102455892147 -32.281306924170956
2.5183453622460976 0.6445195360627454 2.0779108891701044 -32.28099870288306
2.5106966856751325 0.6450702393711732 2.07698754575654 -32.28030283297493
2.5030510914442883 0.6462371656148119 2.076350317072695 -32.27879371953055
2.4954038564270644 0.6474498299239747 2.0760050424100585 -32.27707818259467
2.4877504310744 0.6479891464518944 2.075959163277804 -32.2759075634145
2.4800863126962973 0.6480176293572453 2.0762166467289114 -32.275152195996874
2.4724075602554993 0.6477600887093481 2.0767692884435123 -32.274622999827834
2.464710962426956 0.6471813057863257 2.0775833339479712 -32.274388381809864
2.4569940404138095 0.6460035434869822 2.0785965535120297 -32.27475896082771
2.44925512827803 0.644880612660958 2.0797051116893934 -32.27512064100636
2.4414942279398 0.6431045996563403 2.080825340336909 -32.27621592478761
2.433712103266874 0.6407484373591457 2.0819044636549733 -32.278014298545976
2.4259105788426587 0.6376656378057899 2.0829021675388577 -32.28070151273894
2.4180923029002965 0.6344811309512827 2.0837707863646022 -32.28368254282685
2.4102610184045465 0.6316393954718558 2.0844601390165725 -32.28653335706086
2.402421353748354 0.6292309884884966 2.0849367113048345 -32.28917662709107
2.394578410030122 0.6273042616321803 2.08518848747833 -32.2915689175334
2.3867374654172697 0.6258678673685707 2.085216431453299 -32.29369602510672
2.378903713389054 0.624959156153787 2.08502761357537 -32.29550392891736
2.371082078697657 0.6246631281378061 2.0846314741112986 -32.29688116829397
2.3632770826779295 0.6249730888278703 2.0840342151883124 -32.29780138255504
2.355492713532221 0.6259517911608908 2.083234137730754 -32.298162986523145
2.3477324514206908 0.6279970592594942 2.0822322491814815 -32.29752337300199
2.3399993417127285 0.6334314165481342 2.081067017692882 -32.29348558619928
2.33229627678865 0.642036736974839 2.079765302222547 -32.286233576256286
2.324625160095888 0.6477474083559628 2.0782747290963903 -32.28187684260901
2.3169855291023618 0.6506281802705363 2.0766384565883285 -32.280275183814496
2.309375694258909 0.651704487306389 2.0749476967990077 -32.28033668564719
2.301793000326108 0.6520070020548528 2.073276661522531 -32.28098088899672
2.2942341307802456 0.6522588785219724 2.071694687452208 -32.281454010016525
2.2866951853782393 0.6524921641066178 2.0702618569568805 -32.28171115883444
2.279171588143924 0.6528294918657966 2.0690352369141514 -32.281627141405004
2.271658309082142 0.6533822236262288 2.0680583503891876 -32.28110268369469
2.2641501784128018 0.6540551678951012 2.0673564965599955 -32.28025884943466
2.2566421230388425 0.6550879458902485 2.066945104588327 -32.27888806394866
2.2491295391216903 0.6558448936183123 2.0668313307276613 -32.27765666774986
2.241607852080511 0.6561877954289109 2.067021453541092 -32.27673272492437
2.23407283226469 0.6563232339094233 2.067511943345577 -32.27593937109788
2.226520870310926 0.6562994944679542 2.068281594576486 -32.27525898323222
2.218949025023 0.6557533221970433 2.0692861924731014 -32.275081147118975
2.2113548968761325 0.6547156768411965 2.0704501490012546 -32.27540564636588
2.2037371672288573 0.6538276609332953 2.071665500579936 -32.27562664520137
2.1960962413171012 0.6521476256892265 2.0728717593337396 -32.276716170669935
2.1884328723601434 0.6498839397148329 2.0740218538206467 -32.27850456170134
2.1807488939117246 0.6469628446603239 2.075077464021917 -32.281101255963755
2.173046932704887 0.6438383910835349 2.0759969182787947 -32.28407929035936
2.1653306186733006 0.6410597124582157 2.0767339174523345 -32.28690857013299
2.1576045319258927 0.6387016833261512 2.077254089776346 -32.28952593395057
2.1498737046969683 0.6368149451798735 2.0775449318461106 -32.29188511952705
2.142143340346364 0.6353956080723804 2.0776074337224792 -32.29398491754182
2.134418547011897 0.6344849503433689 2.0774486859885584 -32.29576827364859
2.1267041699633706 0.6341686843962465 2.0770785499308704 -32.297124718297574
2.1190046691499167 0.6345119003304432 2.076504213137705 -32.29795749711415
2.111324026225741 0.6354941476151317 2.0757248454682458 -32.29825191122947
2.10366569541771 0.6376501710692625 2.0747503223251598 -32.297430462320456
2.096032733133927 0.643264699905017 2.073623828969286 -32.29314151760175
2.0884281772867848 0.6513534329177353 2.072364645110882 -32.2863478708212
2.080853781497986 0.6566268002470401 2.0709342529223274 -32.28236039372666
2.073308587019578 0.6590206463278403 2.0693820617571697 -32.28117349339207
2.0657904217705916 0.6600999187314942 2.067806165234375 -32.281154767978926
2.0582964881962535 0.6604714573839324 2.0662733041105477 -32.2816602974073
2.050823333000648 0.6607891426781456 2.064850359171295 -32.28201138477552
2.0433670037671123 0.6611636985831283 2.063597101492457 -32.282087542151764
2.0359229598862685 0.6617164687561216 2.0625637163072663 -32.2817701880419
2.0284863345106325 0.6624225868542464 2.0617890071554106 -32.28109995476456
2.02105211335104 0.6632303247707863 2.0612947238534725 -32.28015262379522
2.0136153929059493 0.6639560892157131 2.0610931585277745 -32.27913928136908
2.006171448248725 0.6646039288144288 2.0611924793868397 -32.27808534108751
1.9987159583567744 0.6651060953807202 2.061592216307413 -32.27708588575041
1.9912449974452788 0.6654309097879703 2.0622828781883067 -32.27619853730688
1.9837551030401142 0.6655443908499512 2.0632332571467327 -32.27548353336519
1.976243448489611 0.665101737527782 2.0643896062874565 -32.27530874179183
1.968707773545689 0.6642877725269755 2.065667289097731 -32.27551755078057
1.9611470739661798 0.6635922979759451 2.066961702751768 -32.27565058427577
1.9535619458766802 0.6620630753188597 2.068227093976726 -32.27668628112183
1.945953078341768 0.6598892436237337 2.06942274593513 -32.27847075177361
1.9383221842546394 0.6571332898748456 2.0705120080120536 -32.28097563252776
1.9306718332593211 0.654093032434064 2.071460196378635 -32.28392955678169
1.9230054990261514 0.6513477041123121 2.0722269970218146 -32.28677277500435
1.9153276487210622 0.649016806289724 2.0727788083905985 -32.2893974317873
1.9076432263596892 0.6471491775548445 2.073102078109298 -32.291759455754125
1.8999573537460241 0.6457400702308304 2.0731973535426667 -32.293859540286945
1.8922750643087263 0.6448211889540606 2.073071536546033 -32.295651710518165
1.8846011388305104 0.6444781490158933 2.0727342894702105 -32.29702726511287
1.8769400005443906 0.6448803591950126 2.0721935141773726 -32.297786134531655
1.8692956835312062 0.6458391971580735 2.0714478422602594 -32.29808559228357
1.8616716190741245 0.6478684862300146 2.070512367874537 -32.29737235991712
1.854070866648254 0.6533717774891432 2.0694336670941227 -32.293180477473165
1.8464967362847025 0.6609845504671713 2.0682270391807194 -32.28685848796415
1.8389509569561966 0.6662613470215211 2.06686805308801 -32.282855618690036
1.8314323262493355 0.6685881815568812 2.0654016985767054 -32.2817253709015
1.8239382357445761 0.6696805502134459 2.063929766288566 -32.281687977346905
1.8164657424508486 0.670172976022272 2.062522445226549 -32.2820754185966
1.8090113365465992 0.670652236562923 2.0612468210301897 -32.28228020107429
1.801571063161707 0.6712312015417815 2.06016030508878 -32.28218278910061
1.7941404464858648 0.6720054640400477 2.059309108078743 -32.28169370622188
1.786714743643033 0.6728956976726226 2.058725310500946 -32.28090827329533
1.7792890493900437 0.673825677368911 2.0584255471996387 -32.27992516800218
1.771858558110834 0.6746878263539413 2.0584195495654134 -32.27887742651767
1.7644186766411831 0.675505448238355 2.0587106595893454 -32.27776841298867
1.7569652309513497 0.6762201393790694 2.059292824738521 -32.276681303292705
1.7494944484595323 0.6767771303267718 2.0601468634414606 -32.27569449247832
1.7420030270036377 0.677018201410581 2.061233321447006 -32.27498876824297
1.7344882113027917 0.676726507605015 2.0624885354689644 -32.274802535781376
1.7269479575628346 0.6761647570014764 2.063822106578587 -32.27489883536736
1.7193815782750703 0.6756088393726091 2.065149853944217 -32.27502783924986
1.7117896596380011 0.6741950953967827 2.0664335401046245 -32.276076217039304
1.7041727673187101 0.6721316803889137 2.0676359039204626 -32.27786945035153
1.6965325102709927 0.6695337647605378 2.068723900612077 -32.280325522365004
1.6888713638868569 0.6666963611174502 2.0696687910245912 -32.28317640799898
1.6811927162729943 0.6639904244046941 2.070438895263378 -32.28607097009893
1.6735007890233002 0.6617057216656212 2.0710050864863008 -32.28873149749793
1.6658004031629015 0.6598784137313047 2.0713507397077495 -32.291126420843256
1.6580965584700789 0.6585110493719869 2.0714737490837734 -32.29324961567168
1.6503941873211931 0.6576193746697462 2.0713790128570864 -32.2950723102289
1.6426979841017575 0.6574143771401905 2.0710744113768196 -32.296360893589394
1.635012412082486 0.6579265772933901 2.0705657995232305 -32.29705719147871
1.6273415088402634 0.6589040446844652 2.0698562352817524 -32.29738423311144
1.619688641352106 0.6607748174603311 2.0689635495845136 -32.29687770274687
1.6120568249768086 0.6661985669104251 2.0679371884383304 -32.292818184202375
1.6044497847223727 0.67333437372804 2.0667863555395702 -32.28703636727813
1.5968691828650967 0.6781905594142272 2.0654947778502892 -32.28351625505175
1.5893134167832315 0.6808379482188659 2.0641194550682553 -32.28212174577381
1.581779861253055 0.6821527455124414 2.062749168106813 -32.281926922644445
1.5742653408161236 0.6828807644146326 2.0614604040423044 -32.28215430309828
1.5667662811838141 0.6836272923846347 2.0603232386784356 -32.28218047386817
1.5592787786625641 0.6844825189856727 2.059392311807445 -32.281912302323285
1.5517984717008557 0.6855256016237923 2.05870964159021 -32.281278294461515
1.5443207718898528 0.6866658295928515 2.0583007394380153 -32.28038486672884
1.536840926285291 0.6877775688006735 2.058177768545924 -32.279378422761496
1.5293542289165356 0.6888490902534204 2.0583472994129126 -32.278294457886616
1.521856265643334 0.6899094259600678 2.0588061897602437 -32.2771282518482
1.5143430514890919 0.6909070972868584 2.059541775978031 -32.275954247400485
1.506811012302513 0.6917063074973866 2.0605259112740626 -32.274929764397776
1.4992569796935027 0.6920476212608605 2.0617109404511478 -32.27433298704275
1.4916782378236528 0.6920083551250469 2.0630231612869947 -32.27410797467853
1.4840731325251344 0.6917850288705852 2.0643738876337894 -32.27408140070816
1.4764412507822302 0.6914599467817479 2.065698161051331 -32.27419314344309
1.4687831067597779 0.6902231278920983 2.066964819717426 -32.275273427156925
1.4610990698235435 0.6883595838086017 2.068139280879171 -32.27706969205245
1.4533906568235948 0.6860081931085894 2.0691928698573996 -32.279475710312724
1.4456602349614092 0.6834674220719175 2.070102114155207 -32.28222021326045
1.4379110994707056 0.6809291674655675 2.0708427962987863 -32.285130852857755
1.430147200597854 0.6787837301282696 2.071390550740883 -32.287829497348014
1.4223731940901536 0.6770937091095087 2.071726206027513 -32.29025759435984
1.4145939411253163 0.6758658577121368 2.071843843427346 -32.292404821185734
1.4068142559700294 0.6751035506517767 2.0717454720733546 -32.29425560611389
1.3990387308654804 0.6751695932465077 2.071436684278683 -32.2954249320401
1.3912719298843286 0.6758978583431747 2.07092043985918 -32.296054368135174
1.383517865306926 0.6770734591189637 2.0702060631444876 -32.29633157137745
1.3757798694340628 0.6789440167827888 2.069314213215484 -32.295976525817004
1.3680608572647737 0.6844481412534867 2.0682984160620452 -32.291993796128594
1.360365145755963 0.6911281394995766 2.067159354506992 -32.28683651137628
1.3526941544301414 0.6955393440073012 2.065890377415672 -32.283929794781535
1.34504576698397 0.6986356746995732 2.064564331352906 -32.28225029559299
1.3374176075102846 0.700304042656985 2.0632561486115257 -32.28187533304047
1.3298061384358328 0.7013772584563472 2.062048728287237 -32.28194229649426
1.3222076627347994 0.7024973978892324 2.0610155609763887 -32.28179389920163
1.3146183476968074 0.7037355686834984 2.060206940665695 -32.281359555699524
1.3070339687232397 0.7051403792097446 2.059658847257247 -32.28059962909048
1.2994500998521197 0.7065889886493522 2.059391269857302 -32.27965292412806
1.291862123060402 0.7080211090226347 2.0594129545999222 -32.27860003889852
1.2842655273611427 0.709423066597382 2.059724109242416 -32.27747703388839
1.2766561004735244 0.7108571113076325 2.0603158852787313 -32.27624433018938
1.2690301018079035 0.7122609178690839 2.0611680938453563 -32.2749866092359
1.2613841953825162 0.7133690685842875 2.0622444346678557 -32.27398831102778
1.2537152802236837 0.7139426180378209 2.063487854419543 -32.27350414994973
1.2460207441956606 0.714288124891819 2.0648176653091084 -32.27324786001035
1.238299371322424 0.7144879764327225 2.0661557304207188 -32.27315818774146
1.2305509147183842 0.714546850230204 2.0674506342045595 -32.2732490691782
1.2227758347845947 0.7136810360064482 2.0686755707936864 -32.27432178347086
1.214974272702222 0.7121941160375216 2.069798856572007 -32.27610361881894
1.207147591939727 0.7102676543575769 2.0707951617663336 -32.278445444692665
1.1992980281905725 0.708196244524467 2.071645151967844 -32.28107989998476
1.1914287660230256 0.7061517194816623 2.0723287669351973 -32.28385461830854
1.183543616215887 0.7043299235735957 2.0728269557848202 -32.28658531733285
1.1756469005779446 0.7029488271872555 2.0731234897493693 -32.28905781493457
1.167743319209851 0.7020400919317801 2.073207159022255 -32.291236251485095
1.1598375690059626 0.7017742451918527 2.0730745783741913 -32.29293775041096
1.1519343416821344 0.7023163853989283 2.072726558402635 -32.293977335115954
1.1440382067900816 0.7034654939340804 2.0721703518494694 -32.294533699589415
1.1361531250460681 0.7050561357422177 2.0714195473932295 -32.2947463865206
1.1282823980181362 0.7072208111018956 2.070496812120753 -32.29445346435842
1.120428863993236 0.712933597806987 2.069456161694511 -32.29062959179317
1.1125975808447273 0.7191284811618397 2.068288700744405 -32.286339836389814
1.1047894142800931 0.7235719482855008 2.0670058678014285 -32.283782633389116
1.0970021203857796 0.7271187670947509 2.0656815638869106 -32.28204054322447
1.0892334173136513 0.7293325044500067 2.0643871808043595 -32.28152041945996
1.0814795005843387 0.730990006427802 2.0632068336573477 -32.28141905574756
1.073736621589922 0.7327064125359815 2.062212088176563 -32.281109922554066
1.066001120887614 0.7345581963310936 2.0614502187360007 -32.280520340869316
1.0582690352635375 0.7365325267856778 2.0609537242085065 -32.27967459845095
1.0505361646279527 0.7385351438471915 2.0607412769148303 -32.27868384678604
1.042798130439591 0.7405325339204195 2.060818365974998 -32.27760220213299
1.0350506884616728 0.7425428977765889 2.061180977143225 -32.2764335812071
1.0272899344040531 0.7446124260194215 2.061814296142385 -32.275154581129065
1.0195124330354095 0.7466544684511041 2.062691966856797 -32.27387394036953
1.0117150897647682 0.7482663606990254 2.0637707918619053 -32.27301016026431
1.0038947575153627 0.7494760852655326 2.064985576670655 -32.27255002113017
0.9960492147173513 0.7505260784858147 2.0662545964620396 -32.27226960163255
