7.820251401486495 0.19339712016242808 1.1534203892086974 -27.38623356088877
7.739948274869157 0.20192918508809243 1.1494772617022226 -27.378442938296885
7.659605344335602 0.20796144352071938 1.1456580958660467 -27.373221205767223
7.5792558561900485 0.20991424452460417 1.1420823897288959 -27.372170464525595
7.498923022920046 0.21092679692027677 1.138920568117883 -27.372176176032895
7.418611498553694 0.21181989971515525 1.1362807809345221 -27.372454168014478
7.338312485541959 0.2121981159584838 1.1342679474809614 -27.373459016645313
7.258011693063519 0.212402178314455 1.1329891003312584 -27.37493639420994
7.1776888230535 0.2140750188732088 1.1325240172161932 -27.375347161333316
7.097319352775485 0.21741133026822876 1.1328959669700094 -27.374633740073087
7.016880889748075 0.2211504670506013 1.1340760383915078 -27.374238468199188
6.936361976943929 0.2249632487774505 1.1359851038717477 -27.374655888482778
6.855763832435644 0.22816330380204514 1.1385585585389328 -27.376714896490064
6.775083509064356 0.2307183887920129 1.1417831675785262 -27.380543555922756
6.694308367662401 0.23294821828969578 1.1456889034538358 -27.38589947881931
6.613413376870516 0.23511221553914835 1.150297903340155 -27.39258506101283
6.532365614735139 0.23795706549083762 1.15558624800372 -27.399836459863877
6.451127995243593 0.24233729780626262 1.1614924978991559 -27.406710690166427
6.369664498950297 0.24823768922097597 1.1680049810322481 -27.4131718071689
6.287940684347678 0.25571809665070105 1.175078477544231 -27.41906503352711
6.205926307553837 0.2646101522048718 1.1826641303170324 -27.424457660898888
6.123596551798827 0.275165188123151 1.1906512964349785 -27.42890309047933
6.040934543920197 0.28831155359354965 1.1988209270849743 -27.431118473368166
5.957935530138448 0.3059378775659968 1.206792580098006 -27.428638101017917
5.874609745612584 0.3235190372893084 1.2150296577016486 -27.426449368680316
5.790949769369018 0.3412191945274637 1.2235243524514623 -27.424062234414386
5.7069451292323965 0.35891777307515965 1.2322683976955509 -27.421302394447025
5.622571441815324 0.374674364952123 1.2414399846010653 -27.42011113044068
5.537790485814786 0.38780641828119905 1.2510486980828524 -27.421015117755097
5.4525922273776635 0.39928449135944 1.260913814828943 -27.422744529364657
5.366995397768718 0.41342362951332706 1.2704246018687841 -27.420420226965476
5.281040844523967 0.4272138169941301 1.2799435525533776 -27.41747233974403
5.19475698212418 0.4389628391944821 1.2896679033775393 -27.41580629765931
5.108167831083812 0.4481084769625908 1.2996507859002704 -27.41606916579103
5.021296714759538 0.4555055308368782 1.3097577885551661 -27.417393578720315
4.934169529663854 0.4606601437448688 1.3199941653310565 -27.42040062559473
4.846814726250363 0.4719026934832987 1.3292911903814935 -27.416365244709418
4.75928066888793 0.4817308553482149 1.3385297207864206 -27.41344571347365
4.671593107337395 0.49132091996784216 1.3475354561958803 -27.4105217142097
4.583771263396194 0.5013670516134303 1.356246249963736 -27.406981641468583
4.495822831746015 0.5109350107839967 1.364732062436734 -27.40388933770715
4.407752272693123 0.5195913704545208 1.3729808371172438 -27.40176049180443
4.319564257227505 0.5273361317077674 1.38095365076229 -27.400643108388167
4.231259406341459 0.5343926190008931 1.3886469632071674 -27.400332132858452
4.14283335568213 0.5410769775985294 1.3960629474480182 -27.40050651684924
4.054277674407254 0.5476061974588642 1.4032108013783438 -27.400931675423948
3.965581784730445 0.5540738019359324 1.4100980589061363 -27.40149061221142
3.8767347763849074 0.5607430246417993 1.4166999307289323 -27.40188270392448
3.7877269924935897 0.5675074610860016 1.4229979604283067 -27.402190001758484
3.6985512121889705 0.5744545752644905 1.4289655676882271 -27.40229127979947
3.6092006532688696 0.5815585541646938 1.4346080093544036 -27.402181036857954
3.519669135450121 0.5885755764532261 1.4399704871204466 -27.402081452755112
3.4299505679717632 0.5955852767756314 1.4450991753625158 -27.401880040345603
3.3400399377788306 0.6032948714167665 1.4500063973543444 -27.40081396955076
3.249934550460637 0.6116191775840512 1.454772399232436 -27.398946651768064
3.159636100497264 0.6206463778596862 1.4594603176195176 -27.396170031163052
3.069151859259274 0.6298983736813032 1.4641418754566258 -27.392970432626193
2.978492912397856 0.6387313564910505 1.4688701833816546 -27.39001299561292
2.887672555266444 0.6465415704207885 1.473678447400393 -27.387929757297492
2.796703796852555 0.6533090346818 1.478530015978423 -27.386758898917677
2.705597829327714 0.6591568960304296 1.4833447723982076 -27.38639350067279
2.614365088486967 0.6634672808619771 1.4880523858354742 -27.38748254961569
2.5230154201001085 0.6676637077545103 1.4924285362906997 -27.388598797566658
2.4315629593031014 0.6722230120747851 1.4963360105007495 -27.389299087755468
2.3400207516955964 0.6765438641217493 1.4996854093681402 -27.390226318795996
2.2483988171491522 0.6806394370618891 1.5023657614440489 -27.39138772256132
2.156706692084221 0.6847810975040903 1.5042779373906396 -27.392526286250742
2.0649543837660502 0.689101651327042 1.5053557689280372 -27.393527258118866
1.9731533250864162 0.6936741587677816 1.5055679454760356 -27.394342086344835
1.8813165130216807 0.6983964526037555 1.5049068198617022 -27.39510722774709
1.7894583251958498 0.7033137136086985 1.5033769909428891 -27.395820877815268
1.6975937035152326 0.7086128649306872 1.5009980525469562 -27.39634820223639
1.6057381763616223 0.7144773083731466 1.4978017174517149 -27.39656979923965
1.5139083393382256 0.720914115743288 1.493821558919886 -27.396559842555625
1.4221210213330369 0.7276297985583209 1.4890836613772187 -27.39670881476497
1.330393332230161 0.7352152686169656 1.4836279118950835 -27.396544709577753
1.2387428473386994 0.743659533299548 1.4774669705664114 -27.396226851962233
1.1471904553156635 0.7527798161331246 1.4705841945457008 -27.39614182774416
1.0557607545925591 0.7631100654664464 1.4629547048449152 -27.396035137177442
