7.997772870028313 2.357321150530207 1.203735449224451 -30.907839675572276
7.940933191447781 2.3560305447764964 1.1998997461028382 -30.907574355797465
7.884089340385192 2.3537641626410655 1.1969697633602812 -30.90823033962016
7.827237365800161 2.3511935144824 1.1950447416868117 -30.909150221833457
7.770368683565788 2.3492046644218183 1.194115495959612 -30.909474414410177
7.713475324688746 2.347669181689456 1.1940722639216215 -30.9093576558845
7.656556130374376 2.3463598231198914 1.1947540995105346 -30.909057854640366
7.599613831886219 2.345957700516852 1.195955372743983 -30.907922700374797
7.5426530523227715 2.34508719892945 1.1974901574877936 -30.907348591845057
7.485679846932052 2.343445323396984 1.199114617933662 -30.907649620512593
7.428699964117962 2.3422874737402672 1.2005106512602783 -30.907604930538895
7.371714247050956 2.3448772107818368 1.2013316731472141 -30.903993304917094
7.31471892717356 2.3472942427776458 1.201347257661705 -30.900800370899148
7.257715901671183 2.346006771111237 1.200255276855735 -30.901632777356383
7.200717275397586 2.341937902473681 1.1977185137449295 -30.905583678127485
7.143737596675441 2.335348891434311 1.1934643711794544 -30.91240672229292
7.086789422145583 2.328577798432969 1.1873754250612076 -30.91974025870286
7.0298837107958905 2.3224124194549214 1.1793836619305942 -30.92679038696403
6.973032585145703 2.3176540453588568 1.1695059724954315 -30.932740419520485
6.9162494880895355 2.314762700622504 1.1578191312587445 -30.93711231201746
6.859549625001965 2.3129541076440985 1.1443240635209968 -30.94069730824205
6.8029500482164424 2.3134019257161835 1.1293354315173645 -30.942263175454272
6.7464673899715155 2.3192810393420604 1.1136392935117319 -30.93848302794067
6.690113476161538 2.3249634687367298 1.096623050066702 -30.935165843911577
6.633911139952206 2.331867107917973 1.0789261001008117 -30.930832523652285
6.577879080598344 2.345792061256674 1.0621190106692844 -30.919442623056533
6.522018983571507 2.3561176051920194 1.044561166185094 -30.912187084487513
6.466347341000158 2.36110969338865 1.026395548785789 -30.911001409886566
6.410877274841307 2.365663642898932 1.0091461599854563 -30.910873646041466
6.355598881197663 2.371941417453215 0.993708034727713 -30.909629628817505
6.300493495405804 2.379071011589252 0.9802303950877074 -30.908252493059138
6.245545644334875 2.3869596283950303 0.9688706509693893 -30.906845387001056
6.190742195631714 2.39543122204045 0.959696430206077 -30.90557552121284
6.136071361248626 2.404204421102776 0.9526989698011905 -30.904687529687017
6.081522517781402 2.4129658679541657 0.9478079636388584 -30.90442512395746
6.027085856718439 2.421703027443322 0.9448998766179272 -30.90466155228932
5.972750931461329 2.431812758266684 0.9437645623957565 -30.9036533381094
5.918505892666089 2.442677059482667 0.9440893476175766 -30.90187499207112
5.864344442537931 2.4531928053380767 0.9456035921624827 -30.90026419251975
5.810265291818789 2.464287345853034 0.9479829694537402 -30.897482657299186
5.756264145588187 2.4752206141108566 0.9509094234335697 -30.894115402953233
5.70233682216863 2.4865519726903518 0.9539337534324436 -30.889405955226472
5.64848265724779 2.496899710896944 0.9566196959981321 -30.884817104660534
5.594705874774546 2.505112201213989 0.95845331858158 -30.881667111735666
5.541005113696442 2.511281527977032 0.9588972077879498 -30.88002218359761
5.4873767286895365 2.5124592130146883 0.9574377266070779 -30.88310824125564
5.433818616373047 2.510338370029825 0.9535275450964079 -30.889224281793446
5.380326584429824 2.5070216895290534 0.9469272532342196 -30.89622900649144
5.32690239143856 2.5028168427829516 0.9376231207315179 -30.903865468872596
5.27355168607091 2.494813089002021 0.9254215380736032 -30.915244226426026
5.220284794801104 2.487611171003254 0.911010083241124 -30.925599970438782
5.167108545054397 2.487617343001058 0.8956688612541707 -30.92826736080046
5.114021932385034 2.4907297542626456 0.8792990305403796 -30.92752327104334
5.061026199936399 2.496509508622648 0.8623661781458242 -30.923894984303175
5.008125738974756 2.5129779862806667 0.8468658783957702 -30.909222717208515
4.955321233177756 2.520050837783777 0.8295878029185374 -30.90455353659226
4.902640399966491 2.5228084609159676 0.8119484915400808 -30.904979741938583
4.850095845619794 2.5264133750577638 0.7953803226801395 -30.905496250405548
4.797688617200508 2.531536383720653 0.7805087456164097 -30.90575919902635
4.7454142994254545 2.538377042640198 0.7676304973538562 -30.90575336396278
4.69326765615531 2.5467191018084905 0.7568574224779288 -30.90583675635827
4.641245044396088 2.5569437505043577 0.7482939258561363 -30.90562640761761
4.589344952806695 2.569076177942478 0.7419260289981054 -30.905033515120827
4.5375670154916525 2.582808061968925 0.737656676100798 -30.90426413316169
4.485910992708253 2.5975677832610042 0.7353453475669458 -30.903766951357113
4.434377705220263 2.6134337074232326 0.7348092971670296 -30.90314278368634
4.382967167395701 2.630548761651545 0.7357700569418973 -30.901835972772155
4.331678262474195 2.6484575652394957 0.7378983371584942 -30.899961169338226
4.280511194194349 2.666857499985761 0.7408022972924794 -30.897410538246596
4.229466294771228 2.6826800912463096 0.7441949283703755 -30.897380088340597
4.178547978994076 2.6986567300947506 0.7475076357550786 -30.89623137332722
4.12775824521021 2.7144482666859577 0.7503079285602866 -30.894252561516225
4.077093046865289 2.729253885623875 0.7521970323630871 -30.892340793491208
4.026545401066917 2.7426261617630963 0.7528184610244444 -30.890938072741775
3.976107575841309 2.754218573655889 0.7518578536488272 -30.890402403420957
3.925771666490496 2.7641764290796 0.7491007374094328 -30.890573420960436
3.8755296335716967 2.7726511777430867 0.7444685505693047 -30.891284723368756
3.8253738582744186 2.7794910278800558 0.7379754525622261 -30.892720457475086
3.775298261458907 2.7838317278576175 0.729668389229657 -30.89585725219724
3.725297693974603 2.787579849077661 0.7199011411669465 -30.898670622063058
3.6753655305161095 2.793156423285085 0.709267207101707 -30.898718818169776
3.6254958660038055 2.7995710082866765 0.6981428700239319 -30.897299452915426
3.5756873053039193 2.8044244139915664 0.686713454113829 -30.897102409764898
3.525939842674033 2.808136134496776 0.6754419091123528 -30.89771948574009
3.4762487008035627 2.811433612904603 0.6648717730732637 -30.898442922874743
3.426606245734507 2.8143041010233647 0.6553656030617211 -30.899475948518685
3.377007969051507 2.8171651232091977 0.6471880135497894 -30.900617177223268
3.3274505616345764 2.820510217592226 0.64046167187096 -30.901590611549302
3.2779323219930316 2.8244905748096705 0.6351620418908521 -30.902432883474127
3.2284536788182394 2.829258040867045 0.6311932179890802 -30.903105616969363
3.1790167595128715 2.835083568288003 0.6284102400686924 -30.90337619731178
3.1296245950853847 2.8419966557614935 0.626618690834309 -30.9032172816377
3.0802809803399165 2.848917486841826 0.6255663564122076 -30.903749306480854
3.030990752446248 2.855815109819582 0.6249799831399191 -30.904909027070147
2.9817580787879017 2.8622642616192677 0.62460797680168 -30.90707599789129
2.9325868874122367 2.868814604216785 0.6242458982154729 -30.909652292150433
2.8834803544966303 2.8768618483042454 0.6237153305285428 -30.911098522575486
2.834440617497149 2.8850214332654684 0.6228864740564533 -30.912920473217746
2.785471282264675 2.8940619839741073 0.6216529138618623 -30.914124297562786
2.736574026352983 2.9033134452081404 0.6199363675959664 -30.915312422017557
2.6877508282249605 2.9126147876467794 0.6177000599286577 -30.916550380514252
2.6390028028554133 2.9220900921782698 0.6149712126712777 -30.91763052725726
2.5903302155744146 2.931912532670976 0.6118303502130202 -30.918301851446437
2.5417327157778926 2.942402976160966 0.6084125249807352 -30.918151376896134
2.4932094702611107 2.9539838503322606 0.6048891594895716 -30.916632096735277
2.444758576284258 2.9631220950273796 0.6013108120697076 -30.917525443204994
2.3963782984424267 2.9712165154253025 0.597848969683683 -30.918989595121566
2.348062984607468 2.978472283570009 0.5946367145521366 -30.920545706775783
2.299804827246533 2.984991997812041 0.591793503243617 -30.92188340510372
2.2515950634416217 2.99064767247068 0.5894127807248204 -30.92297397079667
2.2034246679751863 2.9956943941654464 0.5875619829517343 -30.92342068767924
2.1552843635872034 2.9998619345335014 0.586260742029755 -30.923438216618827
2.107165111039796 3.0028670887835847 0.5855000450353635 -30.923290796245837
2.059057954754151 3.004527320617713 0.5852471494144986 -30.92318327502899
2.0109540867825118 3.004901959521151 0.5854502628325744 -30.923132759278374
1.9628451829659308 3.0045833739012218 0.5860363468965422 -30.922687792911205
1.9147239619400251 3.0045480953961845 0.5869075376542817 -30.921068972987193
1.8665847275777725 3.0035390473382497 0.5879782165156795 -30.91970311392984
1.8184225156324354 3.001969661267166 0.5891449801317119 -30.918393791265537
1.7702338311916141 2.9994289706114947 0.5903316334244478 -30.917750630538755
1.7220163426356274 2.996239647868868 0.5914665032530184 -30.917685407153016
1.673769262387445 2.9919845950070783 0.5924764992942243 -30.91884822533566
1.625493164555067 2.987262949967582 0.593247998510655 -30.920893421483854
1.5771904639021606 2.983775452357844 0.593667810205821 -30.922400148499783
1.5288659995051916 2.9817484162447885 0.5936706726907129 -30.923310053932212
1.4805257837650512 2.9812067679584766 0.593213737683042 -30.923689318752565
1.4321765116710412 2.982097437334632 0.592275184841844 -30.923627923268306
1.3838251667755366 2.9837625717820977 0.5908482835452721 -30.923763511326236
1.3354783654652433 2.98595174438252 0.5889499358531949 -30.924265527059482
1.2871420012845756 2.988481050703222 0.5866265032595027 -30.925192393553672
1.238820912292924 2.9919096671132976 0.583970040369007 -30.925817325569696
1.1905188495018342 2.997688508917484 0.5811622563866032 -30.92452509651371
1.1422387646328338 3.0075752937497566 0.5784233301220416 -30.91941698432865
1.0939829707949715 3.014800375761885 0.5757155488092655 -30.91739959703075
1.0457516798416062 3.0197257253402383 0.5732456105799181 -30.91791702050316
0.9975442071593298 3.0244853557064824 0.5712808993134857 -30.91862408861445
