8.055819140543022 -2.6944046413784744 0.911125792322597 -18.33618430238188
8.014306813243733 -2.686332023915993 0.9096976824231647 -18.333976993619984
7.972832205569986 -2.6753992717030672 0.9086442114166372 -18.329012101817845
7.931409323503175 -2.666531035660905 0.9079238876595386 -18.32632374509459
7.890046328692063 -2.6610413117106515 0.907512630765048 -18.327038611373908
7.848743320747647 -2.6554766694611245 0.9073563441352485 -18.327159341074257
7.807490862051967 -2.651252661338663 0.9074071824435347 -18.32785453502258
7.766279987290377 -2.6476040852707787 0.9075654285668876 -18.328060284808338
7.725098914844131 -2.6443331279658935 0.9077110916980984 -18.327385328768003
7.683933976624889 -2.642349731675421 0.9077329099599994 -18.326591614416564
7.642768560209198 -2.6423092690375682 0.9075340178897818 -18.326203606596422
7.60158432314449 -2.6454169662392926 0.9070263658274867 -18.327313161270105
7.560363592183817 -2.650637196259626 0.9061037217353649 -18.328894352079736
7.519089300625594 -2.657563703542142 0.9046756813956771 -18.330610772472767
7.477746317732182 -2.6659840954180907 0.9026352567373871 -18.332339895857636
7.436320916920073 -2.676211614170874 0.8998513462794759 -18.334449730564174
7.394799998409141 -2.6880653912235752 0.8961975757477871 -18.336842149635494
7.353169551915326 -2.7014604190071596 0.8915515643350892 -18.33950803730913
7.311415071834237 -2.7165325462812 0.8858131748864866 -18.342640715811413
7.269520822314023 -2.7341884605801208 0.8788887286538392 -18.347119167192467
7.227469151922024 -2.7528195152345467 0.8708666924962521 -18.351657507876197
7.1852421219875655 -2.769909154340224 0.8619796091856785 -18.35426615319473
7.142826400186639 -2.7844608699459865 0.8524223462091025 -18.354278364789522
7.100213987196156 -2.797684368046384 0.8422579052705582 -18.352919687817753
7.057398810303501 -2.81073041954951 0.8316053294096012 -18.351312346736727
7.014371934039253 -2.823643967071326 0.8206677264739684 -18.349589276651805
6.971129123227275 -2.8360409678563534 0.8096443627993835 -18.347494092927555
6.927672276637918 -2.8501578468633677 0.7984747196440134 -18.347055799339493
6.88400583956472 -2.8688157709095394 0.7870612329636663 -18.350831165755743
6.840134670392137 -2.8865334894402843 0.7760625174122762 -18.354134940398147
6.796080063575986 -2.9010976424136232 0.7657791829008709 -18.355080011658615
6.751865666285015 -2.9148318792001597 0.7561091472040963 -18.355693179363485
6.707504421781877 -2.928417541707405 0.7471036607204458 -18.356524867995468
6.6630046869440696 -2.9417040510279526 0.7388588064035206 -18.35739006319144
6.618373280342943 -2.9546235090301174 0.7314338560049949 -18.358181524207623
6.573616355271414 -2.966839383776008 0.7248687038145546 -18.358557872252895
6.528739897554899 -2.977858036204412 0.7191634288361437 -18.358028373057294
6.483750694666475 -2.9880212106896775 0.7142440179176865 -18.356836032142567
6.438656583442455 -2.9982703992933795 0.7100015833339774 -18.35573820945457
6.393463434930275 -3.00980884158271 0.7063541899991076 -18.355671585105675
6.348173482398557 -3.022807135588806 0.7032421742660969 -18.356617716922237
6.30278400768217 -3.036496521195198 0.7005936967209855 -18.357726114980686
6.25728826243216 -3.0501647156806806 0.6983465407371746 -18.358262825133927
6.211678565860192 -3.064104914105523 0.6964566505252734 -18.35845267703565
6.165947955710733 -3.078294387008465 0.6948987445808796 -18.35827356335971
6.120090542547114 -3.0928996001852074 0.6936411086845973 -18.357876310238403
6.074101322407077 -3.107925041995919 0.692650130542045 -18.357281122931518
6.027975935603615 -3.1232303877207928 0.6918928760649597 -18.356397232574814
5.981710947422284 -3.1390450096320364 0.691336435351898 -18.355463489536028
5.935303541393672 3.127816247819797 0.6909432098066297 -18.354532838786774
5.888751164218227 3.110842692552513 0.6906858264236415 -18.35379566741838
5.842050794703349 3.0933775554451404 0.6905509318085393 -18.353203920661606
5.795198463384952 3.07555506309715 0.6905449432002432 -18.35273585238896
5.748190724005637 3.05758054648848 0.6906951613651354 -18.352303022423563
5.701024877835942 3.0397015280190915 0.6910435820612004 -18.351778545909326
5.653698531926502 3.0216509981961277 0.691615538479139 -18.351468897144287
5.6062104698990645 3.0035007528668234 0.69240988985136 -18.351395728752742
5.558560203311037 2.9856017505778154 0.6934134655709526 -18.351336833732503
5.510748763621256 2.9686895302684246 0.6945950666666495 -18.350738478566967
5.462779643581571 2.9523439154840765 0.695927342605739 -18.350028566497585
5.414658129572585 2.9362143352668464 0.697369601103679 -18.349574615089985
5.3663909345447856 2.920390802427475 0.6988696828818354 -18.34935901901764
5.317985407423094 2.904825998151185 0.7003945239086863 -18.34946131292383
5.269449074907422 2.8893238415708504 0.7019301195790159 -18.350073596851303
5.220788940664662 2.8742360094091333 0.7034630440194879 -18.350890373921658
5.172011390826063 2.8596693169004332 0.7050017463482798 -18.35179589183106
5.123122360992553 2.8456303400788863 0.7065672231982055 -18.352748646995188
5.074127256809754 2.8323647536616234 0.7081804858633992 -18.353486079702613
5.0250311284169635 2.819837496538402 0.7098719526488965 -18.353992097579635
4.9758382406357695 2.807862467305539 0.7116788161418479 -18.354384324396435
4.926551315859385 2.796648982867383 0.7136315136527429 -18.354421857328646
4.87717192292729 2.785845693467051 0.7157813831814799 -18.35437182726234
4.827700673747534 2.7751132441412416 0.7181857239444861 -18.354496972424087
4.778137657932498 2.7645462139720847 0.720872383361088 -18.354674623232683
4.728482479906562 2.7541807802646616 0.7238572961945173 -18.354842669640085
4.678734503782062 2.7440873320917456 0.7271372292408691 -18.354913433317186
4.628893030354977 2.734263926970912 0.7306941902355498 -18.354873073235545
4.578957564352223 2.724686356696968 0.7344996843456814 -18.354734432566012
4.528927838841922 2.7153982627824207 0.7385131889668036 -18.354453152167352
4.478803864186387 2.706237105826535 0.7426985854248451 -18.354180457921757
4.428585649660442 2.697159677678094 0.7470097939502166 -18.35396347216127
4.378272660837642 2.688225381034909 0.7513951714510113 -18.35375787930375
4.327864186076104 2.6795093515680968 0.7558044674365876 -18.353497235699635
4.277359551350487 2.67101100587176 0.7601975670440175 -18.35316942231342
4.226758271899019 2.6627223423490234 0.7645428236313596 -18.35275408894642
4.176060020406733 2.654902064169854 0.7688050965720874 -18.351972063930617
4.1252648617471674 2.647520521032244 0.772970125727096 -18.350806971369707
4.074373595462441 2.6401772465712834 0.7770417478724656 -18.349596256618995
4.023387483277987 2.632503837468045 0.7810267570571403 -18.348668938683538
3.9723074004978587 2.6243680923939916 0.7849332474438315 -18.348160919278648
3.9211333972841897 2.6162338658332067 0.7887533343841019 -18.347678346572962
3.8698650254653377 2.608279928936405 0.7924943740457121 -18.347106973382765
3.818502488535156 2.6006861326823327 0.7961524975120443 -18.346344778564855
3.7670473652690055 2.593044206120415 0.799738789614106 -18.345854517942932
3.7155029333088083 2.5843232082186773 0.8032624285867385 -18.346688974207005
3.6638738783118234 2.5746293867130716 0.8066611776670857 -18.348831402685896
3.6121647708478597 2.5646242700023216 0.8098584704604606 -18.351733926714424
3.5603800688923966 2.554145878914571 0.8128193957971063 -18.35562907508455
3.508524530494727 2.5445641215607893 0.8154563522305077 -18.359285709184142
3.456604431368472 2.5366590784468244 0.8177148936450679 -18.362009380815344
3.404627101007601 2.5302379659566125 0.8195661002237089 -18.36399931688304
3.352601368722477 2.525072438365892 0.820982319302658 -18.365455800038404
3.3005367592284753 2.520559360077588 0.8219528001612801 -18.36692448060743
3.2484425899525964 2.51659868888547 0.8224727711943154 -18.368444265519294
3.196327445567486 2.513086663339111 0.8225692106468679 -18.370043343886408
3.1441988400334853 2.510325343039417 0.8222995367927336 -18.37133855700322
3.0920630121033117 2.5088524163909343 0.821752582313784 -18.37170913663659
3.0399255040402173 2.5077990489557465 0.8210298462760773 -18.37195300721085
2.9877911586874215 2.5083276237211605 0.8202140180487423 -18.370809281226045
2.9356625986756435 2.510108739660273 0.8193969031426628 -18.368528489369524
2.8835401748411638 2.511856565108761 0.8186968793023538 -18.36632837225187
2.831422293860341 2.513139346844512 0.8182476172384937 -18.36454734178426
2.7793054877373238 2.51304386382184 0.818133450124218 -18.363991285826977
2.7271851408480248 2.512357161280785 0.8183853039407087 -18.363744066616768
2.675055967100244 2.5115413312453394 0.8190068358972458 -18.363259619744376
2.6229122175837163 2.5106361373301525 0.8199814674628373 -18.362460803431937
2.570748562905461 2.509568415137882 0.8212735031405893 -18.361408308802325
2.5185603913015466 2.508261571342109 0.8228311635064183 -18.36018511528438
2.4663438412275887 2.506552674745378 0.8245951789758647 -18.358975456578456
2.4140957315504408 2.5044904168962114 0.8264954797842738 -18.35776745091964
2.361813268910857 2.50203618307548 0.8284718120045428 -18.35665497999551
2.3094944601785197 2.4990444253052453 0.8304824115240811 -18.35584775203958
2.2571379929121087 2.495396260944298 0.8324853679565383 -18.355543884150592
2.204742919564909 2.491700823289161 0.8343955873282549 -18.355235043578446
2.152308968722187 2.487623270797297 0.8361173807549769 -18.355331588770817
2.0998378223489227 2.483228087630104 0.8375170170591537 -18.355852802401927
2.0473319296685277 2.4797016617768826 0.8384479253427114 -18.355734114540063
1.9947949785328005 2.4770414773764813 0.8388308713247408 -18.35508437119575
1.9422320259125045 2.4749753345677705 0.8385925919516131 -18.35424320938457
1.889649795798322 2.4733599025658166 0.8376553319169098 -18.353384207289253
1.8370559244961662 2.4721853627297614 0.8359543122189996 -18.35251860046705
1.7844584604000782 2.4714587126327032 0.833451005813503 -18.351618871272223
1.7318656271384685 2.471014390349132 0.8301379934429498 -18.350812142593234
1.6792856403795078 2.470629179487993 0.8260402691219666 -18.350264662165294
1.6267261514559221 2.470189715081318 0.8212231086063264 -18.350019455792882
1.5741938493485166 2.469765300676412 0.8157899015732049 -18.349932612912447
1.5216944114427082 2.4692140940400087 0.8098494850084484 -18.350080812133683
1.4692318881794648 2.4705789126040494 0.8036323475314444 -18.348351993703872
1.4168081304314646 2.472321336222386 0.797191820550579 -18.34635089324982
1.3644255169881607 2.473713067182375 0.790606307540246 -18.344892034419196
1.3120863948495183 2.4747206098977323 0.783961726002497 -18.34406428108727
1.259792870392351 2.4759415786876087 0.7773457284096742 -18.343258096255013
1.207546352048054 2.4775742591749843 0.7708027035423117 -18.342248333160626
1.1553478262932717 2.4799536859996296 0.7643690529866336 -18.34064941758041
1.1031978112700986 2.4831816507863467 0.7580571251385073 -18.338306140505168
1.0510966003141582 2.4874368820516546 0.7518747241563102 -18.334964784996096
0.9990441528911312 2.4915880872159906 0.7457686569779405 -18.331719489268195
