7.904404435929232 -1.926676495989189 1.5944400874830706 -56.37581643550954
7.873667637201731 -1.9222046137687498 1.5971209000681028 -56.37259742145103
7.842948682902853 -1.920632529888324 1.5994404534334328 -56.37222560047154
7.812247536923372 -1.9195404660815185 1.601242328080241 -56.372270399601206
7.781558355347931 -1.9186120200853065 1.6024486418959258 -56.37241146985417
7.7508738695444475 -1.9177590576899983 1.6029969118610927 -56.37255741947601
7.720186264306972 -1.9167178823552973 1.6028342914783476 -56.372441192737305
7.689487177756107 -1.91558418227282 1.601909220474799 -56.37215383898277
7.658768482321881 -1.9143761575125486 1.600163176012438 -56.37170722387354
7.628021661274601 -1.9129973269984484 1.5975359210772426 -56.37099744714393
7.5972380276685945 -1.9115578697287032 1.5939616255340145 -56.37012660613412
7.566409155892126 -1.9103913789573763 1.5893723901726553 -56.36942086535045
7.5355262798818945 -1.9092985964070353 1.5837368872631725 -56.36867871762428
7.504579740506911 -1.9081905815195603 1.577044428049558 -56.36781268513742
7.473559369226527 -1.906940050402536 1.5693147004370993 -56.36670228914981
7.442454956291157 -1.9056422822751737 1.5605808510057915 -56.36545327060912
7.411257167602194 -1.904663244521126 1.5508625474722453 -56.364443750079914
7.379957069529205 -1.904058144178173 1.5402155951965621 -56.3637474057349
7.3485453187796175 -1.903441600345149 1.528760704631231 -56.36300469857275
7.317013271694393 -1.9025620311907077 1.5166269858936852 -56.361990238562186
7.2853542508206655 -1.901449023533636 1.5039217474919035 -56.36075640164841
7.253564202620177 -1.9002229354081346 1.4907355802592177 -56.359442768451736
7.2216404997840105 -1.8990814699228906 1.477146731160581 -56.35826049266869
7.189581124288853 -1.8983532625986281 1.4632388672923848 -56.35754806095363
7.15738447285389 -1.8973399379495506 1.44928414517356 -56.35662397268788
7.125050591889543 -1.8963197946952666 1.4354087320123459 -56.355770812920184
7.092582042714905 -1.8953968776798293 1.421746946097208 -56.35509751565299
7.059982315605276 -1.8949342342736188 1.408341242517024 -56.35496860766852
7.027254577156701 -1.8948666457954528 1.3952455989162913 -56.35532031616226
6.994402153831014 -1.89526190902321 1.3824728352745184 -56.356220480250805
6.961428379653937 -1.8958255990334472 1.370056634289619 -56.35737531274691
6.92833663033246 -1.8963621474733225 1.3579970761362061 -56.358587009370304
6.89513001370433 -1.8964916182298155 1.3463010668749404 -56.35947057647734
6.86181147799662 -1.896226854423413 1.3349184429810375 -56.360029342438416
6.828383658740927 -1.896161220441464 1.3237196724900673 -56.36084339410314
6.794847848258803 -1.8960959769007586 1.3126475431669264 -56.36169618215638
6.7612045826031455 -1.8961787673444548 1.3016067424537479 -56.36271330729458
6.727453394185209 -1.896578129516064 1.2904954119506415 -56.36404318924077
6.6935922421130485 -1.8971491129166682 1.2792511935221513 -56.36552406918675
6.6596171411280425 -1.8975127714729847 1.2678492010294493 -56.36676961819366
6.625523477657447 -1.8976671826669873 1.2562467237570705 -56.36777284306668
6.591307194771167 -1.897677971377643 1.2444051082158285 -56.36859557620876
6.5569647591660365 -1.8975805364831506 1.2322974110679066 -56.3692695044739
6.522492952908491 -1.8973845130988476 1.219911664872647 -56.369801519592066
6.48788888325876 -1.897077264552834 1.2072515878796788 -56.370178320315226
6.453150006175004 -1.896672258470961 1.1943297743604884 -56.370415883332484
6.418274149289097 -1.8962112627312464 1.1811649704836469 -56.370562720082354
6.3832594147677 -1.8957001170350503 1.1677920614303254 -56.37063473338178
6.348104124300588 -1.8953307470950183 1.1542347921511515 -56.37083420924086
6.312806397799755 -1.8950288910641373 1.1405734077752938 -56.371094465605324
6.277364462730781 -1.8947414959801452 1.1268833979704842 -56.37137448970906
6.241777161198243 -1.894199117768549 1.1132718656316396 -56.37141751264972
6.206044545899908 -1.893482600625499 1.099790962317367 -56.37131443115184
6.170168072232984 -1.892598474720145 1.0864821901499078 -56.37108299957677
6.134150054991361 -1.891922617193017 1.0733216533481271 -56.37110788639775
6.097992976337669 -1.8913715281399481 1.0603339271479997 -56.37131794225675
6.061699610189288 -1.890854473551338 1.0475412348025617 -56.37163195109663
6.025272938281929 -1.89028966395959 1.0349622247900208 -56.371973022263695
5.988716094382502 -1.889635208923164 1.0226087043807195 -56.37229851343679
5.952032285553828 -1.8889775418583787 1.0104753334897205 -56.37268809670221
5.915224552939346 -1.8882497630152868 0.9985736160492789 -56.37306245214788
5.87829567706392 -1.887405111074795 0.9869065185745554 -56.37335801447619
5.841248186929524 -1.8864542101881951 0.9754651434390476 -56.37356493220761
5.8040843045572625 -1.8855722451265169 0.9642176552767104 -56.37383499245059
5.7668057459520545 -1.8847204747520512 0.9531545592400381 -56.37410382851321
5.729414295796451 -1.8840018530989637 0.9422473020919748 -56.37445023528924
5.691911607395082 -1.8834285238013009 0.9314727544880863 -56.374867353723374
5.654298830782252 -1.8829822552357587 0.9208077282990444 -56.375321732217216
5.6165766277312 -1.8826493241982138 0.9102284146009242 -56.37578822176129
5.578745280444529 -1.8824181392133343 0.8997136625927366 -56.37624808707021
5.54080479618377 -1.882278032206032 0.8892473321705388 -56.37668790112401
5.502755013671536 -1.8822186845687334 0.8788197523212792 -56.377098818811206
5.4645957090853905 -1.8822300545689354 0.8684283409350417 -56.377476157571444
5.426326696783806 -1.8823505552235409 0.8580725376100206 -56.377866599657814
5.387947864095726 -1.8826205916608163 0.847757927971969 -56.378321396405624
5.349459078169636 -1.8829186635729027 0.8375109754119596 -56.37873252783772
5.310860384139995 -1.8833134123163646 0.8273412108546747 -56.37917991686596
5.27215211936614 -1.8838026429953338 0.8172596267080704 -56.37967512192497
5.233334930440147 -1.8843424051541986 0.8072734945559632 -56.38018951743636
5.194409632341048 -1.884882906495261 0.797386422396108 -56.38068728396024
5.155377145901754 -1.8853827556426466 0.7875997829290473 -56.381138118111565
5.116238486345208 -1.8858142965986502 0.7779140993090085 -56.381521944654565
5.076994770195141 -1.8861646412424997 0.7683301960814445 -56.38182980800843
5.037647226035808 -1.8864347025421528 0.7588500257687217 -56.382063037193205
4.9981972022500445 -1.8866369938475367 0.7494771781741316 -56.38223135320538
4.958646169221149 -1.8867956370211478 0.7402168255530547 -56.38235326567708
4.9189957126413475 -1.8870042528592827 0.7310701369214365 -56.38251357644691
4.879247455434726 -1.8872726125344703 0.7220476885323854 -56.38271279594229
4.839402983622005 -1.887595263722077 0.7131590575827763 -56.382935699097445
4.799463847999388 -1.8879748490184727 0.7044103859737986 -56.38317536020221
4.759431571482934 -1.8884167886650836 0.6958053329391435 -56.3834285321504
4.719307648750401 -1.888926714957292 0.6873457357676144 -56.38369346089049
4.679093544173439 -1.8895093320349994 0.6790320942326723 -56.38396893254367
4.638790690653969 -1.8901678032539604 0.670863955736341 -56.384253728856116
4.598400489991869 -1.8909035383421706 0.6628402209680917 -56.384546388151435
4.557924314750162 -1.8917163560553547 0.6549593786242681 -56.38484527325397
4.517363511384943 -1.8926053414380763 0.6472196506201225 -56.38514927063171
4.4767194035945534 -1.8935681979023928 0.6396192180886817 -56.38545698306704
4.4359932961482835 -1.8946011240956462 0.632156385473281 -56.38576645208231
4.395186480076107 -1.8956994982778832 0.6248296479628672 -56.38607566553192
4.354300238284199 -1.8968581508279767 0.6176377414751008 -56.386382642324854
4.313335850654211 -1.8980715733478941 0.6105796824349188 -56.38668545889187
4.2722945985697285 -1.8993381632198372 0.6036545121359345 -56.38698621164837
4.231177765538208 -1.9006591267097537 0.5968613953468427 -56.38728978714326
4.189986641380716 -1.9020397427303053 0.5901994438937745 -56.38760617001434
4.148722521097202 -1.9034786888309234 0.5836682857204609 -56.387940112680795
4.10738670408086 -1.9049680381477172 0.5772686688655633 -56.388290366100826
4.065980518871101 -1.9065072757442818 0.5710020374859331 -56.38866359926359
4.024505341977631 -1.908084206561129 0.5648714367431386 -56.38905636411606
3.982962629161421 -1.9096703528530636 0.5588819522515558 -56.389450079185586
3.9413539446919685 -1.9112744964442585 0.5530374006197328 -56.389863095138764
3.8996809608998615 -1.912889203031228 0.5473432943138115 -56.39029803215442
3.8579454353314455 -1.9145015942393713 0.5418058351254693 -56.390751774139375
3.8161492089517512 -1.916128028022446 0.5364295709910387 -56.39124750348359
3.7742941643503807 -1.9177508591939456 0.5312202676928057 -56.391772901725474
3.732382168663091 -1.9193362887375687 0.5261833956875425 -56.392296668614016
3.6904150668720024 -1.9208690924102503 0.5213221138785726 -56.392802594851815
3.648394688458456 -1.9223425601391744 0.5166377319544645 -56.39328074510641
3.606322836340682 -1.9237612918468319 0.5121312668961877 -56.39373065090788
3.564201304554866 -1.9251378469343505 0.507804142982174 -56.39415929482408
3.522031900369728 -1.926486186528557 0.5036581668009641 -56.39457586775284
3.4798164551417403 -1.9278014569048847 0.49969597787514025 -56.39497272194583
3.437556836694829 -1.9290790170131287 0.49591999655902147 -56.3953440197777
3.3952548925743242 -1.9303215550526627 0.49233251826832436 -56.395691701537565
3.352912483035181 -1.9315325416835627 0.4889357538298247 -56.396019439079716
3.3105314962761194 -1.932746310112041 0.4857307223280056 -56.39636172412381
3.268113831139586 -1.9339441337682681 0.48271949882679654 -56.39670245441394
3.225661351476278 -1.9351044428007218 0.4799035985193714 -56.39702317953524
3.1831758851083714 -1.9362052357206372 0.4772840747642662 -56.39730661077664
3.1406592301163148 -1.9372255997650498 0.47486156042508293 -56.39753804532674
3.098113166727879 -1.9382063683278796 0.47263503279260455 -56.39776350449905
3.0555394656403716 -1.9391455232373354 0.47060382843621523 -56.39798830433418
3.0129399187802535 -1.9400257992657486 0.4687668794607168 -56.39820350224066
2.970316337531908 -1.9408353937165466 0.467122067336086 -56.398408524027786
2.9276705571495714 -1.941539024740874 0.465666469025304 -56.3985814994381
2.8850044491173126 -1.9421148904848824 0.46439500188654276 -56.398713884690686
2.8423199385341555 -1.9425496112011766 0.46329693943189687 -56.398805221302915
2.7996189239812344 -1.942901454407061 0.4623553592228772 -56.398920392571306
2.7569031794045804 -1.9432661232095796 0.46154844027422665 -56.399152943559216
2.7141742752520734 -1.9435911417436362 0.4608536769983159 -56.399442820308884
2.6714333622587425 -1.9438397154778801 0.4602502877253803 -56.3997325282213
2.628681276773907 -1.9440171943529185 0.459720808857654 -56.39999661804294
2.585918602717792 -1.9441006764822195 0.4592495511817636 -56.40017431050411
2.543145760573002 -1.9441412561630673 0.45882315391235506 -56.40027321911161
2.5003630649114172 -1.9441747923678532 0.4584316868104566 -56.400290537021235
2.457570747383063 -1.944231194841458 0.4580701454378781 -56.4002252990603
2.4147690110443594 -1.9444345731507582 0.45773900164521825 -56.40018007681057
2.371958119216597 -1.9447893793230246 0.45744354085901007 -56.40015544389138
2.32913835410386 -1.9453385347395786 0.45719649096921244 -56.400203889285734
2.286310085583795 -1.9460244185117777 0.4570174459139617 -56.4003004393916
2.243473907524909 -1.9467220196589594 0.4569322203783995 -56.40037801553564
2.2006307903022915 -1.9474471684490948 0.4569726517126868 -56.40052838060788
2.1577822352673452 -1.9481140753190265 0.45717232102171335 -56.40076886031895
2.1149300923875534 -1.9485924446322846 0.45756440655049807 -56.4010741201887
2.072076574395416 -1.9487736827293254 0.4581751471907808 -56.40142666116743
2.0292242578134365 -1.9485780148251792 0.4590209661329933 -56.40181324854922
1.9863759748482612 -1.9479199658624315 0.46010873110974626 -56.402189394975075
1.9435346931332387 -1.946706977464702 0.46143737403035456 -56.40247899456891
1.9007034273432952 -1.9450345761766115 0.46300278577223164 -56.40277017026398
1.8578851723212562 -1.9429539812703422 0.46479652155448103 -56.40309001921481
1.8150827872274096 -1.9405113117393 0.46681117326018606 -56.4034432839596
1.772298948007018 -1.9377620760884355 0.4690423865090407 -56.40383247272673
1.7295361529668065 -1.933957555502827 0.4714688478705835 -56.403445602527
1.6867967087775506 -1.9294163082803932 0.474102749049039 -56.40254221695987
1.6440828530055982 -1.9244054100260153 0.4769589941605585 -56.40133092980332
1.6013967415463366 -1.9191241469705127 0.4800547292840411 -56.399954901280964
1.5587405309520224 -1.9137928910146975 0.4834107962637276 -56.39858783582233
1.5161164474895594 -1.9084554076384823 0.487042625054337 -56.39723609696978
1.4735268352762996 -1.902826593520595 0.4909477896214687 -56.39558636755385
1.430974099129117 -1.8967651165088208 0.49512008466468294 -56.39348360748348
1.3884606584013273 -1.8904199828366055 0.499555474168198 -56.391077690339
1.3459888814260192 -1.883916959545072 0.504240383201837 -56.38849988560401
1.3035609580052603 -1.8771338772306578 0.5091418575130996 -56.385632826298526
1.2611786957711444 -1.8699529763377882 0.5142226415436917 -56.38235816633415
1.21884351589898 -1.8619609460228215 0.5194228103430928 -56.3782588686479
1.1765563076500025 -1.8532200848784204 0.524701433953798 -56.373398277441694
1.134317603075856 -1.8450131369052327 0.5300690163722983 -56.369066657920186
1.0921276930411006 -1.8377987280563342 0.535468776511716 -56.365716406292975
1.0499860162178924 -1.8317898963256691 0.5408288614260911 -56.3635386167264
1.0078909735494355 -1.8268877654517992 0.5460641819822141 -56.36243778502351
