7.853063984545503 -3.0505496063699846 1.7221587734606734 -11.00169485796922
7.801842818373415 -3.0466919439770654 1.7198847676553861 -10.996176811634879
7.750664408951197 -3.0418659041421683 1.7179122386321704 -10.98970611536719
7.699539787111371 -3.04469837760652 1.7161203778233853 -10.990852493886768
7.6484782641673155 -3.047420705511483 1.7145850222039545 -10.991983355923468
7.597472129514903 -3.0489267563047364 1.7133389438636222 -10.992058560456556
7.546510266462049 -3.048798518043707 1.7123814898984486 -10.99071026296946
7.495578766881835 -3.048714282588509 1.7116982335700879 -10.989647097586932
7.444664487265566 -3.0486914735022377 1.7112755218337432 -10.988919981498654
7.393750506512299 -3.0499097714489976 1.711093909665949 -10.989734363029976
7.34281785497684 -3.0519345327531684 1.7110934157081408 -10.991672583592532
7.291848094526336 -3.0540801148387096 1.711151368738875 -10.99404388609957
7.240823071463231 -3.056604750686356 1.7111258780833662 -10.997101214281242
7.189725499344758 -3.0592869768783766 1.7108581175040416 -11.000611255431513
7.138536133367552 -3.0618499651904902 1.7101834457021763 -11.004281682550449
7.087233927311605 -3.0648224914446622 1.7089417627716583 -11.008638877822063
7.035796021412424 -3.067924667789327 1.7069848452506236 -11.013382790125677
6.984198591845938 -3.0709812280403184 1.7042203262021904 -11.018314445117019
6.932419136010527 -3.073972194174792 1.7006005635982535 -11.023384561729271
6.880436715353376 -3.076056374266731 1.6961399379943345 -11.027688064197577
6.828234555732837 -3.0758293054876593 1.6909333475064698 -11.029720911739394
6.775803107276055 -3.0741245022443637 1.6850149767218774 -11.030277926867512
6.72314061572745 -3.0712786480817744 1.678459446213776 -11.029633866579925
6.6702479566912505 -3.0684995263889783 1.6712863119671633 -11.028962385079879
6.617104286230343 -3.065531646317553 1.663705577054782 -11.027938115931798
6.563685226499451 -3.0646072680188814 1.6558271116883958 -11.028823697087427
6.509966035134795 -3.070751606124459 1.6475166590787282 -11.036758546402183
6.455929277140381 -3.079171270086058 1.639364311800046 -11.046787081536392
6.401591935161848 -3.0865668194561615 1.6317732985116369 -11.055523301467717
6.346984690191703 -3.0922332628832705 1.624916488843949 -11.062258223115776
6.292139621842292 -3.095345574827886 1.6189240269771636 -11.066169307870041
6.237086206631623 -3.095057286868509 1.6138720740261234 -11.066422510384355
6.1818490009609395 -3.0938643849478935 1.6096619902836429 -11.065585738848906
6.126442624506272 -3.0921108664145116 1.6062835523541505 -11.06403151107162
6.07088033562981 -3.0907499558906073 1.603675258882663 -11.062745446427286
6.015173955225771 -3.0894540173288134 1.6017640663957131 -11.061411889663688
5.959335581129309 -3.0861125767749473 1.6004453791520918 -11.057914405891458
5.903380513027539 -3.0818516859001863 1.5995585020919412 -11.053409001862853
5.847325495566213 -3.07755648655309 1.598930650730524 -11.048799107058592
5.7911875992418205 -3.074485724750407 1.5983816230065386 -11.045359007221409
5.7349739872427445 -3.071730331225894 1.5978015885674859 -11.042178705100733
5.678684780714099 -3.069931413743965 1.5970660070100429 -11.039910129153624
5.62231675780335 -3.0686107908917366 1.5960790802823528 -11.038073440659348
5.565863813923912 -3.067769810762809 1.5947750242650034 -11.036674798094777
5.509316276104595 -3.067329669352911 1.5931089882916325 -11.03564205278556
5.452661916908168 -3.066940923043585 1.591069363794179 -11.034630571541985
5.395888194181647 -3.0665668026805477 1.58867753252393 -11.033610757424766
5.338984468646517 -3.0664263168104875 1.5859735390948273 -11.032808244766839
5.281941769862648 -3.0663665107120734 1.5830164385928926 -11.032070383360981
5.224751669107689 -3.066438301692163 1.5798683762590886 -11.031448923338155
5.16740606861042 -3.066848644023336 1.576600743212954 -11.031151974512106
5.109897245910068 -3.067838571026311 1.5732909183509276 -11.031420926071098
5.052216785155641 -3.0692161927814317 1.5700330285686985 -11.032060215162991
4.994355854907474 -3.070387498565147 1.5669315099847116 -11.032470330069415
4.936307532407041 -3.070657533873314 1.5640912951426895 -11.031951591160508
4.878068976478841 -3.0701982600074986 1.561593301031939 -11.030676889573451
4.8196416119886445 -3.06922305832328 1.5594772967049522 -11.028855456731637
4.7610298410452465 -3.0677701803571416 1.5577444691738713 -11.026517906569742
4.702240282201804 -3.0666203249638855 1.5563499537473322 -11.02444304308317
4.643279671190114 -3.0659544934252407 1.5552356732996098 -11.022805712384214
4.584154099420444 -3.065678045076904 1.5543407197508858 -11.021506200687629
4.524870313988539 -3.0658763142634404 1.5536161564708675 -11.020627814899845
4.465435388088436 -3.0664208572975973 1.5530253849701725 -11.02004020876003
4.4058565938424445 -3.067154282624015 1.5525393645297612 -11.0195856357948
4.346141355920017 -3.068054543618486 1.552134026341821 -11.019243353833614
4.286297288800848 -3.069034749410293 1.5517902599761917 -11.018927441652522
4.226331962806843 -3.0700720955625895 1.5514952468757575 -11.01861642340729
4.16625278877429 -3.071119638781001 1.5512417849816857 -11.01826431001336
4.106066907848997 -3.072372954522848 1.5510287458539724 -11.018067787253228
4.045780857298829 -3.0738132319547984 1.5508598390029409 -11.018007959941876
3.9854007226568213 -3.0753344048218496 1.5507415018869912 -11.01797808944736
3.9249320724314694 -3.076686518726474 1.5506853779093979 -11.01772720380553
3.864379594258274 -3.077825326947605 1.5507095806543474 -11.017211420027014
3.8037469474906036 -3.0793661902237024 1.5508372342236088 -11.017048153539195
3.743035851048816 -3.0810111807976703 1.5510929562973792 -11.01694146327386
3.6822466661875555 -3.0824879639373153 1.5514998441258454 -11.01662337175189
3.621379444337364 -3.0840715569899406 1.5520829978012374 -11.016373769163604
3.5604341033165903 -3.085722621115595 1.552853243795287 -11.016156203969398
3.49941020574866 -3.087391115511928 1.5538128451972495 -11.015923285083845
3.438307092111883 -3.0889971103380347 1.5549551804813844 -11.015597638435981
3.377124077913407 -3.0905672389693293 1.5562665086784617 -11.01520849998482
3.315860722711983 -3.092147808293194 1.5577249702639164 -11.014804246136588
3.2545167000288115 -3.093709343081448 1.5593014683992026 -11.014357281145978
3.1930916710278296 -3.0952255000283158 1.5609613220420158 -11.013843638604648
3.131585370889941 -3.0966767599464116 1.562666516122883 -11.013246441781046
3.069997671853843 -3.098091122364266 1.5643790491149254 -11.012596342509749
3.0083285938563624 -3.099449550236931 1.5660620346570129 -11.011876632185487
2.946578368575678 -3.1007231612857034 1.5676838248702458 -11.01106022569202
2.8847475837872705 -3.1019672510049507 1.5692194374763135 -11.010203215055947
2.822837097154489 -3.103252927566018 1.5706476565688137 -11.009376607601434
2.7608480285130983 -3.1043153902765264 1.571947366235818 -11.0083148986128
2.698782183555292 -3.1055564290855626 1.573123651486751 -11.007419251354472
2.6366424736403533 -3.107188419599715 1.574194295854127 -11.006898494383066
2.574432674032391 -3.1096223991614145 1.5751920245749234 -11.00715943767482
2.512157257304622 -3.112829196193621 1.5761593184903093 -11.008168980453192
2.4498221098739714 -3.1157044086883743 1.5771314022060188 -11.008818066531594
2.387434034639646 -3.118588271097613 1.5781189735226853 -11.00944738993293
2.3250014330260482 -3.121655499085307 1.57909590909813 -11.010229479164215
2.262533948061126 -3.124625391349814 1.5800196321593707 -11.010879178598712
2.200042094467732 -3.12729626260516 1.5808468576240813 -11.011188475873155
2.13753668378046 -3.12992249701584 1.581539829461766 -11.011403809810865
2.075028331006281 -3.1326072868761967 1.5820664824192552 -11.011619172931358
2.0125271251577304 -3.135634362387973 1.58240605030094 -11.012108287822652
1.9500421716845493 -3.1386151439448726 1.5825594032233332 -11.012473423304705
1.8875810956487882 3.1413963801406806 1.582553521286583 -11.012946659964904
1.8251505816131162 3.1378893423922145 1.5824344358442055 -11.013659678868457
1.7627558752901515 3.13652384839338 1.5822716202262441 -11.012130280826025
1.7003994856067703 3.1361421934874083 1.582126062825417 -11.009509883255745
1.6380830552914007 3.136118202218587 1.5820731059683462 -11.006418997175732
1.5758076856700665 3.136032284349109 1.5821676746686402 -11.003271194687951
1.513573848621954 3.1353644253342052 1.5824530614670727 -11.000579375693846
1.451381131112603 3.1332403783627027 1.5829660954627836 -10.999210267717594
1.389228606937469 3.1290156070151967 1.5837467393466593 -10.999797103277283
1.3271142753545848 3.1250452420694796 1.5848077413944193 -10.99997198409687
1.2650326985506104 3.1209897000749263 1.5861247229346656 -11.000069542890948
1.2029792559410264 3.116845773714069 1.587673739701057 -11.000071026241994
1.140949394192902 3.112794955458327 1.589418663080435 -10.99976281375491
1.078938824790455 3.1094409495875053 1.5913059007588584 -10.99849867375702
1.0169442993679074 3.1078172543622817 1.5932665869165805 -10.995185589348242
