7.87773339776859 -1.2207090918412387 2.0337248895392728 -15.554615703005794
7.821103867019944 -1.223340810853958 2.034263060748758 -15.55590727624224
7.764455981986067 -1.2252116065338956 2.0339026330545478 -15.556744630097347
7.707786775562313 -1.226630177324444 2.03278994321616 -15.55735842857058
7.651097926627772 -1.2250902146750193 2.031150877238615 -15.555128280651036
7.594393126596277 -1.2212633517408114 2.0291700805224213 -15.55064471874029
7.537680467814868 -1.2178973523503722 2.0269679549986828 -15.546619412881956
7.480966992810972 -1.219042721208574 2.0246696926735925 -15.54710448161214
7.4242584401715535 -1.220279877532882 2.022722807790404 -15.547581347653017
7.367551768943609 -1.2202392766688936 2.021504110743232 -15.54662218039399
7.310836219196588 -1.2203474386785422 2.021320867138507 -15.545611618483314
7.254097882488413 -1.2210324242655517 2.022451566753134 -15.544916730910845
7.197330147567655 -1.2227961168684713 2.025070199502583 -15.544944407602523
7.140531566366438 -1.2263749399573631 2.029322743998066 -15.546315704960627
7.083701228794669 -1.2316858194604783 2.0352816309077304 -15.548834378199805
7.026840308162305 -1.237621985597923 2.0428856633179646 -15.551298664662797
6.969953612897975 -1.2448760985414156 2.052105259243379 -15.554303947719347
6.913050278419008 -1.2540113515400317 2.0628793413305315 -15.558316869119533
6.856143344890632 -1.2601966318339248 2.074535915754276 -15.558634498656769
6.7992451759781725 -1.2631915583217508 2.0868029636500505 -15.555081097181167
6.742367544438982 -1.2659784407981878 2.0998442679803975 -15.550576159963933
6.685528231102167 -1.2653039053967823 2.113051547836437 -15.542225420350437
6.628753751704192 -1.264504552308714 2.12670418257356 -15.533396786821566
6.57207001366699 -1.26912462223862 2.1415917533247595 -15.529511950311873
6.515505916624434 -1.2759995735784515 2.15730838760808 -15.527832011854088
6.459081530170939 -1.2831055097706867 2.1735961281987013 -15.526670342083294
6.402813714134618 -1.2909736911835301 2.190549377169317 -15.526698475206326
6.3467203982494755 -1.2992461315820953 2.2080816690380476 -15.527733619743554
6.29081528309075 -1.3069137268141422 2.225940114806833 -15.52898306579677
6.2351054921830595 -1.3132096949160907 2.2438709217802537 -15.529879749937066
6.179592208392742 -1.3177798739259194 2.2616913494623234 -15.530236396448863
6.124271706852716 -1.3200715286306548 2.2791945203865267 -15.529644707366263
6.069136868210417 -1.3206021585867522 2.296397182030081 -15.528718965599753
6.014181896144252 -1.3196927124223394 2.3133036393422843 -15.527848824422202
5.9594019859506915 -1.3176452867650783 2.3299193846141284 -15.527352558539878
5.904792424414418 -1.314400245144212 2.3461738768329177 -15.527108105377582
5.850347399386613 -1.3095059657976997 2.3619107960929946 -15.526493660029333
5.796059118870525 -1.3034144379143626 2.377096421326769 -15.525764311145965
5.74192061945893 -1.2964073738423185 2.3916098730868334 -15.524910344373152
5.687925029659825 -1.2880760703560208 2.405225227739112 -15.523069263674362
5.634069096685422 -1.2815582890102528 2.4183132504279476 -15.523255528221425
5.580350700051264 -1.2806614740375 2.431317610821639 -15.529140827838354
5.5267725443818385 -1.2764878802878696 2.443024283493389 -15.530520377349026
5.473321615598237 -1.2698240648185397 2.4536591368840797 -15.527937350691749
5.419987135778192 -1.2648441553151903 2.463888327475822 -15.525661790630398
5.366764382877214 -1.2624193136222868 2.474030919055287 -15.524497329615738
5.313647930868534 -1.2621614167041066 2.48426670111039 -15.524029174712595
5.260629468588575 -1.263557600752028 2.49471038597166 -15.523757870309877
5.207700084671941 -1.2664366253269255 2.5054570257436994 -15.52354013951572
5.154853788496801 -1.270767297336821 2.5165687576822524 -15.523362666110838
5.102087024842449 -1.2766782528351113 2.528095678713143 -15.523391271439896
5.049398555883258 -1.28360262954568 2.5399808209543515 -15.523159053276641
4.996788805692805 -1.2913790291382143 2.5521728266867783 -15.522614075408862
4.9442600829360215 -1.2996912538820755 2.564575264066381 -15.52158868522084
4.891817214946893 -1.3083309000792733 2.5771004346919697 -15.52010395234115
4.839466780860803 -1.3172893165150872 2.5897132839896235 -15.518439281220848
4.7872162235400095 -1.327181386331767 2.602467039050617 -15.51743229178202
4.735073149512281 -1.3380877013859385 2.6153618563113366 -15.517368630367322
4.683042889268161 -1.349872081502794 2.6283547113800663 -15.518277287090756
4.631128611150178 -1.3620903250253704 2.6413610854153897 -15.519913953975447
4.579330821124234 -1.3740809200808206 2.654276343479361 -15.521910447961877
4.52764783101273 -1.3850920467286716 2.666990144295212 -15.52383864918094
4.476076864436572 -1.3946320845575393 2.6794317822129177 -15.525491974837047
4.424615064031243 -1.4024728031312903 2.691566356023459 -15.52686002352191
4.373259948760282 -1.408488262157024 2.7033702065236525 -15.52795671290328
4.322009455791215 -1.412720515467674 2.7148329036508905 -15.528899553788808
4.270861921598684 -1.4154409510279216 2.7259607714631624 -15.529984791987266
4.219815956587063 -1.4167650857490532 2.7367327304511924 -15.53131843531438
4.1688702676448735 -1.4164695274906345 2.747080262948358 -15.532637695214257
4.118022670603275 -1.4144430456225074 2.75693861549384 -15.533763761951795
4.0672701120746275 -1.4105838260802444 2.7662278921328696 -15.53442972740122
4.016608741263613 -1.4050114384363417 2.774869733975205 -15.534484644168122
3.9660344920722963 -1.398320023136558 2.782835671472574 -15.534203234535479
3.9155437560885296 -1.3908875133912935 2.7901052782266147 -15.533542566518172
3.8651313396509255 -1.383442728350392 2.7967172579663426 -15.532769054168309
3.8147911004591206 -1.3766164412465374 2.8027472109680827 -15.531983223732725
3.764517619410542 -1.3704025776796567 2.8082561802922243 -15.530576487510814
3.7143060543215265 -1.3664486672688 2.813442567886988 -15.529880136846144
3.664153343762962 -1.3650762179556288 2.8184676131174315 -15.529903837454347
3.614056970157504 -1.3662859178533002 2.8235090464301833 -15.530527000404158
3.564015058587479 -1.3698540860814952 2.82873813263165 -15.531534138336529
3.5140252224449626 -1.375439601314693 2.834309236981971 -15.53251673546385
3.464086469886926 -1.3830651699943084 2.8403380391364004 -15.53332721477171
3.414198528024369 -1.3930687813089866 2.84688372582887 -15.534025432954644
3.3643621665609786 -1.4058386460375814 2.8539427738315135 -15.534651383149562
3.314579180154282 -1.4216983569426695 2.8614724804167544 -15.535209426348636
3.264852302621066 -1.4406807573519138 2.8693807054159577 -15.535521764369227
3.2151849808867503 -1.462848022246299 2.8775547652439215 -15.53558665770844
3.1655806924492644 -1.4878553643620136 2.8858547121788174 -15.535286911298583
3.116042917877159 -1.5123085374101135 2.8939558701643975 -15.532345511230606
3.066574244862837 -1.5395285434587234 2.9020567166414866 -15.530144708674486
3.0171813783095027 -1.571127960507466 2.9102432621392937 -15.530640542520828
2.967869419014735 -1.6047303103170323 2.9183423772510158 -15.5326233910788
2.9186391449944793 -1.6375088364261896 2.9261816561739207 -15.534759133629278
2.8694879754471927 -1.6677268976487096 2.9337015845776984 -15.536805985966092
2.8204121504748403 -1.6935494338656014 2.940863784393034 -15.538313207669553
2.771407262891234 -1.713910694378313 2.94768271379333 -15.539169971874793
2.7224692204991054 -1.7286026954546223 2.954207088969798 -15.539713096236607
2.673595000263188 -1.737626512796789 2.9604700424880037 -15.540299345851853
2.6247821259876725 -1.7409010073532452 2.96646447177621 -15.541048553806382
2.5760281117760613 -1.7384653032492328 2.9721535624981836 -15.542028198987149
2.5273300710302786 -1.7302706213869996 2.9774576696627224 -15.542957606611692
2.4786843760956203 -1.7152314521555343 2.982195546184826 -15.541891937198898
2.4300862043736253 -1.6940508841154853 2.986267071890238 -15.538413733079562
2.3815309756734386 -1.671735287390077 2.9897832606705705 -15.5374254231439
2.3330147325962045 -1.6474536924408494 2.9925191256817514 -15.535814133924253
2.2845303820903626 -1.6242538379154756 2.9945413475743967 -15.535507859782618
2.2360712321723675 -1.6032112097231654 2.995888451287067 -15.53540184746796
2.1876312272381444 -1.5856885037344468 2.9966655929139177 -15.535067708543615
2.13920511284253 -1.5732731097386625 2.9970406269901693 -15.534966388063399
2.0907886282493573 -1.566927232850096 2.99717876078249 -15.535274350475047
2.0423785196606548 -1.5669261240641494 2.9972199931065866 -15.536150255278487
1.9939727827834635 -1.5729288125329537 2.9972800439225944 -15.537432452983232
1.9455706587710029 -1.5836729001952272 2.9974493476346273 -15.538245336756043
1.8971730206094068 -1.5991635403390765 2.997786226210983 -15.53906771668645
1.848781973663646 -1.6189871218537233 2.998296788690858 -15.540062976236824
1.8003999969556437 -1.6413911353163935 2.9989473666698254 -15.540466476266182
1.7520296299073412 -1.6661484712763563 2.999703550992685 -15.540976905381811
1.7036734407908831 -1.6913628459255285 3.0005230176866107 -15.540916318187795
1.6553335492615733 -1.716508585487573 3.001425411269597 -15.540911614479393
1.607012351989955 -1.7410554118753343 3.002436398201437 -15.541413848890294
1.5587120639965337 -1.7636096555745924 3.0035558078656646 -15.541904389129678
1.5104343023250804 -1.7828257650739199 3.0047494330738878 -15.541712593529741
1.462180162074614 -1.7974240719817365 3.005954028899044 -15.540076180216898
1.4139502066644667 -1.808179601937928 3.007123588970738 -15.537994501354559
1.3657443605850967 -1.8163888867328521 3.008218369005704 -15.536986514485255
1.3175618267203024 -1.8212309855253679 3.009167388026946 -15.53674026534161
1.2694008994398367 -1.821704377917315 3.009890414163815 -15.536624018689363
1.2212592101973747 -1.8175127881285245 3.0103075261526047 -15.536505352001779
1.1731337586652895 -1.8087387193082647 3.0103218017363473 -15.536383599011193
1.1250208305576883 -1.7954742388679388 3.009814958258989 -15.535991758494582
1.0769160214307265 -1.778413206298781 3.008674935037732 -15.535541917547066
1.0288141738908723 -1.758153211559117 3.0068104366532 -15.534996374312534
