7.848781961658874 2.704677250786263 1.484584264692504 -29.463902750514173
7.751244778103415 2.706397366430427 1.4872753729160801 -29.461978772817652
7.653788802394546 2.7076073946156383 1.492526387058353 -29.461141321444515
7.5564167411456316 2.707861865725586 1.4999930788615556 -29.461809602489808
7.4591111024460375 2.7116182222625476 1.5087466843013728 -29.459502889440024
7.361851406715978 2.715647214766753 1.5185112992177623 -29.457352396520015
7.264631884550792 2.7214603311556678 1.5285758671486094 -29.453801279545104
7.167442769742545 2.734586609468811 1.537728147767918 -29.44321568583652
7.070287344373091 2.7424625494420476 1.5468126765113188 -29.438064360289445
6.973183244493972 2.7481385321343157 1.5544702448096988 -29.4351077155806
6.876116221811541 2.744652315810278 1.5603289329882588 -29.441127200190408
6.779053777198694 2.7352945311451515 1.5631358009772376 -29.452650018916742
6.681986510412959 2.723057102183565 1.562354243337634 -29.466595752108688
6.584908443606413 2.7095229590988246 1.5577246483012104 -29.481318068532396
6.487811766098088 2.6952836842730763 1.5491074913147083 -29.49616591943761
6.390690496938291 2.682133097468678 1.5365798651855949 -29.509316704576847
6.29354623501176 2.670617952101469 1.52032479482629 -29.520191075701554
6.196387731348988 2.659153392873122 1.5003236164961886 -29.530272643515808
6.099235693109647 2.6464034082089927 1.4766562013081255 -29.540797056240883
6.002111263450818 2.6381565496738344 1.4511009667227075 -29.546201627970703
5.905030293202524 2.633406047510658 1.4242854262824272 -29.547493790250797
5.808009575770583 2.636985067538904 1.3982650293965855 -29.540185943385993
5.711081932565916 2.6360448440528073 1.3704563547642619 -29.536461003519662
5.6143188102691886 2.628173435493108 1.340801495416222 -29.538641565683037
5.517796213628622 2.621425094638075 1.3119962183321643 -29.539397091104576
5.421560918435066 2.609596220162417 1.282985468049756 -29.54469700651618
5.325675944271354 2.6007499909074103 1.2561990436392494 -29.547380185973154
5.230170690015895 2.594991583016729 1.2319821181741788 -29.547678257609576
5.13505710279695 2.5928440560108577 1.2107280872703254 -29.545396047375867
5.040317284994578 2.5925579946513477 1.1922793528252746 -29.542363420061015
4.945916051380352 2.594856356490975 1.1767930163055507 -29.537971951085545
4.851819161077782 2.5991731242781375 1.1641523111626828 -29.532771037761684
4.757997145847076 2.6053162077581016 1.1543100306685556 -29.526922087764504
4.6644320275723405 2.6139683067560795 1.147240549394515 -29.519696166377614
4.5711119311231885 2.624013323352469 1.1427124780718285 -29.512111245891937
4.47803367673653 2.6339586640700188 1.140557749347037 -29.505596719317765
4.3852022998676565 2.646173059346607 1.140652348213025 -29.4976437132348
4.29261154784218 2.6589507531609775 1.1427478426147546 -29.48983278616886
4.200259283693497 2.656647380070679 1.1472296189808109 -29.498329672087564
4.108196315588961 2.6452939067540813 1.1538008783088118 -29.516821654353116
4.016444290848953 2.6357844346459487 1.1613069545382053 -29.533604230997227
3.9249793340265557 2.635988824676282 1.1683911516190122 -29.539981141117913
3.83375329642626 2.6383055188347377 1.1749030452079656 -29.543675306201017
3.742740144993432 2.6397046107499156 1.18051413876319 -29.547698538185294
3.6519189218029338 2.6425949041692536 1.1846945537762767 -29.549441758797222
3.5612634537534995 2.6484588264510593 1.1871598566188906 -29.54737279259342
3.4707481375663347 2.6538669349701816 1.1879691078514703 -29.545079752910034
3.3803543981302755 2.6586806632667694 1.1871183666891398 -29.54276130534189
3.290065012178978 2.6636155408208633 1.1846032292091009 -29.539765848259684
3.199863535004455 2.6684512958415425 1.1804271052857935 -29.53639005449604
3.1097346633221057 2.674455291455426 1.1747596336999868 -29.531443833335196
3.0196648636642274 2.678819757727217 1.1675850023225547 -29.52780985658905
2.929645415672365 2.6814927906164203 1.1590197089076772 -29.525635158644775
2.8396713048500866 2.6907999105759175 1.150327427039216 -29.516825044320775
2.7497372488132097 2.694926723605125 1.1409908765848753 -29.51320490998897
2.6598462058127454 2.6952997952538342 1.1316739988759954 -29.513513452546654
2.570004824991006 2.6955793975319997 1.1230256028147367 -29.514256629428466
2.4802196565738552 2.6966612466255793 1.1152733207188616 -29.51463720627514
2.3904989428849297 2.698558247827093 1.1084594319866006 -29.514704248166247
2.3008514074710225 2.70159617978954 1.1026015454720475 -29.51415782552005
2.2112853017989766 2.705274253683298 1.0976254206510527 -29.513486849581817
2.121810757606319 2.7089833244057075 1.0933716401677787 -29.513265583323218
2.032439398065382 2.714484559249181 1.0897330268570533 -29.51162607154783
1.9431797769293062 2.721228319185628 1.0864892609498407 -29.509011097933616
1.8540406794887765 2.7279678170100663 1.0834774592858258 -29.50660468249705
1.7650302115299308 2.734721530630479 1.0806886720139413 -29.50433233707502
1.676152467112171 2.740057003297584 1.0781635991710568 -29.50361513363321
1.5874102338220677 2.7464972114268154 1.0761251236432139 -29.501783562195044
1.498798286389193 2.752920392726746 1.0747050426204474 -29.499873454713054
1.4103094233441702 2.761105224808796 1.0741053213860519 -29.495945286862572
1.3219308826979033 2.769050748141236 1.074424978426786 -29.49195114717815
1.233650047027771 2.775812127521834 1.0757677170770055 -29.488773747386702
1.145452111040331 2.7812276547117385 1.0781713481525197 -29.486468775117487
1.057319999823592 2.7850682604589627 1.081600441722169 -29.485153695461044
