7.875339949435421 0.13955318928692415 1.4788304151885496 -33.34023788157288
7.844302035767436 0.15247858379258508 1.479870784607664 -33.328202360290966
7.81330480483964 0.15549040645331524 1.4809643478997865 -33.32608084651036
7.782357816443606 0.1549430858905815 1.481960007248688 -33.32751866363861
7.751458426280549 0.15424931702014175 1.4827653786522765 -33.329100576492024
7.720597514275879 0.15359679963073392 1.4833290579295768 -33.330636776515824
7.689764886620393 0.15437853787912573 1.4836182767896529 -33.33073256507034
7.658947987729818 0.15600649701025437 1.4836655112571437 -33.329974054278416
7.628134883730321 0.15799024325331765 1.483511607456091 -33.328850620754835
7.597313338405722 0.15990761466202477 1.4832029094365107 -33.327783428519034
7.566470660767374 0.16179782865212827 1.4827875934546908 -33.32673214436007
7.5355940465332525 0.1635016601861966 1.4823281609567953 -33.32585429801341
7.504671100294521 0.16500681596499747 1.4819091521200918 -33.325159826972175
7.473689716678034 0.16630732401412682 1.4816441744535263 -33.324651254212554
7.442638335523151 0.1675294840891754 1.4816778575514638 -33.32419787749999
7.411505605058564 0.1685674058463897 1.482175663161375 -33.32389987988005
7.380280503722313 0.16920280648727742 1.4832832938252085 -33.32396937861145
7.348951913106702 0.16901110624347213 1.4851236796503737 -33.32482428368095
7.317507117328178 0.168576850980269 1.4877741251127148 -33.32587544120228
7.2859320607601035 0.16848062754541449 1.4912583017794996 -33.32653869046847
7.254214011056147 0.1682550816196604 1.495593752543046 -33.32727610028113
7.222341808614246 0.16928533750110253 1.5006904143916522 -33.32670675015372
7.190310468327033 0.17136223081772095 1.5064704443080819 -33.325041560415364
7.1581183990445965 0.17297505951349365 1.5128921173664134 -33.32378886318034
7.125763403488656 0.1739705457205786 1.5198083556120066 -33.32310613087562
7.093243277326888 0.1761106390430792 1.526897740047672 -33.321246865531194
7.06055988903932 0.1785960146982494 1.5340260379837702 -33.3190118829495
7.027720375773813 0.17898268593110592 1.5412496297686293 -33.31883975346783
6.994731174720612 0.17886634344119762 1.548371824605853 -33.31915591908658
6.961603440883097 0.17849663598324825 1.5553116795250848 -33.31972354778428
6.928345133291855 0.17767462365252856 1.5620176932957763 -33.320745698945636
6.8949609566706735 0.17670220723099775 1.5684080325555412 -33.32192424565605
6.861454850387442 0.17573340382195715 1.5744282488268897 -33.323106175062314
6.827830871208317 0.17498515466932504 1.5800432681064895 -33.32407508087723
6.794093593047542 0.17455151572655667 1.5852472670531756 -33.32473614916584
6.760248229707122 0.17442459123696846 1.5900626055434646 -33.325095282385675
6.7262995304266155 0.17422489668311208 1.5945312775740745 -33.32552577340108
6.692250531257295 0.17350797054209044 1.5986814095819775 -33.326462373568816
6.658101953150868 0.17213708278628262 1.6025208107004543 -33.32803070708353
6.623851634078528 0.1706176302963641 1.6060935179848417 -33.32971659861045
6.58949402721424 0.16943858188650368 1.6094568245421148 -33.3310227307555
6.555022973923834 0.1685676071461166 1.6126494961636597 -33.331972506371514
6.520433431567094 0.16798156549117824 1.6156988207907896 -33.33258324990879
6.485721318702048 0.1676150480261417 1.6186387665844426 -33.33291554669084
6.450883210979036 0.16742633768989063 1.6215050525283052 -33.33300794377223
6.415916227371714 0.16731379686421197 1.6243341496676846 -33.332959823271054
6.380817826746266 0.1672243000215273 1.6271592894258837 -33.33282400266861
6.345585809300726 0.1671268499378873 1.63001064804062 -33.332632895353164
6.310218414584717 0.16648307951268707 1.6329323119671715 -33.3329219277047
6.274713370949388 0.165517782690547 1.6359367400042013 -33.33347384084392
6.239067746641023 0.16494425879013397 1.639000218153189 -33.333590335010584
6.20327944501413 0.16445385966225617 1.6421021798015685 -33.33358232631011
6.167347480103407 0.16390034876480172 1.6452255760570624 -33.33359891154188
6.131272068840419 0.16315909193318517 1.6483610682292733 -33.33376783555054
6.095054104621705 0.16228041465113963 1.6514987008740587 -33.33404410617654
6.058695221815006 0.1612805210895775 1.654633502721208 -33.334415868392306
6.022197445188629 0.16016950606021219 1.65776007589412 -33.33487671827254
5.985563038656688 0.15907033877852358 1.660867220355531 -33.335308714261906
5.948794619492631 0.1579730135026349 1.6639441790225664 -33.33572493598097
5.9118950432995625 0.15677138241985036 1.6669835738086818 -33.336233257697955
5.874867160403511 0.1554786757647902 1.6699751061097177 -33.33682378425163
5.837713683274507 0.15414174476560208 1.6729096457203292 -33.337452657696076
5.800437173864799 0.15280745057756379 1.6757792161006542 -33.33807505898712
5.763040047095808 0.15151813661347271 1.678575990105241 -33.33864972562449
5.725524567960765 0.15030865507861446 1.6812917378211332 -33.33914195762087
5.687892842061711 0.1492046020371545 1.6839176422704696 -33.33952544794033
5.650146801300589 0.14828517636029642 1.6864431899775076 -33.339720438033126
5.612288262056538 0.14739840766024287 1.6888619984174458 -33.33987442492204
5.574318766792528 0.14651340231035823 1.6911692514136065 -33.34001581241297
5.53623966662832 0.14560735652357834 1.6933629486085864 -33.340165527330925
5.49805214574006 0.1446596936806048 1.6954442498037154 -33.34034270464906
5.459757238985363 0.14366366184905618 1.6974171569781822 -33.34055320088057
5.421355857848983 0.1426169273905592 1.699288372876908 -33.340798828557425
5.382848822319757 0.14152079936660453 1.7010667562830564 -33.34107807964951
5.344236888726235 0.14037941373170446 1.7027626501319797 -33.34138689629314
5.3055207745809 0.13919874544114216 1.7043871868066627 -33.34171961718919
5.266701181129841 0.13798581548212477 1.7059516368910037 -33.34206973629084
5.2277788131889595 0.13673460681090713 1.7074669487708376 -33.34244374846819
5.188754382014346 0.13543956552617234 1.7089431431643913 -33.342847850440506
5.149628587863841 0.1341216095589462 1.7103890968699194 -33.34326221531399
5.110402123026926 0.1327980786621897 1.711812998241685 -33.34367041884978
5.07107569952987 0.13148298920148 1.7132220917414183 -33.34405927040446
5.031650072984709 0.13018699520311602 1.7146223958071687 -33.34441892449095
4.992126063109502 0.12891743220689275 1.716018451294083 -33.344742902337416
4.952504570766561 0.12767833614266944 1.7174131394812675 -33.34502812668395
4.9127865914182784 0.12647176785734407 1.718807579969791 -33.34527365884242
4.87297322574528 0.1252960012593509 1.7202011462777584 -33.345482504953665
4.833065690557617 0.1241462129910352 1.7215913965434249 -33.34566095998269
4.793065318157489 0.12301614700263248 1.7229742754553086 -33.34581696352657
4.752973546483683 0.12184821383325484 1.724344661763066 -33.34600921318169
4.7127918675831 0.12065557190773583 1.725696027197142 -33.34622704676569
4.672521758962522 0.11942602670543409 1.7270225573878895 -33.34648437542984
4.632164684683976 0.11816172966209436 1.7283193268799975 -33.34678075384421
4.591722129648464 0.11686991740302498 1.7295822886141174 -33.347110763893205
4.551195620670782 0.11556608526212475 1.7308084025743247 -33.34746087407267
4.510586746841904 0.11423796472850704 1.731996123581111 -33.34784488478105
4.469897148914249 0.11287774936103193 1.7331460182816447 -33.348272229972174
4.429128500760714 0.11151351526552948 1.7342602658597395 -33.34871700412801
4.3882825337702105 0.11015968105471641 1.7353424225444596 -33.34916672201047
4.34736107023599 0.10880549782769522 1.7363961756115693 -33.34963366346915
4.30636599550869 0.10744559493752576 1.7374243316453697 -33.35012472933726
4.265299194227239 0.10610064898751187 1.7384285297476707 -33.350620910496
4.224162516020525 0.10478563873841797 1.7394093261721213 -33.351108421055656
4.182957776343598 0.10351184765410855 1.7403665711065193 -33.35157676580041
4.1416867521726015 0.10228773071448277 1.7412996719821707 -33.35201792083504
4.100351176285625 0.10111943585485884 1.7422078005594275 -33.35242585712889
4.058952732050006 0.10001091567215405 1.743090063854345 -33.35279647322828
4.017493049623147 0.0989642095682716 1.7439456492631316 -33.35312736554111
3.9759737040608147 0.09797949981570611 1.744773942535601 -33.35341782584434
3.9343962154023937 0.09705681039998316 1.7455746273094936 -33.35366721829868
3.8927620516899744 0.09619781983390366 1.7463477634253268 -33.35387323954229
3.85107263993012 0.09542363159912234 1.7470933724751887 -33.354014302461174
3.8093293775847 0.09475673576853831 1.7478112134377852 -33.35406728693751
3.7675335600675215 0.09416038251878242 1.748500257573307 -33.3540675647507
3.7256863822433397 0.09358246220441895 1.7491590466710916 -33.354065946830346
3.683789000343922 0.09302281679848566 1.749786675423805 -33.354062279117976
3.6418425919770363 0.09248411742023344 1.7503832558660557 -33.35405405705535
3.5998483861265167 0.09195730907664904 1.7509502820130756 -33.35405092392748
3.557807658210815 0.09144696470255087 1.7514909604366147 -33.35404946917851
3.515721705983983 0.09095511804884389 1.7520098469996772 -33.35404897500929
3.473591856113406 0.09047112664535614 1.752512448152151 -33.35406140439118
3.4314194585473117 0.08996986735900836 1.7530047473882304 -33.35411316913985
3.3892058623198555 0.08947151743123533 1.7534931597423982 -33.35418594467304
3.346952410528623 0.08898190973796788 1.7539841730856767 -33.354275771963984
3.304660495778056 0.08849385556278783 1.7544849694190607 -33.35439168286401
3.2623315657270604 0.08800453809224065 1.7550043288681727 -33.35453820951307
3.2199670885686413 0.0875160777699275 1.755552122517147 -33.35471459866364
3.1775685279272916 0.08703377192759466 1.756138382492994 -33.35491638809747
3.1351373211699554 0.0865636756186829 1.7567720910926585 -33.355137827798124
3.0926748728788405 0.0861128911797799 1.7574604122136661 -33.35537161331639
3.0501825509945535 0.08570482636860402 1.758208084708475 -33.355593802728315
3.0076616937811207 0.08534683822062186 1.7590168328881612 -33.355796043327274
2.965113636112975 0.08504169904883706 1.7598844190179603 -33.35597450332416
2.9225397154124892 0.08479318478722907 1.7608044472830733 -33.35612458071212
2.8799412836408065 0.0846095501778006 1.7617669656875659 -33.356237663011
2.837319723789297 0.08450369285764518 1.7627592032834951 -33.35630133128319
2.794676479931131 0.08443989956480685 1.7637663766350715 -33.35635300173519
2.752013117509516 0.08441223539745325 1.7647740003752617 -33.356402325208144
2.7093313902201475 0.08430400756655242 1.7657697902546101 -33.35657109441953
2.6666332731296305 0.08415852717416286 1.7667453564728817 -33.356823711854524
2.6239208809169225 0.08396840458954902 1.767697227214414 -33.35717573285661
2.581196583183668 0.08371492758280141 1.7686290285331776 -33.35765343072701
2.538462889412029 0.08343887217370163 1.7695467232069593 -33.35822242195411
2.4957224163099685 0.08317889134211615 1.7704553006734165 -33.35884878825632
2.4529778739339663 0.08298297549438077 1.7713588461937466 -33.35948763663492
2.410232040202188 0.0828977988454167 1.7722605962622098 -33.36009364872016
2.367487749775832 0.08297917737981018 1.7731641345106262 -33.36061009039086
2.324747845151806 0.08321657195668823 1.7740742112273744 -33.361043859106005
2.282015094935145 0.08357363694610365 1.7749961631215516 -33.36142516592929
2.239292008294363 0.08405646659076553 1.7759333864574571 -33.36173934814628
2.1965806895784517 0.08614240392098775 1.7768872225070518 -33.36049171015966
2.153882775043538 0.08900845764647512 1.7778489343474093 -33.358489669951204
2.1111995981743252 0.09259436735910073 1.7788078032577668 -33.355778310266544
2.068531927643175 0.09701730932516335 1.7797551929622948 -33.352222446310236
2.025880002552106 0.1020625664722192 1.7806810793235945 -33.34801677287272
1.9832435221372513 0.10708450662427554 1.7815753602666566 -33.343787700001386
1.9406215545382872 0.11055063405981112 1.7824283401424796 -33.341053574892996
1.8980125101286316 0.1126295608441348 1.783241668460063 -33.339629826379536
1.8554143392851556 0.11404780904352849 1.7840214922154285 -33.33877645089345
1.8128244568726932 0.1154151150958372 1.7847831717974687 -33.33787394837659
1.7702400804339606 0.11693975175937747 1.7855477095836545 -33.3367108289917
1.727658514122287 0.11806147148144475 1.7863312761986425 -33.33585091977554
1.6850772305628146 0.11869248871917938 1.787147425254174 -33.335393432355126
1.6424940322447592 0.11881900422674585 1.7880064704379925 -33.335369249665895
1.5999072029278725 0.11858143554986073 1.7889259220957807 -33.335659343429185
1.5573158300672816 0.11809938924128426 1.7899411801711715 -33.33616982020489
1.5147199514879235 0.1173250896653728 1.7910830821266055 -33.336980391269485
1.472120464716535 0.11615663644632036 1.7923802618449722 -33.338232509265055
1.4295191720216829 0.11507112892320294 1.79386907446091 -33.33949212351563
1.3869192170486986 0.11511570854906816 1.7955933197753842 -33.33974579950558
1.3443248077224694 0.1156983396663864 1.7976034518540323 -33.33959762910701
1.3017410093398212 0.11654660958535042 1.7999475555223015 -33.33932499208141
1.2591734139721313 0.11752293959315992 1.8026676040158922 -33.33906299307073
1.2166277330763515 0.11846035740209745 1.8057969444809883 -33.33896802357045
1.1741094646626051 0.11931515737931929 1.8093537268643751 -33.33906524994451
1.1316233796568513 0.12032121830741829 1.8133160117780232 -33.33909606230822
1.0891733892859161 0.12137532359304992 1.8176271807411093 -33.339141666321574
1.0467629886621144 0.12248703485770612 1.8221978305426274 -33.339173890599874
1.0043954143088483 0.1237204601497879 1.8269188586201335 -33.33911404718496
