7.83610645907447 -0.5499415066429063 1.4950470096049377 -64.05734313552806
7.804851866997222 -0.5424206728640146 1.4997270325510135 -64.05075752953509
7.773633555932164 -0.5366069458057389 1.5044140158516177 -64.0458693152359
7.742458714350319 -0.536256176247372 1.5091247632851894 -64.04644001170577
7.711330255190992 -0.536481709255092 1.5134009033282376 -64.04757725783848
7.68024263740089 -0.5361192219184346 1.5169670068964454 -64.04811113796836
7.649188059253614 -0.5359842374596613 1.5196603097087968 -64.04885349425513
7.618158991265929 -0.5348963936410519 1.5213073865659439 -64.04862087106713
7.587145464884274 -0.5332038823609574 1.5218444809872642 -64.04775999578153
7.556136303656638 -0.5314850289025269 1.5212283725539126 -64.04684835024823
7.525119018791089 -0.5299425337559768 1.5194265665838873 -64.04608874012972
7.4940796636581455 -0.5283377966885671 1.5164651712884933 -64.04524526763214
7.463004077162554 -0.526589347549862 1.5124297406646898 -64.0442427975011
7.4318790209827865 -0.5252137322799344 1.5074279632387297 -64.0436082477131
7.400692431436196 -0.5242296256047548 1.5016230591176745 -64.04337632895015
7.369432134028348 -0.5233493077074732 1.4952399640735607 -64.04328056140379
7.338086034687315 -0.5227144208275503 1.4885008068241683 -64.0434880580472
7.306642285058875 -0.5233821883886378 1.481547777618175 -64.0450858505333
7.275086784431965 -0.5247638510555432 1.4746296953159126 -64.04751656415877
7.243402748535828 -0.5254258467858376 1.4680428620034207 -64.04936896072927
7.211575455557433 -0.5251772118449595 1.4619648699018626 -64.05046688375906
7.179592786256046 -0.5237606895288139 1.4565509450466276 -64.05056013678018
7.147447269695831 -0.5203389574593124 1.4519093795048525 -64.04880347678314
7.1151368077828705 -0.5168815485051751 1.4479460874820553 -64.04717390309617
7.082658391121817 -0.513521381045077 1.4446242877169522 -64.04579338770527
7.0500091511012775 -0.5096367674768266 1.4419012948638028 -64.04401332999176
7.017189709283685 -0.5049261094087704 1.4396893639360235 -64.04150253754672
6.984205496686832 -0.5005087990129496 1.4378522419457995 -64.03937137499818
6.9510648346859085 -0.49714998899031626 1.436301330318979 -64.03837464096685
6.917780173320534 -0.4945263896408788 1.4349893793614745 -64.03816517293322
6.884361608776497 -0.4926815742789148 1.4338188924327935 -64.03876937761311
6.850814905758103 -0.49113626245930603 1.432684794833219 -64.03968034338112
6.817144438207892 -0.48978001636131757 1.4314907565269155 -64.0407670477443
6.78335452894448 -0.4885190734220716 1.430165467486153 -64.04192062748001
6.749449756591302 -0.4868736921099836 1.4286690807587734 -64.04264604124717
6.715435524652304 -0.48500814979647855 1.42697273207475 -64.04310925291325
6.681317915772957 -0.4826720403942132 1.4250706802378104 -64.04306252289074
6.647102867956683 -0.48027066506121274 1.4229345374544888 -64.04293081218647
6.612794926277162 -0.47894938293063405 1.4204726444988265 -64.04389772059719
6.578395722283074 -0.4782046032594415 1.4176127738014879 -64.0454804823803
6.543901880507037 -0.47733870433600445 1.4143629652010736 -64.04700277333797
6.509307491082227 -0.47586786471054165 1.4107403504353841 -64.04799514319575
6.474606183825896 -0.4739862084755823 1.4067478396414794 -64.04866606914
6.4397925194283445 -0.4717172400752542 1.4024028215046251 -64.04904863160485
6.404861705240015 -0.46909773997668497 1.3977335889459932 -64.04918951123038
6.369809501597899 -0.4661665236889331 1.3927777880090673 -64.0491366084036
6.334632066818696 -0.46291272433216596 1.3875841186190876 -64.04888518998133
6.299325863035802 -0.4592859132970117 1.382210970860121 -64.04838718684933
6.263887872963926 -0.4554792310813984 1.3767078679002749 -64.04784134963747
6.228315536502666 -0.4520263896729626 1.3711104281554485 -64.04779514584092
6.192606149048645 -0.4487407649063805 1.3655019158642139 -64.04805300750515
6.1567566752146945 -0.4451626227624051 1.359975903629603 -64.04812661699802
6.120764559219072 -0.44142260716252907 1.3545657304464405 -64.0481274976803
6.08462804482886 -0.4376034922502771 1.3492851601394082 -64.04811856819843
6.04834667449112 -0.43386602084160175 1.3441426570211872 -64.04824888373568
6.01192112115691 -0.430239993052712 1.3391543049830819 -64.04853608572539
5.975352928298368 -0.42672267145136633 1.3343345200775836 -64.0489672474983
5.9386441881355205 -0.4231658953301388 1.3296998201653296 -64.04937989885416
5.901797651593337 -0.41961546363262253 1.3252523366277524 -64.04981143350761
5.864816454992893 -0.4160937334163683 1.320996001915152 -64.05027552038483
5.827703949100183 -0.41266355799430887 1.316930794154983 -64.05082808875432
5.790463554936802 -0.40935939205926825 1.313054589227645 -64.0514962346459
5.753098641001669 -0.40612314267743027 1.3093648592156766 -64.0522125286558
5.715612514349973 -0.402896339240487 1.3058530630308813 -64.05291085847459
5.678008413760476 -0.39964934820144393 1.3025029126349998 -64.05355665486229
5.64028945478826 -0.39633870578553276 1.2992921777961337 -64.05410283666866
5.602458520088936 -0.39290188849399305 1.2961937112744217 -64.05448432944993
5.564518228312037 -0.3892971634007504 1.2931748166059243 -64.05465903074015
5.526470916795101 -0.3854953475726095 1.2901994108442605 -64.05459921958965
5.488318618563615 -0.3816030535399922 1.287225342964431 -64.05441857112159
5.45006290596645 -0.37778108274436406 1.2842093096799576 -64.05428793938377
5.4117050076515 -0.3740114209341603 1.2811272351261715 -64.05419322558465
5.373245968868722 -0.3702876065290258 1.2779660047227344 -64.05413156616125
5.334686638363035 -0.36658814787402894 1.274723253316028 -64.05408408659193
5.29602776100148 -0.36289713114076244 1.2714041372756948 -64.05403742744376
5.257269967644785 -0.35929153837411815 1.2680162043817875 -64.0540736221423
5.21841367679678 -0.3557765238266796 1.26457460089002 -64.05420033117679
5.179459169564528 -0.3523313338118898 1.2610988560843035 -64.05439800914716
5.140406662491141 -0.3489340981815986 1.2576106786586663 -64.05464536932755
5.101256356246417 -0.3455909701598388 1.2541314922300106 -64.05494938430432
5.062008464872969 -0.3423201257353072 1.2506818812619398 -64.05532884120386
5.022663218121447 -0.3390675064744344 1.2472838546119087 -64.05572794243238
4.983220837010833 -0.3358029316578427 1.2439560676143544 -64.05611542664413
4.943681621629728 -0.3324436037137882 1.2407160537167932 -64.05640542142704
4.904046041334611 -0.32900258507141283 1.2375743717043806 -64.05661024545371
4.864314742606992 -0.325491488231904 1.2345386986247713 -64.05674168704991
4.824488448904708 -0.32192961741770126 1.23161256744077 -64.05681924585991
4.784567922914665 -0.3183467330761064 1.228795607356345 -64.05687198402548
4.744553974237282 -0.3147767925761801 1.226084704689664 -64.05693129130557
4.70444750506424 -0.3111612518471121 1.223478469000066 -64.0569306118427
4.664249675612447 -0.30754688245013945 1.2209710983978965 -64.0569092066115
4.623961982489906 -0.3040101501484635 1.2185564432114997 -64.05693743558707
4.583586132128015 -0.3006753609687575 1.2162259061599279 -64.05713538905783
4.543123891236121 -0.2974848796518529 1.2139758625293118 -64.0574359056262
4.502577089132572 -0.29438181995514967 1.2118042622744807 -64.05777310860927
4.46194767005102 -0.29136695026728526 1.2097116234080263 -64.05814150163603
4.421237753919801 -0.288466440496878 1.2076988750758866 -64.05856272372435
4.38044960648145 -0.2857047496973944 1.2057666310298762 -64.05905770991933
4.339585568992797 -0.2830783402132957 1.203915473048359 -64.05961969714976
4.298647988855702 -0.2805669953874105 1.2021447679573167 -64.06022586038097
4.257639177782867 -0.2781489874709042 1.20045201535128 -64.06085287868608
4.216561385154084 -0.27580291414988894 1.1988329614755047 -64.06147879163257
4.175416775109307 -0.27351295959192573 1.1972817579704123 -64.06208832635318
4.134207404409745 -0.27124369293495615 1.1957919485158794 -64.0626470102449
4.092935159714403 -0.2689766796313575 1.1943555366684413 -64.06313830852201
4.051601778076992 -0.26669997557020203 1.1929641800998418 -64.0635527835247
4.010208861164246 -0.264407714828647 1.1916098134864366 -64.06388755375306
3.9687578875538483 -0.2620983743629716 1.190285123396256 -64.06414437473715
3.9272502242573766 -0.25976055749324056 1.188984173676588 -64.0643149802998
3.8856871476457653 -0.2573695855727818 1.1877026977268867 -64.06437745020669
3.8440698503262545 -0.25499930071091903 1.1864336480165143 -64.06441014502899
3.802399311923576 -0.25266749012971207 1.1851699864908078 -64.06443359056207
3.760676466839795 -0.2503550591433932 1.1839073666075857 -64.06443027522612
3.7189022703891133 -0.24806400265730527 1.1826439460843425 -64.06440301987439
3.6770777510861143 -0.24580064468977558 1.1813811038966402 -64.06435826615011
3.6352040141746143 -0.24357375515578708 1.1801230494827988 -64.06430437583948
3.593282235085081 -0.24137875201610676 1.1788765354289485 -64.06423572007085
3.551313659774307 -0.23922864475789946 1.17764942210171 -64.06416422090248
3.509299591520977 -0.23714244531714135 1.1764509442541695 -64.06410771249618
3.467241347912027 -0.23515685099931416 1.175290838584353 -64.06410197387106
3.425140227659329 -0.2332598663958856 1.174180048975218 -64.06413331337666
3.382997505936723 -0.2314582944503667 1.1731294448261067 -64.06420652351188
3.340814515338593 -0.22972839589415597 1.1721515820345507 -64.06429593478009
3.2985926105229346 -0.22808240084482143 1.1712575695958585 -64.06441282716261
3.2563331517904777 -0.22651539115380093 1.1704570077134002 -64.06455177879872
3.2140375078619834 -0.22502264006113004 1.1697581255703995 -64.0647081216606
3.171707055310176 -0.22359932793073178 1.1691673658279673 -64.06487757940938
3.129343177110682 -0.22224353879599046 1.1686887185297392 -64.06505914928515
3.086947259611751 -0.22095596545905016 1.16832326988307 -64.06525458989246
3.0445206771111732 -0.219720300906322 1.1680690830759501 -64.0654483319052
3.002064769134402 -0.21852692746400162 1.1679206011794563 -64.06563102909364
2.9595808766336655 -0.21736027141170566 1.1678696138937488 -64.06578674081572
2.9170703679414096 -0.21621588774283326 1.1679058446835042 -64.06591005156398
2.874534665659563 -0.21507401903447837 1.168017633029333 -64.06597910624883
2.8319752580581 -0.21396576797109593 1.1681922729574887 -64.06602117269387
2.7893937672048144 -0.21294984982804285 1.1684180080746789 -64.0660892797777
2.7467920106607564 -0.212136961987562 1.1686850400758608 -64.06628682096859
2.7041719863368563 -0.2115133916283772 1.1689881396948636 -64.0665904550924
2.661535860114893 -0.211114598618471 1.1693292509761284 -64.06702674947415
2.618885931168864 -0.21092574211630463 1.1697168594127685 -64.06757364404126
2.576224667926274 -0.21092156961401928 1.1701597063724574 -64.06820023526956
2.533554694465611 -0.21107741314874226 1.1706649118171615 -64.06887797236246
2.490878764744717 -0.2113684511117491 1.1712378113324322 -64.06958011263404
2.448199724160493 -0.211747310911088 1.1718819281606563 -64.07025947412215
2.405520463640343 -0.2121717359419974 1.1725987816765666 -64.07087607222343
2.362843901477861 -0.2125981805583227 1.1733885700077036 -64.0713920698605
2.3201728992646684 -0.21299051806808297 1.1742502288523655 -64.07178106854582
2.2775101443793577 -0.21341281726984007 1.1751811210839784 -64.07212044986738
2.234858060157683 -0.2131408252175546 1.1761771250298185 -64.07170753204599
2.192218494325728 -0.21150458277559267 1.1772239985144795 -64.06989218321844
2.1495927061093365 -0.20906796664061575 1.1783001893701879 -64.06724628081706
2.1069814409744327 -0.20531759525654197 1.1793788480272807 -64.06327385960547
2.0643847553607477 -0.2011172151131727 1.1804266687352274 -64.05884563876563
2.02180224998058 -0.19750632505997373 1.1814087050497433 -64.0550138860697
1.9792327257863644 -0.1956937507126591 1.1822917960303272 -64.05300630305123
1.936674358314348 -0.19472054029555885 1.1830502098699152 -64.0518981711562
1.8941246417754167 -0.1939186590319111 1.1836798313707677 -64.0510435978166
1.851580652348267 -0.19286642135881868 1.1841966444394727 -64.05003009099609
1.809039411373864 -0.1917415891095979 1.1846243201255855 -64.049031778297
1.766498066010521 -0.19096288897508684 1.184987481451606 -64.04845672329843
1.723953977291044 -0.1906684532673427 1.1853098309823338 -64.04842864084033
1.6814048904990375 -0.1904961106778469 1.185619685836999 -64.04856595968995
1.6388491401480745 -0.1904859733047041 1.185946773473135 -64.04888251192308
1.5962859161333498 -0.19073549190324382 1.18634426948702 -64.04944865110109
1.5537154027959348 -0.19131252489288997 1.1868702200439687 -64.05029784035527
1.5111387191377907 -0.1928592673601407 1.1875887900575437 -64.05203143431153
1.4685579590323101 -0.19432777588295544 1.1885807744186638 -64.05355723656864
1.4259767212088823 -0.19496482607959642 1.1899186199548715 -64.0540850863502
1.3833995199694347 -0.19508006055154592 1.1916610943659656 -64.05389460175995
1.3408317653559774 -0.1952032874113516 1.1938584361845321 -64.05349754813832
1.2982794629151404 -0.19556273030564586 1.1965496755290521 -64.05312066632132
1.2557488260185343 -0.19625938489926953 1.199759359858574 -64.05287602483702
1.2132458801438522 -0.19727640096055132 1.2034914203602338 -64.05276735424222
1.1707761275641544 -0.1987162922412225 1.2077273946473444 -64.05292064225229
1.1283442644901311 -0.20043179359724853 1.212407710314353 -64.05321214674089
1.0859539618484653 -0.20225800997320328 1.2174340902475742 -64.05348704286125
1.0436082077249031 -0.2041480665990415 1.222693577034095 -64.05369138509548
1.00130982993371 -0.20598458261222508 1.2280597829678848 -64.05369016101118
