7.773372363488461 -1.7099708208243711 2.6267242136547653 -3.3131072083194395
7.721998506707828 -1.7088736661493034 2.632874854120073 -3.3074032074373663
7.670673879230125 -1.707202530058385 2.6390581625471747 -3.3016866405825143
7.619404824446614 -1.7110162838407117 2.6453650033302236 -3.3018181241972266
7.56819829516605 -1.7144842171136925 2.651015777409971 -3.302092918636715
7.517047856940431 -1.7160075640095438 2.655625905969434 -3.3010067015190137
7.465938796965389 -1.7167558016975162 2.658992037155966 -3.2997532585086353
7.41485614896764 -1.7168744850640167 2.660845788382724 -3.298490142024632
7.363782800606068 -1.7174735767926972 2.6609500143705866 -3.298312425547136
7.312701382897853 -1.718482493002507 2.6590688815983268 -3.2990855865793147
7.261593977383848 -1.719737959989992 2.6550948205197 -3.3005492935780563
7.210441361566064 -1.7213042876438744 2.6489341773976682 -3.3026990602796777
7.159223533857066 -1.7233750507407077 2.640478562134114 -3.305679005148639
7.107918328280206 -1.7254782568293325 2.629681494994449 -3.3089747051108427
7.056501509094744 -1.72736232284117 2.6165295962301434 -3.312339986931737
7.004948960831373 -1.7293957316883 2.6009728730425516 -3.3161943332220565
6.953237142209825 -1.7310855915950456 2.5831330511425366 -3.3200592460455427
6.901343344557699 -1.732469124186252 2.56310431149182 -3.323974591626089
6.8492457748351505 -1.7334165943842827 2.54106420302696 -3.3277677966576116
6.796924560559769 -1.732647354082051 2.517555751338695 -3.3300110807674823
6.744365259043518 -1.7298685829031866 2.4930358529206913 -3.330293182056871
6.691561124781463 -1.7233083385911065 2.4684546229777924 -3.326657292096437
6.638516261114482 -1.7183931496857303 2.442872253065934 -3.324754120557619
6.585218125581838 -1.7134688868614363 2.417340053246895 -3.3227020925951876
6.531655842334428 -1.7103542372690375 2.391936530229934 -3.322353695063999
6.477809657146525 -1.714355546560898 2.3657385653670757 -3.3292464626933267
6.423661642849147 -1.7205068264249652 2.3404306875276335 -3.3381759801471436
6.3692231849519105 -1.7256441392732125 2.316951204645345 -3.3458645541026217
6.314518569848968 -1.729231634225892 2.295467712187025 -3.3517894844858436
6.25957310663116 -1.7305407236043338 2.276091404837724 -3.355212434769879
6.204413271954507 -1.7305431100573663 2.258531927988453 -3.3571497321446504
6.149062633403738 -1.7301056314698435 2.242516274217964 -3.3585079163924147
6.093538868058091 -1.728031711242054 2.2280849206140796 -3.358074248004769
6.037859340003924 -1.7254051846072882 2.2148839950823342 -3.357005711785125
5.982037626716149 -1.7217138564333123 2.202805956357768 -3.354795446723488
5.926087138422783 -1.716482688283099 2.1917230354454844 -3.3509474306671403
5.870023601686601 -1.7112408644434873 2.1812596353856715 -3.3470100000181517
5.813862633625151 -1.70597815997266 2.1712243254874397 -3.3429310280284383
5.7576183187432575 -1.7016083185481596 2.1613059834312183 -3.3396173450585804
5.701297151142284 -1.6977132642290034 2.1513675172586204 -3.3366562219811833
5.644898982556735 -1.694045070398798 2.141323970278428 -3.3337855731957684
5.588421204629286 -1.6907437358272963 2.1310977979831702 -3.3311384505150476
5.531859962033728 -1.6880534633600897 2.1205956082907482 -3.3289660300275274
5.475209270127967 -1.685969095502525 2.1097435148265173 -3.3272698004128456
5.418460980471368 -1.684487590374486 2.0984652003274697 -3.3260624778621275
5.361605357396605 -1.68350141415327 2.086702060891913 -3.3252596414214866
5.304631139813949 -1.6829397012589409 2.0744112988662007 -3.3248248773775932
5.247526670965502 -1.6824675604795698 2.061602814263075 -3.3244553796825116
5.190280726139643 -1.6818945694904939 2.0482894991862985 -3.323997974697762
5.132883489669922 -1.681220666202051 2.0344736555693754 -3.323493602280702
5.075326803535175 -1.6805522460049405 2.02015261213695 -3.323087182043219
5.01760365015133 -1.679901541604152 2.0053516497477832 -3.3228179058115015
4.9597074110102115 -1.679203511950592 1.990133852409718 -3.3226316801529663
4.901632496244081 -1.6777541233827609 1.9746863617890589 -3.3218042965395442
4.8433760378424635 -1.675612763745938 1.9590886742509084 -3.320384445154571
4.784938159551796 -1.6728991669349558 1.9434287410000037 -3.318476842824132
4.7263211308046085 -1.6694703268443807 1.9278764085512545 -3.3159007116811834
4.667529119914295 -1.665685310697234 1.9125380760171358 -3.312980511977004
4.608568216661733 -1.6622721395263467 1.8974377836855973 -3.310410256313535
4.5494441374348975 -1.6598052523805873 1.8826037056341303 -3.3087289312569537
4.490161053523573 -1.658073296519043 1.8681909033448028 -3.307676991931933
4.4307238378536775 -1.6570123843543452 1.854300338032426 -3.307163996682511
4.371138216384202 -1.656461647412182 1.8410191059864482 -3.3070129580069474
4.311410355367977 -1.6562742265489334 1.828402766520257 -3.3070713250808215
4.2515472297558174 -1.6559566015509413 1.8165237034325576 -3.3068397762908113
4.191557090210837 -1.655839635342334 1.805329572223397 -3.3066613350515244
4.1314480957178015 -1.6558961374032968 1.794803877951191 -3.306515064806923
4.071228285446549 -1.6560459824844411 1.7849229272584481 -3.3063283908311876
4.010905435944612 -1.6564618144654037 1.7756271018097667 -3.3062861004840984
3.950486776449205 -1.6571702523857659 1.7668662975980995 -3.306424569258442
3.8899790302840547 -1.658059068325745 1.7585981709261802 -3.3066390873338456
3.829388437238777 -1.65887915260143 1.7507874315251912 -3.3066859658879513
3.76872051796046 -1.6592754245201764 1.7434013297821498 -3.3062159107545694
3.7079796448568465 -1.6595037189099457 1.7363522701826162 -3.305498522659222
3.64716913325303 -1.6601633597041456 1.7295298869312257 -3.3051480914581455
3.5862908245245686 -1.6606113497734976 1.7229129546723327 -3.3045250623222007
3.525345311757314 -1.6613939070124204 1.7163965890607704 -3.304190144359387
3.464332615398413 -1.6624218530616872 1.709922977218174 -3.3040587916601063
3.403251464477409 -1.6634654578440389 1.7034612933484992 -3.3039037847191994
3.3420999637413766 -1.6644280880130067 1.696994578777422 -3.3036295908019992
3.2808762370551583 -1.665335473000345 1.6905078317837883 -3.30326101241685
3.2195785940626243 -1.6662431021365043 1.683992969582694 -3.3028504764423716
3.1582054266208734 -1.6671847557678596 1.67744859456902 -3.3024276039257012
3.096755027007096 -1.668136023872029 1.6708779079968374 -3.301964175796872
3.035225667863356 -1.6690748484202225 1.664280781698436 -3.3014360612154228
2.973615731627346 -1.6699057167178568 1.6576589461517504 -3.300746906134636
2.911923824559747 -1.670567198296897 1.6510104946386748 -3.2998362259281886
2.850148966577069 -1.6710856768894227 1.6443341223794714 -3.2987322625108773
2.788290563525614 -1.6715786732605078 1.637641260844775 -3.297553904393394
2.726348563118078 -1.6723856868114686 1.6309487161800524 -3.296642026861822
2.6643233645847766 -1.673618373290546 1.624316954822921 -3.296108876482774
2.602215427667779 -1.6748764348908842 1.6178640973533074 -3.295558411908032
2.5400261474583625 -1.676138611088418 1.6116995853010563 -3.2949797363246605
2.4777587182076632 -1.6772281306213777 1.6059550165845777 -3.294205560506789
2.415419264176519 -1.6790288797221384 1.6007066339763398 -3.2941229603455966
2.3530162007973443 -1.6817838449265603 1.5960870259705289 -3.2949663359810444
2.2905587878932523 -1.685343729746037 1.5922567211088998 -3.2965755028108266
2.2280562802061783 -1.6894536491859928 1.5893487627711875 -3.2986906253685717
2.1655184971056993 -1.6936728866904844 1.5874587131961877 -3.300869016225602
2.1029559833765945 -1.6976885016158814 1.5866282141019237 -3.3027963156711193
2.040379706813001 -1.7012783414722192 1.586851640150112 -3.304247985349167
1.9778006607218341 -1.7046323824918672 1.5880873062406513 -3.305409940305913
1.9152295237674455 -1.7078980773446886 1.5902711110898489 -3.30642373491757
1.8526763695794493 -1.711439316463762 1.5933259621346254 -3.307645830969371
1.7901504409990636 -1.7152027503106744 1.5971522445439827 -3.309015040499214
1.7276595975433795 -1.7184888919502286 1.6016119288744253 -3.3098266707841497
1.6652099895882975 -1.7218301610067146 1.6066044966665647 -3.3106093667885403
1.6028067984332135 -1.7227922906350537 1.6118960303629455 -3.3089278648249603
1.5404526409623396 -1.7234544195645227 1.6174737241234498 -3.3068571503845092
1.4781507860366696 -1.723249255656871 1.623205335900466 -3.3038226553181347
1.4159026980522362 -1.7222507246958105 1.6289824191384545 -3.2998935204212794
1.3537088809437865 -1.722837746657792 1.6348041721116529 -3.2974395492941966
1.2915698501775412 -1.726736842414706 1.6406125763041377 -3.2981809558888466
1.22948497735658 -1.730612331251556 1.6460550084444685 -3.2987821399021815
1.1674482625158273 -1.7346521742278596 1.6510064729170355 -3.299439265606339
1.1054531565602774 -1.738930529033689 1.6553756979480914 -3.3002233154304457
1.043492729486031 -1.7431113247976326 1.659102006544156 -3.300781848482582
