7.886491831568299 0.03446152730992498 1.9777164762384152 -45.51732968014862
7.809349673731082 0.038216522876592975 1.982952499686301 -45.513339161202296
7.73213524292702 0.04041827215885893 1.988538058654301 -45.51095973490709
7.654886579641815 0.04086478417505095 1.994112643431644 -45.510395492606534
7.577621513764697 0.040619736332277175 1.9992231313638489 -45.510612427590125
7.500345456286823 0.03956593786435179 2.0036410403765155 -45.51176467419629
7.423061398521925 0.03878485059185249 2.007153650549449 -45.512814426349024
7.345771144282924 0.039170376560252525 2.0096540275655914 -45.512908042653685
7.268473379197538 0.04033590237085851 2.0111729027894945 -45.512461011563175
7.191172979356422 0.04130296858886939 2.011841400081234 -45.51247473643358
7.113883028873482 0.04110514813696222 2.011789950853239 -45.513932907265115
7.036621264374319 0.04070443134817648 2.0111088997206004 -45.51586034514554
6.959407310807492 0.04040830429335774 2.009904591640917 -45.51793694865257
6.882258413666941 0.040572136214344655 2.008276681695014 -45.51978756496126
6.805189118315219 0.0410857088065135 2.006329897940621 -45.52150743594152
6.728212467029247 0.04210194628443407 2.0041761793712554 -45.52291906780774
6.651338740624531 0.045438083359412455 2.001946831560323 -45.52212921220878
6.574572909711997 0.050053266605120925 1.9997752266764595 -45.520174964367214
6.497923086398322 0.05459598580764243 1.9977873050640016 -45.518411754407225
6.421402294146592 0.058799782276208204 1.9961048926571139 -45.5170764790418
6.3450182335894425 0.06352626534150405 1.9948161457307054 -45.51524679806348
6.268772216726055 0.06885683741186932 1.9939818631191073 -45.51281598372901
6.192665368331904 0.07431523498448361 1.993634128452791 -45.510256527654015
6.116701582417733 0.07948686370658686 1.9937695876465975 -45.50797681507157
6.040886909073273 0.08409066909988797 1.9943282567980727 -45.50624170587399
5.9652302108601525 0.08913965285555442 1.9951207372629254 -45.50397339591752
5.889739281703709 0.09295870385366466 1.9959297090420642 -45.502869036833005
5.814426111734089 0.09442340415857897 1.9964182789698064 -45.50403960264424
5.739290719429153 0.09498861123841816 1.9961302189245427 -45.50593839848253
5.664321108143304 0.09641576831897328 1.9946478849119635 -45.50673327592792
5.58949756049269 0.09831761142727168 1.9916887636141904 -45.50683393601216
5.514808434669452 0.100412095517298 1.9870688514101031 -45.506546584821514
5.440248713492041 0.10275361564777677 1.9807095232297771 -45.50583463027921
5.36581731557737 0.10559820565163061 1.972630914084941 -45.50445789091606
5.291515441886186 0.10940746717045795 1.9629743564685112 -45.50196902923062
5.217344664974345 0.11384827810082061 1.9519296288831336 -45.49873244070169
5.143309254235773 0.11867997246101786 1.9397903285313445 -45.495013733026646
5.069415376795942 0.12282691926973621 1.9268166654055099 -45.49192137068841
4.995671064942673 0.12633600160580055 1.9134890663742485 -45.489413554772945
4.922081890359408 0.12938628799532045 1.900277631773524 -45.487316836149795
4.848650833654816 0.1285465431064561 1.887250207622681 -45.489134718637004
4.775384232751253 0.1278771868832889 1.8753652238476355 -45.49075632059955
4.7022787290855455 0.12891302757504897 1.8651866992701465 -45.49064275169137
4.629329683052558 0.12878688451483744 1.8568334106138182 -45.49171842369753
4.556540735707282 0.12539739677005413 1.850520694164673 -45.49611672298174
4.483920492051789 0.120641312346088 1.8465641514771962 -45.50190381731683
4.411472690723164 0.1150550108447002 1.8450067256969904 -45.5085294462325
4.3391998220788 0.10839533481728904 1.8457470291128464 -45.51623399575605
4.267103150767832 0.10782086642757784 1.848305120704261 -45.51772309655472
4.195168899505125 0.10999596660952597 1.8523373144639586 -45.5163885872862
4.123385358981552 0.11337371273847459 1.8574064823359488 -45.51380069065721
4.051749093577284 0.1156717605426368 1.8631223697774564 -45.51225909578772
3.9802646297329924 0.1169091686970566 1.8689554396621915 -45.51169644758132
3.9089239360949484 0.11648462671460363 1.8744825868930373 -45.512701609724736
3.837716071875996 0.11438987799946661 1.8792199243208079 -45.51526766465526
3.766629557074266 0.11259773600191743 1.882696470381237 -45.51739443340265
3.695649528300154 0.11169355460647375 1.8846567989555512 -45.51851126490925
3.6247632423556375 0.11099614859440336 1.8849548977082549 -45.51932960191884
3.553960943490473 0.11039408952552585 1.8835019740155796 -45.519987004663044
3.48323666454298 0.10990969212738898 1.8802686018423385 -45.520483697355395
3.412587687454634 0.10972443867813629 1.8752930477329401 -45.52065634489243
3.3420139334533903 0.11021684795313913 1.86869495826976 -45.52013769808112
3.271516841028631 0.11231408121801933 1.8607399000173088 -45.51800623672598
3.201097975091646 0.11420575811156544 1.8515905579528207 -45.51608914094177
3.1307624129596436 0.11512354136271244 1.841533417560925 -45.515150440278006
3.060515531503121 0.11554155481174205 1.831023957354168 -45.514708295963466
2.9903611669300525 0.1166303458567505 1.8205799389611397 -45.513593741945975
2.920301553925104 0.11344616823599209 1.8101197092948058 -45.51678423828897
2.850344013628387 0.11125199242355557 1.8006255412370915 -45.51900255958887
2.780490831361571 0.11281843540162899 1.7927101248428958 -45.517483335229166
2.710740770546 0.11537583033999733 1.7864687041926892 -45.51503227794971
2.641095042438526 0.11736892013037659 1.7820670417922233 -45.513222248370845
2.5715553498044885 0.1182523195143837 1.77963321105482 -45.51260332673863
2.502122352877703 0.11664769256664298 1.7791869079804654 -45.51456039016733
2.4327964656642522 0.11661639321602767 1.7805902268856937 -45.515008648727225
2.363572793682739 0.11732977475105917 1.783505071170318 -45.51478597332525
2.294446321576605 0.11788848757279764 1.7874590528302594 -45.51479322366959
2.2254120971217706 0.11731904563518149 1.7920353928473316 -45.51599580905064
2.1564641779419356 0.11895364152485438 1.7966961458358266 -45.51505025880297
2.0875932651673264 0.12105043373314898 1.8011679741973545 -45.513735674061955
2.018791005013995 0.12165416509626624 1.8051993556332633 -45.51402784144798
1.9500489936952954 0.1217771195670177 1.808434546178495 -45.51490974131553
1.8813579517513226 0.12149628995694106 1.810658520210276 -45.516325177236396
1.8127090739081224 0.12153067828088228 1.81171750608413 -45.517577520938204
1.744095032792372 0.12273337788185876 1.8115776648678001 -45.51784718126309
1.6755101148761233 0.12461383072466549 1.8103132027516669 -45.51766076014249
1.6069492096893947 0.12696451936995581 1.8080280089796772 -45.51724220874204
1.5384080770986657 0.12948122649103666 1.8048518684706036 -45.51690512684356
1.4698832516513174 0.1318512196440234 1.8009456262461292 -45.51696534984083
1.4013720865931185 0.13378696273008042 1.7964826955084956 -45.51771085096415
1.3328734255048282 0.13350955410700766 1.7915970006515656 -45.52093089518155
1.2643874309974612 0.1311958575696537 1.7864642300306586 -45.526468430499506
1.195919096117043 0.12819746552189518 1.78131301522861 -45.53303677160713
1.1274774915369887 0.12798392458005 1.776472226880368 -45.537268799131084
1.059074812046373 0.12982378075773474 1.7720479522814556 -45.540034069212375
