8.055206745349778 0.8437072203932862 1.4604021934670643 -27.745315633551463
7.965093538810653 0.8548379545092055 1.4557572015713942 -27.735884470309443
7.874980717653832 0.8627639097884994 1.4508512065958168 -27.729593214126908
7.784928695044136 0.8648127569995365 1.445808925226974 -27.729147870474
7.694968477416602 0.8648998608068436 1.4411167793761623 -27.730727414243553
7.605098932847432 0.8648515228835074 1.437183904030641 -27.732573150908934
7.515291609063201 0.8653545027756266 1.4343623850627285 -27.734049998720707
7.425508998378165 0.8669783730032823 1.4329597555226894 -27.734643925816812
7.335715762131509 0.868241225261517 1.4332456681789683 -27.73588486394081
7.245886665954802 0.869267419882315 1.4353924508895206 -27.737697626252384
7.156005599141047 0.8685195448520657 1.439576220634968 -27.74166933527517
7.066056341323348 0.8647304868385645 1.446072097955298 -27.74912963831175
6.97601733803031 0.8581956961142841 1.4551137179884481 -27.75982803674431
6.885863449835231 0.8509451956139706 1.4667367235680233 -27.771720626966108
6.795570365388254 0.8435904030902833 1.4809859028946577 -27.784155138346065
6.705111767605641 0.8364334011068828 1.4978915513353797 -27.796766862679313
6.614460758239378 0.8297716886986064 1.517440054750783 -27.809174265414804
6.523590728454778 0.823378698287397 1.539670237093851 -27.821516447522093
6.432471178796059 0.8182240062150081 1.5643291167184397 -27.832692455188578
6.341067552453951 0.8154687327719979 1.5909790384263658 -27.841397135081046
6.249339596209695 0.8140137497165734 1.61967639688257 -27.848644271601785
6.157234040727999 0.8158419845116642 1.6494664682715154 -27.85227928280738
6.064709631099203 0.8280855584071792 1.677465657789661 -27.84494609045334
5.971788494243763 0.8396399206952796 1.706575002770351 -27.83794277973781
5.87846821752388 0.8500298686999793 1.7365109475563176 -27.831691332226505
5.784731987196947 0.8604596744769208 1.7663928052505184 -27.82493913044521
5.6905383219283 0.8671730647175087 1.7968769364907353 -27.82142002581135
5.595829844057625 0.8826634192911981 1.823474968774713 -27.808686064267576
5.500643804230227 0.9071234364442892 1.8461514105418562 -27.786717656364722
5.405026854329286 0.9349142446227416 1.8667047900821414 -27.761245448473048
5.309010546341653 0.960939434291441 1.8866639391232751 -27.737428824833998
5.212610973662075 0.9845775960658851 1.9062758167731653 -27.71598842623831
5.115844645010058 0.9975674405302063 1.9276630367724208 -27.70525300283537
5.018712220859044 1.0027495769763235 1.9501833805443363 -27.70252761655749
4.921234969259645 1.0054178678573826 1.97273127359773 -27.70264044883072
4.823450334540502 1.0013463697306493 1.9962707034574616 -27.709969349171203
4.725386331932121 0.9934051958628503 2.0200364267777053 -27.721729935742374
4.627076715299828 0.9952614958345175 2.0409124619594485 -27.723977961132213
4.528591447921369 1.0008314764943886 2.0601741713836166 -27.722833797072965
4.429975533944136 1.0060182204075079 2.078612174616669 -27.72239080874516
4.3312422362677205 1.0112477444751355 2.095987850553185 -27.721979515478225
4.23239408467921 1.0164386597215889 2.1122386703304032 -27.721436167258275
4.133432379525753 1.0197574272244465 2.1275380673512303 -27.722347411795305
4.034352594145325 1.0202243581925297 2.1418557702374574 -27.725412158392153
3.9351451909724844 1.0185758685261461 2.1548804860646853 -27.72960064747528
3.835805078808221 1.0162293712476311 2.1663129260194194 -27.73331538194509
3.736334514564568 1.0138153447392362 2.176068152214841 -27.73587113119033
3.6367396043846365 1.0107808035880161 2.1842404198273417 -27.7378154853133
3.537027675507715 1.0067332074350146 2.1909560861323083 -27.739604478263217
3.4372062323288084 1.0033465117597302 2.19630463420132 -27.7398254925505
3.3372821658215543 0.9992035695752103 2.2006228836598303 -27.74003229410107
3.2372546911179017 0.9946631230119414 2.204226269144884 -27.74013314963247
3.137119950127682 0.9933527516377806 2.2074187382809836 -27.737052522707877
3.0368830086578242 0.9927123716878354 2.2106977674956925 -27.733375228275413
2.936552262564797 0.9897794463892206 2.214612026648978 -27.73205832813383
2.836127382440338 0.985261432813791 2.219387467517449 -27.73270193941
2.735597014683575 0.9821573114040866 2.224991310963422 -27.732723021075792
2.6349514380632266 0.9803294886693023 2.231402923886309 -27.73235944234016
2.5341809053276316 0.9800954295410385 2.238504997352653 -27.731381351789423
2.4332800155454524 0.9815267667872279 2.2461671241077408 -27.729752337541775
2.332247105435424 0.9837169045081653 2.2543175810625624 -27.728352039826817
2.231083001979514 0.9865836154529608 2.2628378101315225 -27.727288326739654
2.129791397140912 0.9899987485127928 2.271618795514645 -27.726711645286656
2.0283775225519327 0.9942367914492346 2.2805251547139003 -27.726368802364846
1.9268485341987813 1.000129284685063 2.2893798440743924 -27.725429186861298
1.8252147721042387 1.007616546184527 2.298066459982263 -27.723913952159144
1.7234922273712145 1.0134378752398723 2.30669342160604 -27.72507451540111
1.6217014149709237 1.019264250314035 2.314949100327307 -27.727280822267865
1.5198676947288543 1.0260730168909427 2.322527651275908 -27.72959705740636
1.4180120064491695 1.0338436397003592 2.3291528369438246 -27.732076121532536
1.3161482163225386 1.0431388502956236 2.334499904600665 -27.734097996238212
1.2142876625532568 1.054058240220945 2.338306762085784 -27.73551113838603
1.112444475192067 1.066780572892632 2.340451113819528 -27.736238443312956
1.0106376806494093 1.0813820998287178 2.3409244042882866 -27.73646627893377
