7.737987616155515 -1.268665802179307 1.135739850421247 -6.363578011086421
7.640255974497819 -1.2723267518389065 1.1399703303981839 -6.3636839150048505
7.542506512990081 -1.2763648714762854 1.1437080908897819 -6.363775316926646
7.44474916700176 -1.2784258877462347 1.1468581114084482 -6.361950172904822
7.346999643717786 -1.2806992094694387 1.1494589307666576 -6.360506239175619
7.249279181949286 -1.2807612587090105 1.1514931103404467 -6.357364637240348
7.151597971223263 -1.2819108132647987 1.1531233651458028 -6.355772998180929
7.053967547028665 -1.2823675895297715 1.1546178140588312 -6.354059715342076
6.956394844358431 -1.28253900083108 1.156392330179538 -6.352540654251942
6.85886449011176 -1.2817213634656865 1.158861000897293 -6.350439281908778
6.761344842425031 -1.284851623298733 1.1624872532802164 -6.352451055208047
6.6638122301651626 -1.2914754191254216 1.1676302000282122 -6.3581150303577925
6.56625917987364 -1.3000869979160161 1.1744737997508121 -6.365908932397144
6.468681777758675 -1.3109331923577976 1.1831476643729766 -6.375945556756842
6.371081686984399 -1.3274959093149508 1.1939598873796429 -6.3914715314478165
6.273469577817095 -1.3397205905534844 1.2059935970518751 -6.402537365316823
6.1758584056359584 -1.3463602345755674 1.2189099888133428 -6.407770463672205
6.078267083646808 -1.3531145607409536 1.2332689363418092 -6.412509426034944
5.9807265713541895 -1.36014274017311 1.249126261543022 -6.4166946194272
5.883271905901092 -1.3685862918927674 1.2667091848007104 -6.4211861435527995
5.785939233215932 -1.3785233347999308 1.2860995728748514 -6.425838128119355
5.688760776109773 -1.3915127099998985 1.3075990287397774 -6.43193114939613
5.591772963269474 -1.4064639570082087 1.3310517804423525 -6.4383201834182096
5.495014014479946 -1.4226548729552904 1.3563818381889712 -6.444306639286482
5.398518219555171 -1.441520563486634 1.3839305076820418 -6.451227910723192
5.302321997073764 -1.4651637875869987 1.4142103152113867 -6.461057038778862
5.206463544361437 -1.486862745596093 1.4455521572091028 -6.4681545108137835
5.110959224455761 -1.5011423771793029 1.4762909696228605 -6.4681832255606935
5.015801046982259 -1.5109764570778774 1.5068669514481134 -6.464106697151857
4.920985677105996 -1.5206639129629484 1.5382113438016043 -6.459961561679536
4.826515868002147 -1.5296083545397858 1.5698852317357248 -6.455580523048159
4.732379945306628 -1.5371209801317594 1.6014474311984337 -6.45062193807582
4.638563672125635 -1.5404055976351756 1.631873671781031 -6.442818137538163
4.545042435752437 -1.5669625836108785 1.668848842038122 -6.456729506175675
4.451879132347911 -1.6021858592249238 1.707813758585314 -6.48014831517328
4.359085743808735 -1.6282261178893223 1.7432024199136422 -6.497154151885533
4.266619801452356 -1.648429601720429 1.7755580145622345 -6.510577570250039
4.174451395740372 -1.6709146823976275 1.8066080860761142 -6.527919698539254
4.082571671246674 -1.6878353273646292 1.8339997755431718 -6.541641379264495
3.990946634091814 -1.6964917589466413 1.8569638520755851 -6.548783415372173
3.8995335530976507 -1.7017642842540028 1.8765586781363237 -6.553732310784762
3.8083022878854846 -1.7068079836754226 1.8933958711890255 -6.559349759640534
3.717228934201398 -1.7118470621162867 1.9075364299551854 -6.565673734092227
3.626289803723555 -1.7163946780376445 1.9190220505443858 -6.572047487529965
3.535461549924509 -1.7163051124176971 1.9276764568823372 -6.574130301378004
3.4447189674434084 -1.7023837613100483 1.9333801167214275 -6.562437787122018
3.354035809019471 -1.6812769942474537 1.9373348331428268 -6.54360391318628
3.2633978642592485 -1.6535519282354267 1.9401400724851992 -6.518157445193517
3.1727954134879885 -1.631509983893509 1.9426364688375906 -6.498574984766618
3.0822270227347843 -1.6265182076282438 1.945412832066316 -6.496383897840155
2.991695150471506 -1.624547132166071 1.9485257280229178 -6.497281696995786
2.901197838112842 -1.6185991410860374 1.952194190148734 -6.494100955982478
2.8107320400745572 -1.6134590627489953 1.9569927567438605 -6.491529696658618
2.720302905901661 -1.6145588936549826 1.96352177393439 -6.494918587888998
2.629925926809134 -1.6183548087580493 1.971853661618229 -6.500558844143635
2.539617780657594 -1.622253189681747 1.9819586217575231 -6.505713022341687
2.449397074468542 -1.627509983471532 1.994085192865766 -6.511514048376211
2.359286045804256 -1.6358414068323832 2.008571316024931 -6.519528393239756
2.269311215913005 -1.6434526755540166 2.024909235722103 -6.525892861622559
2.1794946803843733 -1.6488538011618479 2.042683030326372 -6.529114121441139
2.089854322058049 -1.6512067360385554 2.0614421536877083 -6.528375052435683
2.0004039817261368 -1.6518113161256127 2.081060846680775 -6.524938521618273
1.9111564257820826 -1.6539776845877283 2.1018113409723815 -6.521979831838763
1.8221263195076345 -1.6433959562613183 2.120195527619152 -6.506035190248571
1.7332924713942395 -1.6440282599506433 2.140988615683005 -6.499957077982192
1.6446796224029325 -1.6382796400291244 2.1599318138972423 -6.487439460634361
1.556270496351754 -1.6348168347377803 2.1783867577472544 -6.476979734377006
1.4680591871309543 -1.6343999679574308 2.19605346532723 -6.469755273235953
1.3800377270521584 -1.6363634984251927 2.212321176045647 -6.465503159951525
1.2921925919476807 -1.6401770197145489 2.226612674636665 -6.4639534421058675
1.2045067721087734 -1.644816303891426 2.238464625845653 -6.4642089537822
1.1169635137604303 -1.6502310685435557 2.2476392109388246 -6.46605461728645
1.0295462524523586 -1.6559845714779544 2.2539319383266805 -6.468735030539043
