7.856489338720366 -2.633502150096528 1.6149333366800693 -43.097699244114814
7.76635614488225 -2.6219078876718904 1.618349099430874 -43.088036275254765
7.676224131261019 -2.6145850985888845 1.6219650904914424 -43.082581434076374
7.5861559371723075 -2.612184748969068 1.62558466633239 -43.08203714787038
7.4961811873915 -2.6119500791807897 1.6288938262611703 -43.08371728876254
7.406298544926026 -2.6118303627429507 1.6315794985967558 -43.08562818201967
7.316479125732853 -2.611114247576818 1.633388004262692 -43.087098616370945
7.226685195006999 -2.6093998807671324 1.6341244873195142 -43.08776593619351
7.13688204623099 -2.608115665563938 1.6336022283570308 -43.0890937940088
7.047044896124781 -2.607237346581535 1.631737086369554 -43.09109148755911
6.957156856741427 -2.6087817096811743 1.6283970422433958 -43.09581510814666
6.8672009718425375 -2.613686732080677 1.6234089616792555 -43.10424859169134
6.777154062415052 -2.6211859582904875 1.6166599740454755 -43.115648356223204
6.686990957206659 -2.629412985701399 1.6081380659404174 -43.12812671786496
6.59668729719504 -2.637935403307485 1.5977858823713833 -43.14121086404472
6.506217228487864 -2.646391215574808 1.5855636313022117 -43.15447553670293
6.415553747081463 -2.6543783148915807 1.5714665948699729 -43.167433202252745
6.324669828302925 -2.6622358691229135 1.5554157268041 -43.18033276168061
6.233533191840716 -2.668952443412519 1.5375543186078056 -43.1920344243055
6.142108124904219 -2.67348375277228 1.5181353839198306 -43.201358800550786
6.050354683912979 -2.6770718082789107 1.497076580456041 -43.20944043911862
5.9582182985665835 -2.677867708538531 1.4750144919295218 -43.21428118949987
5.865652900003489 -2.6679627997352173 1.4541894225134524 -43.20787699518462
5.772674963348381 -2.657245777314495 1.4329018084806526 -43.2001500025644
5.679285559534864 -2.6478043852231092 1.4110011856309401 -43.19314310072616
5.585469609304231 -2.639258173356158 1.3888711543422823 -43.186454119869076
5.4911880862379725 -2.63393176768957 1.3663274602209674 -43.18235647089839
5.396383956711309 -2.6196684254332108 1.3464582904199138 -43.169026985194755
5.301096683284068 -2.594321001735681 1.3297195898171024 -43.14458533678966
5.205380436728213 -2.5680722600212924 1.3138599718627244 -43.119068058894584
5.109258258602275 -2.543563631131723 1.2982296050154312 -43.095128408638374
5.012746419104935 -2.5209252066326377 1.2826501592618256 -43.072970927266574
4.9158649986577885 -2.5096225926805453 1.2651677699860115 -43.06187511931501
4.818614309585662 -2.504154494010751 1.246661460467581 -43.05653964339328
4.721021406044403 -2.502741464950433 1.2273164558960146 -43.05528711401386
4.623120964629085 -2.5099568490735087 1.2062558982932516 -43.062691277812235
4.524936243043236 -2.522247249859549 1.184269118780007 -43.075348475723914
4.426497040705817 -2.5281375163097866 1.163808103064931 -43.0819610644215
4.327864521430341 -2.5260791719513462 1.1453776549136352 -43.08099072431909
4.229093041836275 -2.5243403357654293 1.127650785438751 -43.08060353869108
4.130197069550286 -2.522646250256571 1.110991978685384 -43.080388634852184
4.031180846682872 -2.5207602106342692 1.0956730274572481 -43.079950179385136
3.932046388004658 -2.5208160818102088 1.081655963160117 -43.0812238503796
3.8327896955566794 -2.5235300630321262 1.0691653880237184 -43.08472524836438
3.7334038606515163 -2.5274534084093294 1.0586464840441274 -43.088875213395006
3.633888652571754 -2.531544673582944 1.0502992684426975 -43.09258858271188
3.5342498096020543 -2.5351148957372476 1.0441586324864809 -43.095193669451845
3.43449481693157 -2.5376889207776956 1.0401298871592408 -43.0962793277431
3.334632594937911 -2.5410002112964496 1.0379858610268942 -43.09757957092806
3.2346711100571968 -2.5437538586637514 1.0374634126089053 -43.097972854927775
3.1346166542816367 -2.5469517203727206 1.0382047453720724 -43.09853600215678
3.0344680269303503 -2.5510339266206388 1.03980548707459 -43.09979364367641
2.934220313929251 -2.5522413970725903 1.0416577126630473 -43.098321907169144
2.8338752708744783 -2.551438805394727 1.0433165771063395 -43.095024764168855
2.7334389428210675 -2.5516152409207895 1.0443571344617915 -43.09278626127788
2.6329131156960717 -2.5535330323945957 1.0444420983412035 -43.09243949565944
2.532288403543528 -2.5553490520964823 1.0433372468623008 -43.09233978356944
2.431553825786623 -2.556404857507584 1.0409746934672262 -43.091925436971884
2.3307002549103744 -2.5564227944496847 1.0373884741243824 -43.09097639764298
2.2297223732950364 -2.5552817921242545 1.0326705086898191 -43.08940419213415
2.1286186623315415 -2.553910972719608 1.026914237883369 -43.088120105339065
2.027390536773138 -2.552282713200442 1.0202274069377748 -43.08713359274213
1.926042199909512 -2.550487297562026 1.0127133442485754 -43.08656918742447
1.824579611547024 -2.5482611944763964 1.0044894827601112 -43.086203859931814
1.7230107071673018 -2.5451206658950687 0.9956931891370066 -43.08558987338016
1.6213460477783448 -2.540427725398751 0.9864884923043162 -43.08412431887958
1.5196008922757342 -2.5366545583091047 0.9768632788226845 -43.08429548709928
1.417795834192237 -2.5337927294437574 0.966947620254329 -43.08620736444324
1.3159564323042476 -2.531011393780629 0.9569628361118413 -43.089204479525264
1.2141071571219293 -2.5266658438789995 0.9471962961557899 -43.0918591475904
1.1122668371841369 -2.5203185309005685 0.9378780284795781 -43.09390401396733
1.0104518305629893 -2.5115182095438535 0.9291858380214107 -43.09506213329445
