7.9396368811154385 1.0379668495405998 0.5765433178970785 -57.08425248679085
7.88815949816552 1.0360118226837853 0.5735684760462259 -57.0772120421209
7.836718374964742 1.0334165443333592 0.570316046174607 -57.07067475710879
7.7853316929974605 1.0248116029625245 0.5667242118163552 -57.06977367260751
7.7340097809002 1.0154233833285047 0.563208003541184 -57.0700099580676
7.68274959763578 1.005967652530359 0.5600335137629768 -57.07119839001364
7.631542654798942 0.9993151036984929 0.5574736955018079 -57.07108673146897
7.58037531276765 0.9949972195212115 0.5556883056102006 -57.07046598768045
7.529234327537083 0.9929331513910006 0.5548552367238294 -57.06974087186179
7.478103027845147 0.9923784339030968 0.5551254366694427 -57.06995863038668
7.426962168335376 0.9929889280621643 0.5566521501289267 -57.0716892404054
7.3757912398252286 0.9957299648425182 0.5595231610240914 -57.07386509817771
7.324569246120527 1.0002810833236144 0.5638203207142117 -57.07658202122115
7.27327737042469 1.0067354599479883 0.5696288221641747 -57.079360166216205
7.221897903667136 1.0145680169104585 0.577078232217556 -57.082307762664676
7.1704134748606245 1.023325089756567 0.5863045313180515 -57.08541737095266
7.118806881629815 1.0321316285577444 0.5974900026382155 -57.08917780956689
7.067059992898703 1.0406372649507702 0.6107563893856159 -57.09349521950549
7.015152088701993 1.0483077608921503 0.6262227799364347 -57.098533906807816
6.963061009031535 1.0552326142188473 0.6438378803148128 -57.103822311274165
6.910766286411666 1.062284627842055 0.6632521502927471 -57.10805617630834
6.858253264889731 1.0698199859515487 0.6840630362400016 -57.110621762621506
6.805514465757893 1.0774597490571824 0.7059201808022021 -57.11183696290654
6.752548102313348 1.0838630048183249 0.7286385210487788 -57.11308978657377
6.6993381358618125 1.0912619780851265 0.7512248232245312 -57.11196822698197
6.645872519001114 1.0979567768591134 0.7736761080742779 -57.11058264991138
6.5921318550303285 1.1025173686745584 0.7959850587604395 -57.11070185575336
6.538104016647444 1.099875335839978 0.8190091504836368 -57.11786080174792
6.48378162147173 1.0960518435854072 0.8410833998337145 -57.12579133318083
6.429186804986388 1.0938041776829244 0.8614966996573722 -57.13174443234493
6.374347777669875 1.0931157917463001 0.8801960650868422 -57.13589249127473
6.319288121212844 1.0949065232174198 0.8970302436370252 -57.137396730158926
6.264030115896107 1.0983468335308413 0.9122225986663575 -57.13721530148966
6.208590565370035 1.1026228727507905 0.9259889869115508 -57.13624541809546
6.152983154972041 1.1071751503390874 0.9385098705961535 -57.13508721631467
6.097220311475522 1.11169862288273 0.9499465502114406 -57.13404487954746
6.041313529115024 1.1177189357663067 0.9602809995784545 -57.13147322691661
5.985276573763675 1.1254140079434474 0.969695286772031 -57.12714490846051
5.9291258546968315 1.1339975294911653 0.9784894978557155 -57.121834956395695
5.872878627431989 1.1418522651952727 0.9870472019015072 -57.11717034698241
5.816549886539967 1.145966862899845 0.9959110587535848 -57.116241751675815
5.760144128287572 1.1485640901944885 1.0051277182743585 -57.11661893901819
5.70366059230816 1.1504031224876328 1.014734526595025 -57.1174213832792
5.647094434911755 1.152051165765285 1.0247311258184877 -57.11801504584449
5.590438154914389 1.1536442632349229 1.035152591826178 -57.11824949446083
5.533682235141105 1.1556057027761473 1.0459913797919431 -57.117700432036415
5.476815656631549 1.157957844260328 1.0572579176496828 -57.116379572885705
5.4198268974395365 1.1605141643673524 1.0689708434177652 -57.114529273521114
5.362704943821064 1.1627975994951139 1.0811733169136202 -57.112692635338426
5.305439922482612 1.164531061239669 1.0938814350911394 -57.111200524677365
5.248024152948493 1.1657912989539945 1.1070574229791177 -57.11001338254791
5.190449806145775 1.1664432585076427 1.1206840201757442 -57.109306459097496
5.132708784099954 1.1668370522595422 1.1346660883660724 -57.10875755413716
5.074793020598138 1.1671708220965726 1.14890605314008 -57.108198880494726
5.016695935973551 1.1679418152694592 1.1632493251481433 -57.107153784769615
4.9584134048701 1.169075540946411 1.177612896918788 -57.105718890609694
4.899943959077626 1.1707414113659305 1.1918451293995707 -57.103736571980356
4.841288875544969 1.172685957518316 1.205824474331588 -57.101461112696576
4.782452298640771 1.1748468475147293 1.2194235394115023 -57.098935916751635
4.723440215095974 1.1766778865806775 1.2326238863349308 -57.096688275357636
4.66425928161058 1.1775548050235736 1.245418772855555 -57.09531477707339
4.604916930192822 1.1767509940081438 1.2578166876835626 -57.09552076410618
4.545419187754193 1.1749573365028403 1.269665980576275 -57.09659174451524
4.485772824676524 1.1728489448396389 1.2808525564634945 -57.09784280156264
4.425985775295416 1.1709783606358541 1.2913062494926688 -57.09872186966924
4.366067001397882 1.1696604478890715 1.301006480357534 -57.09892145470144
4.306025922834482 1.16837888548582 1.3100269989477118 -57.09897109820392
4.245871258529632 1.1670246440983658 1.3184050694519982 -57.098989646082565
4.18561094550505 1.1654493711353353 1.3261892453655681 -57.09913599101795
4.12525266919233 1.1636410648050945 1.3334240441340137 -57.099430468889864
4.064803936120487 1.1616403691980426 1.3401570797555151 -57.09983853254396
4.004271994944335 1.15954575871303 1.3464379351828595 -57.100265458730135
3.943663729200358 1.1576537617256863 1.352308539898589 -57.10041622004706
3.8829847138335634 1.156263374464607 1.3578168315374604 -57.0999955840072
3.8222394931697217 1.1552384693242341 1.3630385731381864 -57.09914401458125
3.7614312351187857 1.15435732682131 1.3680535644016003 -57.09808578815679
3.700561056650091 1.1530623595329956 1.3729525823473574 -57.09738131337466
3.6396290701996152 1.1511914119177042 1.377804246204358 -57.09719139565634
3.578633998494511 1.1492802384306506 1.382621853891534 -57.09697922981344
3.517572750030413 1.1472970641519824 1.3874352959851677 -57.09677712624225
3.4564425106483916 1.1452250446131278 1.392269813111315 -57.096600317203915
3.3952404961188334 1.1431667676960007 1.3971415381942593 -57.096343759480746
3.3339638648988035 1.141227322699915 1.4020647542037223 -57.09589973402372
3.2726099949758716 1.1394015471771315 1.4070564237440046 -57.09527025754581
3.211176822550486 1.1375634427855528 1.4121345895024298 -57.094577538740296
3.1496627344507484 1.1357397042216417 1.4173036845636455 -57.09379204442672
3.0880662668672776 1.1339327176918639 1.4225627332298854 -57.09291094726516
3.0263860882003244 1.132141491412332 1.42790220307984 -57.091936909525
2.964620873248135 1.1301244216473547 1.4333215044503274 -57.09111387677645
2.902769744747017 1.1274611445311657 1.4388173556274908 -57.090866181501696
2.8408316774129765 1.1245461099577325 1.4443176260576858 -57.09081823839481
2.778805873366031 1.1224445519161814 1.4496892559703405 -57.08994189247136
2.7166933312403727 1.120984224411674 1.4548630827275948 -57.088442272891385
2.654499225051272 1.11970243645619 1.4597814503042585 -57.086802253014795
2.5922318952015067 1.1180946437143813 1.4643755659240025 -57.08553672138103
2.5299006789259524 1.116332820735119 1.4685369766897103 -57.084485450634126
2.4675158459228372 1.113219861894588 1.4722060841079816 -57.08484482861378
2.405088176005235 1.109368969200288 1.475249744572518 -57.086008077508914
2.3426272825825833 1.1053435395770084 1.4775734109993695 -57.087419846665966
2.280142329255142 1.1014230815224106 1.4791259094613296 -57.08880549612382
2.2176424979613745 1.097749415581439 1.479892241519943 -57.09002231027008
2.1551370528391063 1.0943936411036241 1.479888716861722 -57.09099164658623
2.0926351546949036 1.0911854614698038 1.47915676837276 -57.09187023924144
2.030145611821466 1.088038476294748 1.477756668899843 -57.092726335730276
1.9676764997125604 1.0850996238739312 1.475766430263878 -57.0933918913833
1.9052348972246154 1.0823186792553783 1.4732697859449517 -57.09389557443959
1.842827091022724 1.0794379349487504 1.4703500033918495 -57.0944727007685
1.7804588497557512 1.078130167057758 1.4671510000293437 -57.093417737339244
1.718133795283203 1.078684230641071 1.4637631222072398 -57.09041912199098
1.6558539302461615 1.0790782349345989 1.4601742522838457 -57.087492055497925
1.5936212427062288 1.079007127701657 1.4564486992931673 -57.084925799690936
1.5314364506215277 1.0770420015450541 1.4526410914041228 -57.084136684680026
1.4692996108896312 1.0732249254407458 1.4489044431800486 -57.085059081944145
1.4072080027300746 1.0691761358854086 1.4454561450121592 -57.086053207299805
1.345156013669516 1.0649853236515212 1.442399098890867 -57.08702925902484
1.2831371631425967 1.06062937315508 1.4398113717986298 -57.08800904106196
1.2211449865301687 1.0563189246344784 1.437756587087471 -57.08877323902723
1.1591728183449699 1.0521853980951503 1.4362650387592968 -57.089180061222244
1.0972145648369782 1.0483132803831035 1.4353353720830202 -57.08912737411518
1.0352652574862682 1.0461343163575183 1.4349469073725416 -57.08715173781587
