7.878547840358344 2.7987106951923666 1.824151305698727 -35.77428588557432
7.778250152937538 2.79460644310063 1.8213566772419125 -35.77951600027289
7.677863055634826 2.7876515924479555 1.8175867059762485 -35.786773012043355
7.577459176494882 2.788986474210382 1.8128777340965172 -35.78531217721456
7.477096166782483 2.7865436661550715 1.8068723889840423 -35.78722880480425
7.376828859089627 2.78882660547048 1.7999433009022354 -35.784498243068946
7.2766960720743805 2.789870629355858 1.7920071639851323 -35.78322766675869
7.1767001490708395 2.788347443359894 1.783317789540485 -35.78489807461855
7.076826742032145 2.7917634084904104 1.774622685017475 -35.78232899443207
6.97704334363924 2.7933366651821676 1.7657994834359068 -35.782382815543414
6.877313696490365 2.791286366093401 1.7570389962366664 -35.786984700715834
6.777611928984619 2.7877996630966395 1.7487428334991042 -35.79403308460585
6.6779072331183835 2.7824773185763627 1.7411276942803813 -35.80399429872183
6.57817014014025 2.776192336624083 1.7344262005057736 -35.8160382788511
6.4783710240892995 2.7696329037996743 1.7287785624518983 -35.82950443704977
6.378481488607008 2.7631212366763025 1.7242238156169694 -35.844105514288536
6.278465809906305 2.7570392220684297 1.7207458968496496 -35.85948505854701
6.178280674969554 2.7523645851967804 1.7182824149776663 -35.87462221087805
6.077876586468922 2.7503203079239733 1.7167409517776309 -35.888189913499744
5.977202210348497 2.7511954927450475 1.716042559799315 -35.89984085981904
5.876204107837929 2.7565784783948595 1.7160813429240014 -35.90774737088581
5.77483285953843 2.7682223054553834 1.7167304356396447 -35.909793337847454
5.673052476969283 2.783740307835868 1.7180438174599022 -35.908492275730424
5.570838246762886 2.8044040635034926 1.7198088335368933 -35.902146194700954
5.468211259504904 2.829114828864182 1.7217946536660804 -35.891764261181805
5.365211874055158 2.852188315464626 1.7238962386444228 -35.88378057382015
5.26184039707558 2.8736283124472535 1.7255389364541855 -35.87805763338053
5.158082322986072 2.89412686174659 1.7261484241219136 -35.87357204360744
5.053904864539085 2.9159173961339433 1.725208082548053 -35.86737282425634
4.949249964652775 2.9448101686430617 1.7225412264029 -35.85224668569718
4.844107596274643 2.984430484372573 1.7184526133696671 -35.82380251738128
4.738528681637594 3.0243779312926455 1.7131964178146832 -35.7942544940662
4.632516029283408 3.0618297315145866 1.7066798769847156 -35.76683497494293
4.526065900781311 3.094627385803911 1.6986710386047257 -35.7439831238507
4.4191821944940655 3.1227355109387314 1.6890186717893607 -35.72570353074233
4.311883119987482 -3.137116781476085 1.6776326052983463 -35.712075870164696
4.204192471495669 -3.1205118344446987 1.6642407793977139 -35.70525973859386
4.096126585586325 -3.1127501903361376 1.6485295456261888 -35.7075349237991
3.987692966715997 -3.116601448227301 1.6301295425278566 -35.721823043073066
3.878894839278999 -3.126069947497937 1.6101849965908572 -35.741359835227485
3.769765817870698 -3.1253659820276782 1.5917097807497116 -35.74889836864032
3.6603980502908606 -3.1190275432537513 1.5744545870247637 -35.74953851941114
3.5508491751026274 -3.1120360899911654 1.5580102926443655 -35.748756274475724
3.4411432020219768 -3.1055954926242086 1.5425970866967307 -35.747900758025516
3.331290930878663 -3.100116203020126 1.528494280385533 -35.74743104403436
3.22130174239918 -3.0957379567521217 1.5159944747680008 -35.7474895128552
3.1111919330793403 -3.0924125328749756 1.5053657474674123 -35.74801519259709
3.000977737040308 -3.0903755953391765 1.4968001246446243 -35.74925850831906
2.8906741702948633 -3.088712950851123 1.4904660280105086 -35.750286135033036
2.7802943369358077 -3.0873104753773863 1.4863737194483055 -35.751010906641625
2.6698487721459854 -3.0864542304671705 1.4844343820095731 -35.75175418975134
2.5593474743573466 -3.085640311431773 1.4844204066642208 -35.75200835033894
2.4487987874583883 -3.0849301957141573 1.4860298316404577 -35.75185710099969
2.3382089190343383 -3.0850407662795702 1.4889516853008622 -35.75207390670016
2.227578775955167 -3.0854669370458496 1.4927379597452257 -35.7521939202904
2.1169078645364254 -3.0834403496078417 1.4966083072131149 -35.74946291830457
2.0062029348089716 -3.08113801752692 1.50032502950666 -35.74613138740056
1.895488876043426 -3.0793875778051465 1.5035132186138378 -35.74307251114329
1.784791787305806 -3.079035105151913 1.5057407014507804 -35.74116537572778
1.6741292714484977 -3.0796411610234746 1.5065182065467462 -35.739917185095
1.5635133238469603 -3.0808220316503605 1.5054578140552821 -35.73885534496267
1.4529476237852896 -3.0824544633428443 1.502346783184089 -35.73775966465122
1.342439935488054 -3.084666004837889 1.4970063874963537 -35.736638635894444
1.2320083917685367 -3.087784571572946 1.4892186908302525 -35.73566395422409
1.1216847299026813 -3.0919301244943744 1.478643009589693 -35.734740775329975
1.0115176125857976 -3.097214639494132 1.4647603068569848 -35.73368643307643
