7.812415901404595 0.5130115640157544 1.927886087207573 -52.4955182064407
7.715815350632103 0.5243788074610068 1.9215507778106007 -52.48874980264481
7.619363524768635 0.5295443635058831 1.915232593007631 -52.48774684121427
7.523063188780109 0.5350145548054569 1.9094892631587952 -52.48590662053934
7.42690013451826 0.5384165835228266 1.9042838593526392 -52.485704064856044
7.330847437028044 0.5404026909746494 1.8998262555630987 -52.48653902866145
7.234869606088029 0.542193682236704 1.8963164391927765 -52.48724182292319
7.13892671489133 0.5437128203404075 1.8938160752310451 -52.48793484076114
7.042978344063431 0.5461525090734 1.8923144152724942 -52.487472463312535
6.946992558099843 0.547537338688082 1.891602784334526 -52.48786764486764
6.850944029553309 0.5518686219974744 1.891433737844049 -52.48521007888709
6.754810182595589 0.5546107623953921 1.891593209402498 -52.48403672750486
6.658579850146716 0.5584394170890746 1.8918810743803218 -52.48175771959556
6.562249579723844 0.566472854486281 1.8920237946936402 -52.47535205880153
6.4658183125039805 0.5636469780865552 1.8915478523183438 -52.47980975650962
6.3692883436592425 0.5587785489171282 1.8901822759615228 -52.4865400249667
6.2726677070829195 0.5555938825904275 1.887955296659975 -52.49196128576188
6.17597890656134 0.551336066247951 1.8848074750217974 -52.498914422510765
6.07926553713038 0.5472309286019114 1.8808786950877838 -52.50624112840986
5.982578994109525 0.5435811624461776 1.8762615494147554 -52.51365255656448
5.885961879238012 0.5393163990386243 1.8708242218875082 -52.52219699085885
5.789453275561343 0.5342980956874026 1.8643463622122445 -52.53193544419917
5.693093502288861 0.5289596003555631 1.8565679052429886 -52.542305154975665
5.596919624353581 0.5221607935319666 1.8470666200117527 -52.55431407761236
5.500973663926014 0.5121805748602518 1.8352741270487904 -52.56952913248952
5.405307939938938 0.5003238463435146 1.8208736314700642 -52.58637979780296
5.309977412614059 0.4872022404253302 1.8034671790214274 -52.60398353479436
5.215033973670668 0.4791272794630817 1.7837834904267642 -52.61573177731992
5.1205004595190475 0.46805096495660514 1.7602577357879527 -52.62955125369682
5.026426118291034 0.4558376998721033 1.7331890071071516 -52.6433326724831
4.932844652332402 0.44780245393610585 1.7042245348551597 -52.65172344971388
4.839744976054433 0.454276873380861 1.677096822616919 -52.64484857869025
4.747046515881626 0.48199869010521634 1.6549992479336375 -52.61671740150965
4.654618287422057 0.5114951010855993 1.6331036534753092 -52.58629257507142
4.56243029808907 0.5408990824712014 1.6114600211780759 -52.55543643885287
4.470466275814398 0.5681394085317883 1.5899908171202357 -52.526199157149016
4.3787418343801425 0.5491878870198598 1.556791721903534 -52.53986825183421
4.287466763436335 0.5489598021443948 1.5298613149782976 -52.53563067498171
4.1965645599745995 0.5534451392271041 1.5051391017147617 -52.52702572782148
4.106012738986536 0.5593518572735018 1.4815422444274657 -52.51736010645484
4.015788232477254 0.5638077640146385 1.4583994977094406 -52.509485860444066
3.9258691743236445 0.5695580555326925 1.4365245641645548 -52.50091229794785
3.836224274472885 0.5750282365625016 1.4158160283924441 -52.493195038824815
3.746831259204613 0.5770154239895389 1.395862942450848 -52.48947470990087
3.657673800803938 0.5599761343093536 1.3742669143552282 -52.50484698193364
3.568759411461745 0.5428388252685173 1.3549213964242788 -52.52117069902072
3.4800486390093504 0.527061064702914 1.338255429281563 -52.53701325335765
3.3914990271882117 0.5180408024090827 1.32494740148591 -52.54702623834959
3.3030626947583297 0.5165975244531485 1.3148474112709496 -52.55029846959474
3.2146940780273003 0.5148300216360258 1.3071515532016185 -52.554592426395914
3.126353786435216 0.5141251929247268 1.3018768019777536 -52.55847777615605
3.038005783237694 0.5165743069019602 1.2988513429641364 -52.5597770585161
2.9496205491893934 0.522679392945735 1.297661952442706 -52.55786658063784
2.861176382043197 0.5318725958584444 1.2977350874851916 -52.55315101993577
2.772662677207572 0.5416889318271363 1.2985846760218362 -52.54797435662991
2.684069841160123 0.5475748373226897 1.3000052996804592 -52.54686644303497
2.5953904337888627 0.5544873626695753 1.3015428504425626 -52.544682597614795
2.5066233803619613 0.5641741205018957 1.3028532013827547 -52.53954980882754
2.41777702528178 0.5739606948254261 1.303663178451434 -52.53410588757714
2.328866832654366 0.5775526789152045 1.30385036417088 -52.53463548747226
2.239907055029299 0.579851919871461 1.3030926117987491 -52.53609015816604
2.1509111220977224 0.5812282896775538 1.3013085397564335 -52.53800776614621
2.0618946148529664 0.5822077010076561 1.298517248440515 -52.53978070144193
1.9728762354164968 0.5791158195875987 1.2947053649322477 -52.54497149773478
1.8838777318971955 0.5737217515215219 1.2899534498903396 -52.55173028034808
1.7949241682218608 0.5675098161542923 1.2844013202915647 -52.55854596027378
1.706042084908088 0.5637514381818667 1.278299308324136 -52.562246384477504
1.6172539543966735 0.5649003539020725 1.2719231426031852 -52.56055842410956
1.528575944128936 0.5680167002033953 1.2653365023351333 -52.55646078667692
1.4400240230363472 0.566799074449366 1.2583941026332417 -52.556108387751294
1.351622935031548 0.5729304752963189 1.251714908956096 -52.54863929965572
1.2633750611066197 0.5741039414592012 1.2446999040489544 -52.54603369959049
1.1752932429240122 0.579406007233009 1.2376627913617233 -52.540014276735626
1.0873705969467653 0.5846157813082934 1.2303450712873485 -52.53494708381379
0.9996038867445017 0.587235529827556 1.2225371202137956 -52.53360835661146
