7.854427401074921 0.12584243084752453 1.1767457833214172 -39.97030310201008
7.836631437504038 0.12839718658951305 1.1768457351243022 -39.96765286525495
7.818836718225288 0.1301954728598649 1.176847447668955 -39.96572054036205
7.801046215214894 0.1316037257109449 1.1767666558054732 -39.96415081022962
7.783261620709652 0.1332740622427841 1.1766113349253347 -39.96230750211495
7.765483509211876 0.13511972261970837 1.176384176298846 -39.96029129076013
7.747711905587619 0.13701687165703322 1.176083298353827 -39.95823716905102
7.729946524500922 0.13868399232642875 1.1757057971816998 -39.95643341067977
7.712187002069313 0.13997224294677318 1.1752522886119672 -39.955031243906106
7.694432953246161 0.14057013153394357 1.1747266463606 -39.95433961626609
7.676684022662248 0.140257023923924 1.174133388589338 -39.954572170417734
7.65893991183653 0.13981346105126635 1.1734834741325282 -39.954937925965574
7.641200523642944 0.13919422873994106 1.1727921783327528 -39.95546411887062
7.623466037898106 0.13831837365595454 1.1720804586043636 -39.95620638693175
7.605736940826293 0.13716473855073452 1.1713675065280473 -39.95715406336763
7.588014069921419 0.13566456295375728 1.1706708735523925 -39.95833746659955
7.570298743152152 0.13408494452054642 1.1700186231950103 -39.95945086202858
7.552593083615277 0.13239554080776586 1.1694411690780975 -39.960486971152804
7.534900570738024 0.1305804285541309 1.1689804132352466 -39.961440707222415
7.517225165822795 0.1287435383299053 1.1686753997334394 -39.962203017498936
7.499570656620685 0.12698725750350168 1.1685478422921947 -39.96267673849309
7.481940495564258 0.12516716413700457 1.168600836925297 -39.96301604809862
7.464337946823154 0.12321120759711564 1.168818193645555 -39.96330935514718
7.446765960126615 0.12085014004994163 1.1691639475337192 -39.96383993483163
7.429227251023492 0.11836923780785209 1.1695792390072168 -39.96434298752538
7.411724057926727 0.11687238664648864 1.1699847669332408 -39.96374930314707
7.394258460506997 0.1164885104865206 1.1703097730883043 -39.96194529051054
7.376832830735176 0.1176360103786131 1.170494495752081 -39.958538268075785
7.35944957177317 0.1196125350237465 1.1705067835026988 -39.95423701860242
7.342111191683765 0.12183230779826078 1.170330641428844 -39.949641683219525
7.324819751197081 0.12443204323335552 1.1699605934498294 -39.944654278274164
7.307576327683728 0.12497975329263471 1.1693853791799074 -39.94168688379813
7.290382089190194 0.1236740919966629 1.1685918927507066 -39.94059703455551
7.273236708654704 0.1215477883137714 1.167603755453737 -39.94043181487858
7.256137797435791 0.11900695611590215 1.1664324033213203 -39.94084146047347
7.23908194993064 0.11649752639924014 1.1650878624531167 -39.94142983696376
7.222064834101906 0.11445466689546148 1.1635929336210944 -39.941801957788094
7.205081514143523 0.11289521692718675 1.1619783420824077 -39.94196456718414
7.188126760223256 0.11261140690533858 1.1602948607866048 -39.94114958308735
7.1711949665303845 0.11380595732580225 1.158591505354757 -39.9391487451784
7.15428089494735 0.11654366903450447 1.1569172086831736 -39.93587407195366
7.137380108953158 0.1197128047276004 1.1552960977546334 -39.932397652967815
7.1204890974472 0.12166090878211362 1.1537450535171374 -39.93032812053114
7.1036049805550086 0.12121228735263342 1.152297842700581 -39.93079132524955
7.086725463002851 0.1203783603370112 1.1510105994549853 -39.931716772228825
7.069849335645311 0.11920718340588303 1.1498874405937594 -39.93298756526716
7.052976374098498 0.11645495792885743 1.1488769416509037 -39.935761723359356
7.0361074474002185 0.11234670415946127 1.1479617036230125 -39.9397209011539
7.019245056688147 0.10804745256312916 1.1471357667605033 -39.943611631104126
7.00239336793466 0.10434278434353594 1.1464265391398023 -39.94659275439339
6.985557242871372 0.10101926599601493 1.1458722928155471 -39.948842509015044
6.968742431248892 0.09756937101461942 1.1455105245673873 -39.95084907180008
6.9519553327938235 0.09371152548822895 1.145369065660518 -39.95289005454731
6.935202477189092 0.0895163090782855 1.145459795102837 -39.95491000655924
6.9184901306098405 0.08540253887363632 1.145774437967543 -39.95652767192588
6.901823828963217 0.08158029101825587 1.1462833017346226 -39.957577043326125
6.885208222631178 0.07769159835199531 1.146936426958338 -39.95844713636412
6.868647157708111 0.07353779047125876 1.1476594157269837 -39.95936859722435
6.852143909692301 0.07155855457323054 1.1483392029647759 -39.9580191536789
6.835700111345789 0.07263131580753598 1.1488810033129906 -39.95359298443011
6.819317434435987 0.07453182655551092 1.149237239624707 -39.948284511545594
6.802998389845147 0.07544347368624403 1.1493608902229382 -39.94389570562943
6.786745268502339 0.07216787966282824 1.1491996802838038 -39.94357317040658
6.77056056939852 0.06692351659242549 1.1486934187678872 -39.945260666679395
6.754442818443982 0.06176641135974505 1.1477934614474188 -39.94705489746287
6.73838755458438 0.05740588335933686 1.146455073295766 -39.94833408852281
6.722389412962653 0.05392049047671274 1.144659432032141 -39.949073367095274
6.706442747707763 0.05156522786908287 1.1424326287443638 -39.94906405693091
6.690541466306148 0.04962925473423588 1.1398177588073102 -39.94903193139012
6.674679507167753 0.04789755774556767 1.1368924837723196 -39.94921107175776
6.6588500982020165 0.04702143247073094 1.1337824336200786 -39.94897377010536
6.643045529312508 0.048843428865679085 1.1306648212175405 -39.94647456471281
6.627258009441434 0.052164600085180174 1.1276202257704189 -39.94285487150673
6.611480934294948 0.05644274609166067 1.1247425207536705 -39.93859178557273
6.5957089308025525 0.058576595778527724 1.1220424150510158 -39.93671487589406
6.579938131775995 0.05839152583279112 1.119617667418603 -39.937318270563274
6.564165963397251 0.057651640884440705 1.1175678290290614 -39.93853032177877
6.54839137677294 0.05512633890457625 1.1158808539991818 -39.941487536460734
6.5326141340830715 0.0517007869661646 1.114556546926312 -39.94518587113186
6.516835505045595 0.049027317413916346 1.113579845395027 -39.947861364881724
6.5010594565833335 0.046693859523508616 1.1129395006669118 -39.94985934511778
6.4852912870832355 0.04434262102785875 1.1126313040699918 -39.95149064933851
6.469537244784457 0.04168529310811638 1.112648491112183 -39.9530124147576
6.453804310028277 0.03834039708386103 1.1129798268048077 -39.95478934536538
6.438099746417506 0.034258500794723486 1.1136012799980175 -39.95687286943938
6.422430670246618 0.029651614342557912 1.1144750247157589 -39.95907260826874
6.406803784801484 0.025150512928300135 1.1155494825850865 -39.96080485128417
6.391225235297785 0.020977394820086235 1.1167719209987703 -39.96189857605318
6.375700235941664 0.01681970959744168 1.1180789597831355 -39.96270363881325
6.3602331624998145 0.012700055406328356 1.1193857595849608 -39.96324175848587
6.3448276900066345 0.011833576204195511 1.1205540275124006 -39.96045800119216
6.3294855754140364 0.014004782361481411 1.121513266732617 -39.9546170497401
6.314208666428119 0.015672605686856984 1.1222467190809144 -39.9491834140151
6.298999880865125 0.013514245039467266 1.122720945560203 -39.947411455727256
6.283862551497196 0.008595754798950602 1.1228341249503144 -39.948359050642615
6.268796819920322 0.002799437109050061 1.1225069857171075 -39.9503071722225
6.253799435503478 -0.0025504362760765792 1.1216638295522354 -39.952060440607006
6.238865382506289 -0.006781382894194429 1.120265554858133 -39.9530305054122
6.22398866095664 -0.009775245454753242 1.1183325325153475 -39.953148051679314
6.209163153079796 -0.011940344309122929 1.1159117164549637 -39.95285286320439
6.194382539232267 -0.014026328763582415 1.1130686409737345 -39.95291595613041
6.179639979375775 -0.01571769618338392 1.109918510499673 -39.95306200141828
6.164927319343779 -0.015685040291911437 1.1066379317243118 -39.9519804676352
6.15023575413633 -0.013529340040967083 1.1033807573340741 -39.949239012720454
6.135557037724832 -0.009679387138851973 1.1002667243985575 -39.94520626570623
6.120884095104766 -0.004599644027643238 1.0973917817431196 -39.94027100498485
6.106211738455113 -0.004027856647800009 1.094715223861758 -39.94011058755124
6.091535705678639 -0.00415505085673964 1.0924411479508056 -39.94079883569386
6.076853734660844 -0.0049373099908616505 1.0906284242248496 -39.94218010649163
6.062164977587864 -0.0077848171141386684 1.089264928312813 -39.94556441305414
6.047469294101393 -0.010519601692937924 1.088358601443087 -39.94864379122707
6.032768761932467 -0.012394030823324992 1.0878742572644535 -39.95056754464324
6.018068098014157 -0.01431736649331311 1.0877828894673722 -39.952185273458014
6.003373352601949 -0.016603346377966836 1.0880598366737653 -39.953763005207946
5.988691384974228 -0.019604583396562746 1.0886787641534303 -39.95561979420815
5.974029504870258 -0.02327736379760896 1.08960531643131 -39.95769785819908
5.959395115082967 -0.027596119629664153 1.0907977147283836 -39.95997450281849
5.944795516527857 -0.03221263954017587 1.0922039485873511 -39.96212711086608
5.930237658919195 -0.036844575493730124 1.0937717037901247 -39.963913786430936
5.915728082463026 -0.04114741925235077 1.0954432924688848 -39.96504526372347
5.901272368759336 -0.04540849840550309 1.097159411565149 -39.965849206145094
5.886875195299428 -0.049123886782121796 1.0988309959975096 -39.96588586440405
5.872540256819442 -0.049180383305897156 1.1003187619829027 -39.9622061445081
5.858269429743038 -0.046863108971794964 1.1015819262204691 -39.95611168637053
5.844064812541134 -0.045620110055069364 1.102612891895476 -39.9509792930757
5.829929204810319 -0.04846562484577456 1.1033813595896638 -39.94977338811843
5.815865466833939 -0.05401164873634791 1.1037815815406615 -39.95125158270889
5.801872950371111 -0.059827994982343126 1.1037141789778997 -39.95317094930104
5.787947539763773 -0.06482936669000029 1.103101164335432 -39.9545617834
5.774083692874433 -0.0686987347902875 1.1019114614956624 -39.95517674656605
5.7602752254157785 -0.071346161992883 1.1001692905295224 -39.954978639936904
5.746515537889419 -0.07384751510162292 1.0979143738384975 -39.95506218580334
5.732797857134894 -0.07605856552874736 1.0952343280375683 -39.955330801075384
5.71911408441606 -0.07770752105025519 1.0922549539213815 -39.95554422761362
5.705455184158019 -0.07690899757609541 1.0891715995561504 -39.95382609801119
5.691812010657855 -0.07453755384849618 1.0861041553480661 -39.951000093535214
5.678176455856471 -0.06965133101328444 1.0832118853129333 -39.94606329786511
5.6645419197496585 -0.0649414443771998 1.0805271973027064 -39.94163288756031
5.650903450298304 -0.064359278590408 1.0780754918264281 -39.941601041259986
5.637256790683397 -0.06449191011545373 1.0760422074029923 -39.94242436207261
5.623599948155035 -0.06554779859461468 1.0744758363865956 -39.944199855941285
5.60993219090464 -0.06883336086314804 1.0733751233316893 -39.948130398195985
5.596253707149937 -0.0710602146617328 1.0727500682901405 -39.950784116781854
5.582567835440301 -0.07265535398185002 1.072560421184459 -39.95249818024441
5.5688798812522835 -0.07454114177605094 1.072777210964266 -39.95413530901155
5.555196298898166 -0.07708073869605836 1.0733741968812083 -39.956008947231055
5.541524235234952 -0.08021830007464932 1.074320100117404 -39.9580323896611
5.52787116105642 -0.0839724047348475 1.075579470363651 -39.96021162384948
5.514244693882805 -0.08831882428164693 1.0771103469012995 -39.96252803976093
5.5006523374264935 -0.09291607275278108 1.0788592968176391 -39.96466886233632
5.487101208638059 -0.0975330654319371 1.0807733318667068 -39.96644551587407
5.473597967615544 -0.10178162128763082 1.0827910414102428 -39.967529202908516
5.460148220484053 -0.10603442534518663 1.0848535811876125 -39.96833286659251
5.446756655681737 -0.10882735681735968 1.0868460337695593 -39.967491565737745
5.433426544366288 -0.10795912533955795 1.0886394768501326 -39.96293805862525
5.420159806200722 -0.10545436039021171 1.0902117118004522 -39.956689064294096
5.4069586904080325 -0.10522584468159545 1.0915666858395248 -39.9525704209365
5.393826155501376 -0.10892641339304884 1.0926428098158767 -39.95224624878772
5.380764089454774 -0.11484371852331672 1.0933238903600178 -39.954164875662364
5.367770820937027 -0.1203828830744849 1.093491037193687 -39.955917294571535
5.354841648151405 -0.12495673627587474 1.0930719250822911 -39.95700670815281
5.341970791294181 -0.12835579831900457 1.0920517183407645 -39.95728638408516
5.3291519172098125 -0.13101883828623775 1.0904547006944354 -39.95723473465627
5.316378301546032 -0.13356196240696735 1.088330593628745 -39.95750170668475
5.303642456384775 -0.13543260028511162 1.085782026216413 -39.95759038722789
5.290935573464806 -0.13681774212476142 1.0829344292823468 -39.95769870725963
5.278248499503951 -0.13533223114894385 1.0799918335316583 -39.95544370647902
5.265572339696324 -0.1323476842107878 1.0770636410073238 -39.95214028781077
5.252899406011382 -0.12702924363701887 1.0743000440538188 -39.94688693628137
5.240223823028609 -0.12430126674189552 1.0716848340829144 -39.94455005351155
5.227540456407346 -0.12378992976532202 1.0693596790312163 -39.944672869950764
5.214845631817627 -0.12394800648267436 1.0674517379057908 -39.94558554911398
5.202137838404257 -0.12542001078076762 1.0659983020908002 -39.947829208155774
5.189416531543364 -0.12798213514513937 1.0650227904566645 -39.951062193995114
5.176682733163727 -0.1297549003546613 1.064526395811757 -39.9532726682846
5.163940645990326 -0.13130818428924668 1.0644808738993345 -39.95495081159522
5.151195985926942 -0.13332767103245993 1.0648663981819746 -39.95672494300956
5.138455392927254 -0.13596196771760483 1.0656598779043571 -39.95869893337324
5.125726027432523 -0.1391555297603609 1.0668311802172263 -39.96079147155252
5.113015354215035 -0.14295618869251467 1.0683449918075683 -39.96304243431047
5.100330916579471 -0.14720172868204667 1.070154053072386 -39.96530191670099
5.087680049054434 -0.15170367426525197 1.072203848933416 -39.96741084477544
5.075069720506665 -0.15604463600834745 1.0744310278981 -39.96900110525078
5.06250625988322 -0.15999207636989368 1.0767687399999115 -39.96989640320967
5.04999486537074 -0.163971101181076 1.0791498061012161 -39.970558417782314
5.037539943214639 -0.1653599053225155 1.0814190937645316 -39.968497726613435
5.0251442019170565 -0.1630278142610595 1.0834690498543704 -39.962680095768974
5.012809486266789 -0.16023865683646338 1.0853098267251202 -39.956320640754065
5.0005382460370145 -0.1617735595376527 1.0869724160161889 -39.954089570151126
4.988333709306019 -0.16624679664937309 1.0883186707314565 -39.95472907936737
4.976196096178241 -0.17193987349746243 1.0892281207437795 -39.956674095949055
4.9641225371911295 -0.17691565543596663 1.0895803636237624 -39.9581341268642
4.952108023024454 -0.18101313258706783 1.0893167633861007 -39.959014882828654
4.940146836226154 -0.18391480504875762 1.0884323862523417 -39.95905995868517
4.928232578030376 -0.1864766317212989 1.086954475057154 -39.9591504147448
4.9163585607901545 -0.18885323252778682 1.0849444396822043 -39.95948255788239
4.904517038492521 -0.19072635931532564 1.0825061297893193 -39.959782024991135
4.892699249854107 -0.19091731418881805 1.079802466304608 -39.95888724686669
4.88089628914831 -0.18883420652135005 1.076995601864795 -39.95618143328454
4.8691001091642905 -0.18490732386875036 1.0742167652835595 -39.952043451387
4.8573040175077065 -0.17977598965309508 1.071567831083076 -39.94704975697487
4.845502869097076 -0.17911832484988466 1.069035107584342 -39.94683867829512
4.833691348736232 -0.17888250572289105 1.0668499918200156 -39.94724737057571
4.8218667304391305 -0.17924504940643854 1.0650957934905947 -39.948350261202876
4.810027898268537 -0.18132490818259234 1.0637972951177526 -39.951173558922044
4.798174401096539 -0.1834231558745314 1.0629966548192673 -39.953890789451435
4.786308179788251 -0.18496817235379837 1.0626836811966964 -39.95581869304307
4.774433918699732 -0.18653047075804854 1.0628405332583954 -39.957459852637434
4.762557490063439 -0.18871114655563895 1.0634518615212822 -39.959364676699174
4.750685449508355 -0.1914641910175476 1.0644921388381885 -39.96144901932411
4.7388247794884775 -0.19473755368153714 1.0659271729287834 -39.96364077875652
4.726982685279523 -0.19857344851141298 1.0677161914395155 -39.965978456555455
4.715166373387697 -0.2026389358031015 1.0698011236019618 -39.96814669175908
4.703382808641166 -0.20685035197062523 1.0721265067509549 -39.97009157279523
4.6916385764146025 -0.2107135267368745 1.074619901365204 -39.971369067973406
4.679939410721151 -0.21441195131866772 1.0772144243515838 -39.972203730928484
4.6682901255891815 -0.21753303039758234 1.079813887079147 -39.97223711716656
4.656694637135739 -0.21727203271246895 1.0822530163106598 -39.968793935512345
4.645155365179967 -0.21405826222973623 1.084469502994564 -39.96234938379573
4.633674350904412 -0.21185733442365579 1.0864935924268173 -39.95679964830145
4.6222541526477405 -0.21392225340435247 1.088330172070034 -39.955352648638616
4.610897115314403 -0.2186813559450786 1.0898417987561304 -39.95656751532155
4.59960254844254 -0.22379340446003684 1.090896028333362 -39.95826570737231
4.588366775025419 -0.2281488929346801 1.0913944275630094 -39.959441875133805
4.577184746285173 -0.2317362613029004 1.0912871009122136 -39.96014302894502
4.5660507304768965 -0.23448267435240303 1.0905665904481554 -39.96034587825648
4.5549582730358305 -0.23693633204313688 1.0892611282602815 -39.960627662089095
4.543900349324678 -0.23904078075168836 1.08743563809887 -39.96097224062194
4.532869024811974 -0.24063625688333118 1.0851944143408732 -39.96124654516165
4.5218558186374835 -0.23988053864212627 1.0827076173728196 -39.95961909147222
4.510852603377687 -0.23693372105943453 1.080111395243965 -39.956214711072136
4.499852335599283 -0.23206862162687864 1.0775347851676031 -39.95125328186067
4.4888494886097785 -0.2292144105875324 1.0749954977611038 -39.948614689723485
4.4778389675642725 -0.2287016594663344 1.0726234841404279 -39.948578118438924
4.466816363985155 -0.22867747589658716 1.0705808812989115 -39.94919537997863
4.4557794271649245 -0.22932647932244818 1.0689438415183794 -39.95055997207289
4.4447272690524064 -0.23189167215965756 1.0677426080528316 -39.95382772231728
4.433659736331927 -0.2336389192747186 1.0670322608210188 -39.95613387237517
4.422579676145405 -0.23517984636079087 1.0668044467237088 -39.95799916793788
4.4114920924131305 -0.2369208646601107 1.0670572255503907 -39.95977322363065
4.400402864322159 -0.23922070554568367 1.0677813891628407 -39.96177113323967
4.389318398155178 -0.24202360938404904 1.0689538130600065 -39.9639066341292
4.378245459299829 -0.24531233807370303 1.0705408111045607 -39.96614843585353
4.3671909530798905 -0.24900526839896944 1.0724964441527485 -39.968417050391196
4.356161718295565 -0.25286207260269516 1.0747617352023566 -39.970491518103444
4.345164324675485 -0.2565928312424823 1.0772706020208962 -39.97211629986847
4.33420474139593 -0.25993588741613516 1.0799447429903966 -39.973072478006245
4.323288129241702 -0.26333617816761723 1.0827157228392055 -39.97383365738175
4.312418934173444 -0.26520669340291075 1.0854479407556752 -39.97288956909043
4.3016005427855255 -0.26344702683884796 1.0879943589439611 -39.96824102853909
4.290835275120275 -0.2599148892491273 1.0903343615040901 -39.961749488306566
4.280125377473284 -0.2582497685845124 1.0924968476292505 -39.95700354998484
4.269473061223303 -0.2608028833486631 1.094462027166645 -39.95634711966497
4.2588797189146215 -0.2657136764597712 1.0960961024775102 -39.95805243599181
4.2483438144306085 -0.2701567265585997 1.0972533914986715 -39.959451591629936
4.23786118937977 -0.2739464853271608 1.0978594253898322 -39.96042465216872
4.227426892001797 -0.27713075553436045 1.0978713203180506 -39.96106910702643
4.217035249761038 -0.2796782454575656 1.0972821157698975 -39.96139562096336
4.206679849730012 -0.28189494301431195 1.0961222235734596 -39.96173881765814
4.196353670404641 -0.28369505932389727 1.094455366091685 -39.962046682223615
4.186048998794145 -0.2847050870804264 1.0923883923916828 -39.961964385902796
4.175757905516712 -0.28319812996826227 1.0900806817709443 -39.959764713099176
4.165473247157857 -0.27935810884919265 1.0876603992763085 -39.9555935234174
4.155189059173658 -0.2746789903782209 1.0852194652626446 -39.95089311029539
4.144900571077641 -0.274504852476349 1.082756134510975 -39.95097788767901
4.134602258698488 -0.2742179377236458 1.0805137551874222 -39.95115737092056
4.124290944936584 -0.2743504061825433 1.078585038955252 -39.95189180002083
4.113964822827547 -0.2753861030669311 1.0770328174462196 -39.95358729657008
4.103623152648476 -0.2777810224220804 1.0759023220531634 -39.95661075298398
4.0932663250994885 -0.2794222340219338 1.0752486742199006 -39.958733705126605
4.082897760093922 -0.2810125178515118 1.0750759519576276 -39.96058353259968
4.072522416958197 -0.2829075541841337 1.0753899017097361 -39.96246946852801
4.062145927350839 -0.28525086446137454 1.0761841323626025 -39.96449920178775
4.051774403730889 -0.288025051409814 1.0774368531665552 -39.966632329300836
4.041414231605404 -0.291263166067752 1.0791137044915327 -39.968892485098856
4.0310718703427595 -0.2946629126860375 1.0811606528219841 -39.97098464122739
4.020753639154534 -0.2981289498659585 1.083519188153052 -39.97283267622689
4.010465467568748 -0.3012800713627453 1.0861115405652406 -39.97408761719079
4.000212738880572 -0.30423833435808906 1.0888646361195704 -39.974902018869095
3.9900000963757036 -0.30711267369051604 1.0916959783290152 -39.97541289792765
3.979831560837761 -0.30786873668422354 1.094456376198211 -39.97366256011203
3.9697102266212094 -0.3047745180497381 1.0970126615696292 -39.96800460288644
3.959638297489158 -0.3009262798149138 1.099379479592593 -39.9615092752944
3.949618009745436 -0.30005448111347915 1.1015959260321817 -39.95786253063568
3.9396512648564466 -0.3027078002979052 1.1035911031007342 -39.957658513987134
3.9297383674678685 -0.3071047753091698 1.1052421773694052 -39.9592335456799
3.9198771737262548 -0.3108607720029219 1.1064190168417267 -39.96032905863462
3.9100635705714586 -0.314124649902537 1.1070642056835194 -39.96114749104805
3.900292748174733 -0.31694066278973665 1.1071431225613058 -39.961778507502615
3.890559079733921 -0.31924067598641287 1.1066495324383727 -39.96219104724098
3.8808561897156526 -0.32117111651263475 1.1056142557299995 -39.962557933714024
3.871177151543187 -0.32260783970879026 1.1040985680270639 -39.96278091598484
3.8615145854439517 -0.3225063036130869 1.1022152938554384 -39.96182827274856
3.851861375237271 -0.32016418563660315 1.10009476093547 -39.958981152319105
3.8422113315628468 -0.3157649946068791 1.0978615577113726 -39.95438339564518
3.832559529400671 -0.3127578796782517 1.0955566398355006 -39.95144575469757
3.8229011850504846 -0.31268519329176137 1.0932706848408225 -39.95168269157395
3.813231524136628 -0.31254851452264154 1.0911914695788754 -39.95203353042474
3.803547774718854 -0.3127801990615143 1.0894037529173304 -39.95286579592713
3.7938484560433015 -0.3142609825092359 1.0879580082200886 -39.95498878838867
3.7841329500178618 -0.3162335197413043 1.0869161025033693 -39.95754907492947
3.7744023845205303 -0.318036141617516 1.0863293697855787 -39.959789402739666
3.7646605094374093 -0.31994447426877803 1.0862183903651061 -39.96192234729811
3.7549122463222813 -0.3220508164635258 1.0865949546523115 -39.9640016404222
3.7451630998573187 -0.3244986746753712 1.0874556011832877 -39.96614324815853
3.7354189709711494 -0.3273213888447506 1.0887802786239416 -39.968364400884845
3.7256859500682853 -0.330435150078197 1.0905312633920992 -39.97057775864074
3.7159700958348534 -0.3335917538599085 1.0926515345632077 -39.972544852726124
3.706277234151821 -0.3366112484985615 1.0950737555654484 -39.97410553849249
3.6966128130405824 -0.3392935349752365 1.0977194300191173 -39.97508702116435
3.686981704400078 -0.3419829962383277 1.1005167080004878 -39.97585463003588
3.677388168017322 -0.3444248764531784 1.103371766654335 -39.97618218518192
3.6678358897089245 -0.3439731705027683 1.1061185495717862 -39.973503873155174
3.6583277616569294 -0.3397452031810278 1.1086499649491697 -39.96700098906497
3.648865932930159 -0.3359531059548752 1.1110164201361759 -39.96084210959062
3.6394524415035727 -0.3359326117106682 1.113242153575881 -39.95833533419286
3.6300886458832977 -0.33884365315311105 1.1152125145459626 -39.95871617748588
3.6207739344281413 -0.34279188652611525 1.1168107356629957 -39.96019973981843
3.6115055910395113 -0.34601284388599607 1.117930117358444 -39.961117241915446
3.60227951735911 -0.3488934207663948 1.118529576980459 -39.96189892302676
3.593090928152042 -0.3513541711003848 1.1185834414963371 -39.96250868395848
3.5839341647945644 -0.35336410764025344 1.1180906264857078 -39.96294756935702
3.5748029164869326 -0.3549501330932404 1.1170842875718783 -39.96326667348223
3.5656903871554086 -0.35579992458009646 1.1156305930626125 -39.96317122863467
3.5565896366824874 -0.35443269877054856 1.1138475777593704 -39.96118414329537
3.547494499086655 -0.35119231211359137 1.111846322113847 -39.957620157541754
3.5383996743323687 -0.3470544674370532 1.1097253334535386 -39.953419892510674
3.529300754458864 -0.34625337450257676 1.1075103989444377 -39.9527971470776
3.520192498228176 -0.34612927269573673 1.105380717990428 -39.953052747844126
3.5110712253262144 -0.34604534858747144 1.103457771082294 -39.95350050768642
3.5019346028949943 -0.3463435996804005 1.101818020194951 -39.954419850830924
3.492781559807175 -0.34809550238890935 1.1005026299587741 -39.956813262813924
3.483611737235845 -0.3497157983477672 1.0995836296402797 -39.958996341696356
3.474427106289365 -0.3514705029298416 1.0991097387657796 -39.96116204044605
3.4652316166859665 -0.3535041149918145 1.099106839265643 -39.96340584769861
3.456030060044046 -0.3557040934097733 1.0995846124031907 -39.96558189245468
3.446827804144371 -0.3581898974902792 1.1005372191756686 -39.967788379691534
3.4376305182701254 -0.36099749048782764 1.101941188395262 -39.97005004827679
3.4284439484681046 -0.36387241227881834 1.1037494006573012 -39.972112601966636
3.419273774885056 -0.36679437227288486 1.1059068681053106 -39.973965297014345
3.4101254212804033 -0.36939391203117067 1.1083394022989825 -39.975258778712636
3.4010039398362335 -0.37174355369743867 1.1109750237643563 -39.9760872094323
3.391913799155388 -0.3740984305944267 1.1137386648406717 -39.97672345154584
3.3828589278581305 -0.37587658724220857 1.116529643003671 -39.97661528174384
3.3738427407256584 -0.3740934129939858 1.1191776950862695 -39.97285901356553
3.3648679993967088 -0.36932189159614515 1.1216227647346702 -39.96606446555437
3.3559367721803155 -0.3659170720718183 1.1239178707823443 -39.96054810993479
3.347050631166109 -0.36612142913508483 1.1260508511208593 -39.9585541516333
3.3382100792701386 -0.3688431057254861 1.127916396625096 -39.95906811703321
3.329413794285091 -0.3720475992595551 1.1294001733384311 -39.96015397488548
3.3206587233583282 -0.374906757555142 1.1304290169542193 -39.961048782857944
3.311940868572482 -0.37741373047633753 1.1309666902491518 -39.961790743348715
3.303255355348104 -0.37953852522058157 1.1309965783377645 -39.962387989468326
3.2945965251975253 -0.3812253084113131 1.1305229543198105 -39.96281392730962
3.2859581559369366 -0.38230137203631914 1.1295772089675957 -39.96291757922461
3.2773336759524625 -0.38227351432035084 1.128226998158194 -39.96221308609988
3.268716752658471 -0.38017167449182343 1.126578688787461 -39.959720139772465
3.260101972816553 -0.37658115992395685 1.1247326567331848 -39.955996619721205
3.251484734051831 -0.37339790167393616 1.1227631285541673 -39.952913588539005
3.2428605769975296 -0.3731409106599637 1.1207302212573622 -39.9529751864443
3.2342244939599634 -0.37293643287373734 1.1188020318848955 -39.95326366924108
3.2255734201032755 -0.37284254470663647 1.1170716871428534 -39.95379171164878
3.2169053929179747 -0.37340678968491586 1.115602061191275 -39.95504501502097
3.20821957365216 -0.37486041879829096 1.1144429594040688 -39.95717897673559
3.199516319647826 -0.37648530727660284 1.113658022047586 -39.95938868125394
3.190798219025426 -0.37838808159865245 1.1132961660154101 -39.96172032451927
3.1820692575866607 -0.38066110512856605 1.113377785956136 -39.964225219438454
3.1733341454187878 -0.3830693624058072 1.1139101255916102 -39.966637974327725
3.1645981563431116 -0.3856503512112974 1.1148857755599448 -39.96897910994698
3.155866832429437 -0.38835832002950277 1.116281109162465 -39.97119672986474
3.147145778569807 -0.39109483390730376 1.1180560088224267 -39.973196579134665
3.1384404656436096 -0.3937241369214881 1.1201565860318732 -39.974855842069495
3.129756071573829 -0.3960259909268214 1.1225145423723153 -39.97597445699818
3.1210973298291784 -0.3982126349621573 1.12506193964368 -39.976783390552754
3.112468395018532 -0.4002340277557026 1.127717376307473 -39.977252602094886
3.1038729075162785 -0.4008250393036687 1.1303637118825924 -39.97615586005024
3.0953140556680045 -0.39789964001417394 1.132860349590919 -39.97147309051022
3.0867944519717234 -0.39281777695223563 1.1351720591858754 -39.964589536456664
3.0783158756454725 -0.3902098184813918 1.137349435199292 -39.96009845466295
3.0698792696200234 -0.39089132433251933 1.1393327997789797 -39.958845005148916
3.0614842235716417 -0.3931107187368659 1.1410220469961274 -39.959164018061536
3.0531287007282684 -0.39588493236532507 1.1423300617183565 -39.96014020948194
3.044809435006832 -0.39835074513235225 1.1431958367532207 -39.96096932655773
3.036522214609901 -0.4004877336407048 1.1435927855004275 -39.96167058690113
3.0282619946215963 -0.40220900790575065 1.1435135698875667 -39.96219131590306
3.020023050906453 -0.4033297698470727 1.1429715044426652 -39.96237396382935
3.011799188710103 -0.4037038967532653 1.1420080932898111 -39.962083247394816
3.0035841841668156 -0.4024054896566277 1.1407039626766873 -39.960390253527805
2.995372560464604 -0.39965501518691954 1.1391534930173963 -39.95749685445871
2.987159525231045 -0.3966326264505304 1.1374392607889945 -39.954561769907095
2.978940609397452 -0.39510463595845235 1.1356307823589364 -39.953335143707676
2.970711125406968 -0.39467226719957793 1.1338359623028702 -39.95339443832967
2.962467139070801 -0.3943166997342556 1.132164574716712 -39.95368150304332
2.9542060518297384 -0.394213103089563 1.1306900210216235 -39.95432185430152
2.9459263849308197 -0.3948797948232111 1.1294573965181038 -39.95576813178678
2.9376277406928915 -0.396058055842326 1.1285173495021186 -39.95768254194806
2.929311346851528 -0.397754546045586 1.1279333359215882 -39.960006694348884
2.9209801068290253 -0.3997946833228566 1.127744439848819 -39.96251695392882
2.9126379788091827 -0.40220011974758113 1.1279600814026252 -39.96519630549274
2.9042896071200537 -0.40476997129537967 1.128580331603026 -39.96781586086406
2.895940167320513 -0.4073344983489001 1.1295931360858829 -39.970191505759004
2.8875951413270484 -0.40991082502028925 1.1309758381609198 -39.972338366586406
2.8792600173381357 -0.4125074874865005 1.132694830500607 -39.97427185492946
2.870940087854809 -0.4148940371513916 1.134699303513144 -39.975776882682716
2.862640341091683 -0.41694327991610425 1.1369279629194589 -39.976747323990956
2.854365266110967 -0.41901957576548376 1.139320356371324 -39.97756444031854
2.8461187568557973 -0.42057760934523125 1.1417881735302526 -39.97770843999024
2.83790424470174 -0.4199920895112044 1.1442123024657735 -39.97559840075526
2.8297248152666685 -0.4159311017685541 1.146483690757193 -39.969962658441666
2.821582880332968 -0.4104901247739599 1.1485857394887222 -39.962913892919076
2.813479809472692 -0.4088429648483855 1.1505642002801597 -39.959586397792634
2.8054157283988785 -0.4099992656883008 1.152312370482432 -39.959047949928305
2.797389338222747 -0.4122155479834748 1.1537372384618847 -39.959634001254315
2.7893980035325963 -0.41453866273428247 1.1547713265325903 -39.9604510845047
2.781438147125986 -0.4165593488120058 1.155377275770019 -39.96113635344781
2.7735053276831114 -0.41822474048032743 1.155540741281488 -39.9616738065518
2.7655943384563364 -0.41935802484641943 1.155266292826313 -39.9619184877998
2.7576993871467024 -0.41975436266969396 1.154583957193774 -39.9616831991901
2.7498144960865223 -0.4191463620722273 1.1535542123604179 -39.96070156434969
2.7419340416761444 -0.4171440598187873 1.1522662152616923 -39.95857215204865
2.734053146229509 -0.4144288792378451 1.1508010567753926 -39.955958928300724
2.726167331258891 -0.412269966168947 1.1492285397590585 -39.954115779590936
2.718272079002969 -0.41147705950748326 1.147621144761489 -39.953837769477964
2.710362951808259 -0.4107048658447576 1.1460812627936259 -39.95374653353902
2.7024369238652013 -0.4101115463670869 1.1446721469672643 -39.9539628985842
2.6944918373146085 -0.40993365587111935 1.1434441470672583 -39.9546695802367
2.686526621809719 -0.4101857997162236 1.1424284359332268 -39.95580867003563
2.678541583051502 -0.4111917048745095 1.1416691933898095 -39.95763847039427
2.6705383337941635 -0.41303998817167065 1.1412249526484168 -39.96019433081621
2.6625196953844785 -0.41527319276642716 1.1411283776525458 -39.96297322211417
2.654489556888417 -0.4177195540160162 1.1413829966824502 -39.9657639776176
2.6464525936082914 -0.4202418517911452 1.1419894137791893 -39.9684041628597
2.638414012447221 -0.4227874728286897 1.142942273957624 -39.97083019862169
2.6303792569327626 -0.42531288706646075 1.1442257111402403 -39.97299955285463
2.6223537534348935 -0.42777628590854266 1.1458117177587275 -39.97488089355808
2.614342700572832 -0.4300456273031128 1.1476578551707772 -39.976360245292895
2.6063509294727294 -0.43194553741321584 1.1497077074734947 -39.97728594584134
2.598382736735678 -0.433719778716114 1.1519004925362262 -39.977921499910615
2.59044181450888 -0.43489872653585454 1.1541544407349815 -39.977823227057726
2.582531396035703 -0.4331263376847506 1.1563407823837788 -39.97469285714582
2.5746544449655024 -0.4274131275523072 1.1583625326801366 -39.967602127149966
2.566813160698592 -0.4229378840988495 1.1602666654021108 -39.96170640607645
2.5590081774929736 -0.4219924784961681 1.1620124952270037 -39.959303862868786
2.551238623494347 -0.42312029572376797 1.1635096497896835 -39.95900419413318
2.5435024143190015 -0.42531280545270467 1.1646817947713555 -39.95985752997933
2.5357964202948153 -0.4271867983745386 1.1654700838423688 -39.960536651098266
2.52811679924034 -0.4287482681824209 1.1658524334424778 -39.961083955925744
2.520458917041209 -0.4298488966033246 1.1658234861459729 -39.96138487665725
2.5128174930200733 -0.4302886203416596 1.1654002865691062 -39.96126278049131
2.505186910314099 -0.43006708211043354 1.1646265073493147 -39.96072448517953
2.4975615757970813 -0.42879923056167446 1.1635745547024814 -39.959379865619994
2.4899364525680525 -0.42649837227959725 1.162320385869368 -39.95722884632439
2.4823070698422383 -0.424381918755339 1.160926248632679 -39.95547619146058
2.474668855416341 -0.42305656497214333 1.1594572879468545 -39.95471475780833
2.467017376206375 -0.42190349354077344 1.1579950300338855 -39.95430209565304
2.4593491656209294 -0.420774187578876 1.156600877156275 -39.9540592703489
2.451661605368638 -0.4201431315749185 1.1553163867180016 -39.95442030888892
2.4439527849168123 -0.41958450529135355 1.1541794443949194 -39.95489275632122
2.4362223692018414 -0.4196182280717924 1.1532111318826745 -39.95593178784248
2.428471111767814 -0.4204683040581509 1.15246386704247 -39.957710018421054
2.420700798965859 -0.42230743761978606 1.1519922302995056 -39.96035528916075
2.4129141334625097 -0.4246125481957354 1.1518303671478007 -39.963300538153035
2.405114920966417 -0.4270235682337011 1.151989429691361 -39.96614890267303
2.3973078580297553 -0.42946625031574176 1.1524747675548785 -39.96880360564046
2.389498143650861 -0.4318984629311746 1.1532873531085628 -39.97121450232698
2.38169117872681 -0.43429662718423057 1.1544171507846197 -39.97336186763544
2.3738922989005102 -0.43660277165322514 1.1558393072547846 -39.97520063504163
2.3661065762862465 -0.43868619381263513 1.157513593337893 -39.97661994734357
2.35833868022022 -0.4404878461626899 1.1593867531205142 -39.9775841164614
2.3505927273928977 -0.44194285612798034 1.161392106457282 -39.97805104846362
2.3428722875895627 -0.4426859430802528 1.1634511977425337 -39.977681014959586
2.3351804663099003 -0.4401305508332653 1.165437462391376 -39.97394962230903
2.3275202294040604 -0.4339891013540941 1.1672704381590138 -39.96662318611961
2.3198936513602866 -0.4301508276677298 1.1689940988700223 -39.96156383500586
2.3123006338578445 -0.4294074450567276 1.1705284753483267 -39.959591007847514
2.304739644712813 -0.4305483799437267 1.1717996179524108 -39.95955470381251
2.2972081027223177 -0.4323397132729798 1.1727396087019326 -39.960274656927886
2.289702661218545 -0.4338119250497793 1.1733068823307455 -39.96082785094155
2.2822193633021937 -0.4349135964866028 1.1734874228459484 -39.96119753697149
2.2747535296068464 -0.43548829822633633 1.1732847631962575 -39.96125746636563
2.267299950130828 -0.43536347556876626 1.1727263628803914 -39.96085221176776
2.2598532484707627 -0.4346436698266463 1.171864617063883 -39.960087950743855
2.252408149697453 -0.43288318965152045 1.1707679711015335 -39.95851051752458
2.2449600247255246 -0.4310197648125398 1.1694950831965838 -39.95704761698898
2.237504174253838 -0.42950134976114984 1.1681099761709213 -39.956134737122376
2.2300360910589263 -0.4279170156642021 1.16668037960913 -39.95534121832417
2.2225520727434445 -0.42635343691487504 1.1652639723375755 -39.95473151014486
2.2150490078425027 -0.42501673174001964 1.1639043890267662 -39.95447929571969
2.207524460419588 -0.4241886069036628 1.1626356101135633 -39.95481964851176
2.199976857236621 -0.42328766140145857 1.1614877683669067 -39.95510199656433
2.192406376798959 -0.423173941034861 1.1604858781623877 -39.95613703767115
2.1848137850979517 -0.4238652513057896 1.159684638001068 -39.95789479734211
2.1772008804667076 -0.42555270481892915 1.1591373361944437 -39.96052445959271
2.169570274599755 -0.42776261360007 1.1588806136881928 -39.96351095392896
2.1619256754350338 -0.43003311252392046 1.1589303748360318 -39.96635781982996
2.154271745975296 -0.43231611596691094 1.1592929190285102 -39.96899569187205
2.146613623474865 -0.43457057268452903 1.1599707940767292 -39.97137656656481
2.1389566299883733 -0.4367869562371936 1.1609556138039299 -39.97349563725584
2.13130599956063 -0.43890109203602906 1.1622231768265707 -39.97530214870814
2.123666696679944 -0.4407822909206062 1.1637339993557012 -39.97668544545784
2.116043287988882 -0.4423439587710764 1.1654347924957953 -39.97758236184406
2.1084398228467482 -0.4435203751344666 1.1672597447939017 -39.97794998288302
2.1008598121324966 -0.44382633833138946 1.169132372917911 -39.97733184092873
2.0933063289034823 -0.4407898209570147 1.1709350386663095 -39.97331732830942
2.085782433266432 -0.4347295624731413 1.172599342756611 -39.96627320510601
2.0782901064552144 -0.4314036356531777 1.1741495085261227 -39.961938197092856
2.070828596609599 -0.4309069309643931 1.1754918230527849 -39.960443327890815
2.0633958772074417 -0.4317878299753491 1.176553378739786 -39.960396392615024
2.055989150514216 -0.43317032494902685 1.1772839479695778 -39.960966865785075
2.0486049494281735 -0.43424068874361427 1.177653104047149 -39.96138290365748
2.041239288941131 -0.4348869219682033 1.1776535372047807 -39.96156588803705
2.03388754171145 -0.4349441143551876 1.1772976472665906 -39.96137627395263
2.0265447004291253 -0.43437519796803875 1.1766203129564634 -39.96078988201663
2.019205629664436 -0.4332811621361659 1.175673477776848 -39.9599078307396
2.0118652937162103 -0.431748867774757 1.1745171374986232 -39.9588095151187
2.0045189464250175 -0.4300323253481732 1.1732131606425893 -39.957738342351185
1.9971621094967738 -0.4282097090278116 1.1718219327467527 -39.95675845541874
1.9897907405727344 -0.42631566670655363 1.1703968034999552 -39.95588745749961
1.9824012968920086 -0.42439585381838163 1.1689860470286992 -39.95514508316899
1.9749908886166976 -0.4228666610801488 1.1676217075086441 -39.954913828070865
1.967557148901833 -0.421787548965491 1.1663341553556026 -39.955200645799245
1.9600988000021333 -0.4205713598132133 1.1651492842898437 -39.955349872132004
1.9526163614825187 -0.4202147585926674 1.1640956662653035 -39.95632066432942
1.9451105432172977 -0.42067131721197654 1.1632282682122272 -39.95802172426899
1.9375830644336698 -0.42203799720890783 1.1625998116146108 -39.960509505199205
1.9300364569204764 -0.4240424514283496 1.16224786445947 -39.96347429133392
1.922474209110296 -0.4260967837390587 1.1621915076433507 -39.966294334795606
1.9149008696870748 -0.428158684151058 1.1624343995460296 -39.9689056717375
1.9073214540634915 -0.43018636041191083 1.162977640608438 -39.971258837568584
1.8997411696666575 -0.43217755848560196 1.1638127200164363 -39.97335556516681
1.8921651410454774 -0.4340730885439092 1.1649160367473028 -39.97514929019903
1.8845982395277585 -0.4357451667712451 1.1662495206330152 -39.97653149491433
1.8770449685242554 -0.43700342185031665 1.1677602745154272 -39.977335462125616
1.869509404640597 -0.4379372130093033 1.1693871294167755 -39.97767257909193
1.8619950283729223 -0.4380616155455775 1.1710603870948713 -39.97708835328665
1.854504898967611 -0.43480600662011093 1.1726695077900051 -39.973074229517664
1.8470423202271387 -0.4290044106279082 1.1741548834306308 -39.966509398816854
1.8396092366303385 -0.4256412598669384 1.1755132109709814 -39.96237384017716
1.8322045126753563 -0.4251607444238781 1.1766601441753495 -39.96114543043441
1.8248256261562448 -0.4257014407862432 1.1775242755589361 -39.96102269138874
1.8174696720695527 -0.42667341045753404 1.1780676417723404 -39.96145675429735
1.8101330908238131 -0.4273310330213977 1.1782677803173782 -39.961741357224454
1.8028118982213928 -0.4274986070829258 1.1781221317080073 -39.961732965593995
1.7955015702800192 -0.4270622080719549 1.1776494479086466 -39.96133907402802
1.7881972885782829 -0.426073227526283 1.1768872669490358 -39.96062218371254
1.7808940780910851 -0.42461055727594377 1.175884626314071 -39.95966011015897
1.773587073928389 -0.42286576253871155 1.174696438276354 -39.95863722550823
1.7662715919887366 -0.4208454453206151 1.173382157237804 -39.95754828790652
1.758943388561913 -0.41866503186744575 1.1719938816879203 -39.95649442618525
1.7515986154348973 -0.4163960246218349 1.1705780499978262 -39.95552845380589
1.7442339009317196 -0.4141876519063963 1.1691728246116997 -39.95477127943948
1.7368464537816952 -0.4123975114975429 1.1678039696903328 -39.954542287057286
1.729434068885791 -0.41092281325641733 1.1664971756379494 -39.95468213319216
1.721995810503672 -0.4094214672231205 1.1652734814504684 -39.95478732691987
1.7145322600193988 -0.40880802144198153 1.1641612301237882 -39.95574014263363
1.7070440271618401 -0.4090046054908553 1.1632148940597145 -39.957420134175415
1.699532715875387 -0.41003925871016617 1.162487316756128 -39.959815843783275
1.692000748530176 -0.41164826352192596 1.1620190004600337 -39.962628419826736
1.684451503163046 -0.4134922757161324 1.1618325952843633 -39.96548836198269
1.6768892260212256 -0.41532306168965716 1.1619350256754537 -39.96812592906861
1.6693187731333765 -0.41711400985393915 1.162324266309488 -39.970505339345436
1.6617451982709845 -0.4188572414664171 1.1629905431881251 -39.97262111868729
1.654173499538954 -0.42051297669275006 1.1639109924486624 -39.97444465038639
1.6466084430575427 -0.4218919064864718 1.1650479350199188 -39.975804786913905
1.6390545151695395 -0.42280573123483356 1.166350350752324 -39.97653632619592
1.631515836044915 -0.42349356710402 1.1677626188046315 -39.97690065463291
1.6239958323595804 -0.4235648167767086 1.1692230971495419 -39.976537764323155
1.6164975119420124 -0.4202160483937664 1.170628093717531 -39.97270673375528
1.6090245729425448 -0.41473997106126415 1.1719236491277825 -39.96674469081571
1.6015789571148533 -0.41148521030474255 1.1730854980444 -39.9630078461622
1.5941591881932706 -0.41057911408952635 1.1740289290541113 -39.96166126845882
1.5867625676146526 -0.4107165182623879 1.1746977785112147 -39.961452231856775
1.5793860116518745 -0.41121844279557224 1.1750621275771356 -39.96174317070064
1.5720259196742317 -0.4113577256788931 1.1751073318964331 -39.961846202561965
1.564678375276626 -0.41099803162447046 1.1748374554454282 -39.961655697236516
1.5573389761471315 -0.41003440240415623 1.1742757755737405 -39.96108667060766
1.5500030816833077 -0.4085679438725502 1.1734571629341406 -39.960248858044025
1.5426658693653243 -0.40672315151660454 1.1724261076235098 -39.95926423389239
1.5353225899597174 -0.4045758853623845 1.1712338868500711 -39.958200552028075
1.5279687572676348 -0.4021424405460131 1.1699318580291869 -39.95706112780139
1.5206003147056175 -0.3995039909239923 1.1685650596641437 -39.955911372962156
1.5132136227857556 -0.39677459069587584 1.1671720773242775 -39.95484309212973
1.5058055025503394 -0.39426125625147324 1.1657801686064642 -39.954132738333016
1.4983731949161627 -0.39209892152284576 1.1644113031614265 -39.95386961493328
1.4909148050327183 -0.3901696485694834 1.1630846211798678 -39.95387879509947
1.4834297021596605 -0.3883366409242289 1.1618209622106856 -39.953973857167455
1.4759183981230235 -0.38739323677589094 1.1606477078223636 -39.954919204761495
1.4683813490701034 -0.3872369713126967 1.1596189506754542 -39.95657040130864
1.4608200311413777 -0.38786351296142035 1.1587879281452966 -39.958884762126644
1.4532367136447775 -0.3889927010541842 1.1581988773106173 -39.96154850448322
1.4456346566763518 -0.39049813292398 1.157877505400848 -39.964408897927676
1.4380177706211137 -0.3920148648271132 1.1578343509151205 -39.96707987093349
1.4303906965010158 -0.3934818677698908 1.1580647852931931 -39.96948995883122
1.4227583130062693 -0.39488923329776465 1.158556636808114 -39.97162985685741
1.41512546998995 -0.396213620857386 1.1592868347816745 -39.9734856971817
1.4074968083375747 -0.3971092815331708 1.1602170381465777 -39.974728753431975
1.3998768890779034 -0.3975851224458932 1.1612992672659155 -39.97539017537101
1.3922698151961252 -0.39786875805637795 1.1624835990014997 -39.97572233566907
1.3846789644609743 -0.39760414549798306 1.163714623176912 -39.97540079875237
1.3771073337614186 -0.3941732846610529 1.1649021362746346 -39.971866852346224
1.3695589603184735 -0.38899357109430205 1.1659925425306967 -39.96658473040754
1.362035770281071 -0.38613200602522824 1.1669474570028082 -39.96363700342557
1.3545357061285408 -0.3844576939800381 1.1676768711579641 -39.96194044304545
1.3470564735724913 -0.3839054826679617 1.168142961016473 -39.961473306650205
1.3395947156030663 -0.3837861658235464 1.1683268912161804 -39.96158739686604
1.332146694405363 -0.383283460605374 1.168223037536104 -39.96150580216267
1.3247086044127478 -0.3822843949435007 1.1678414175631475 -39.961144395415005
1.317276222959868 -0.38071768350167245 1.1672047014118914 -39.96044989441898
1.3098451116566052 -0.37870411396110865 1.166345326200983 -39.95955023478661
1.302410626058828 -0.3763336679854227 1.1653044969656818 -39.95853199781279
1.294968213433801 -0.3736575318007523 1.1641277630006521 -39.957436817113376
1.287513609624873 -0.3706515974092355 1.162859620692273 -39.956225999021164
1.2800430240692489 -0.36741904910740125 1.1615390776806567 -39.95498432126945
1.2725530693191858 -0.3641845788807006 1.1601963826954231 -39.953911238471015
1.2650406912993366 -0.36134942562833844 1.1588483551185529 -39.95337407578418
1.2575031254300466 -0.3586811318333297 1.1575154111762254 -39.95308727748732
1.249938993312483 -0.35617177610222156 1.1562112241913716 -39.952989642613225
1.242347939442653 -0.3538398331728694 1.154955326859638 -39.95306136780299
1.2347303785288792 -0.3524014163592502 1.1537735588428188 -39.95399212216928
1.227086567280326 -0.35169215757988226 1.1527189117349566 -39.955575452986714
1.2194178792292176 -0.35170937793435586 1.1518436387535356 -39.95777185403164
1.2117264109606627 -0.35217232240100077 1.1511924074315412 -39.960268248978494
1.2040152632388408 -0.35296331733925196 1.150791499027513 -39.962922883907645
1.1962881570584656 -0.3539217030692984 1.150651236853889 -39.96555753251514
1.1885493180135915 -0.35489811394613563 1.1507678580322132 -39.96801283897686
1.180803294620251 -0.3557584887345224 1.1511246240583743 -39.97015309201633
1.1730547660391664 -0.3563666433376637 1.1516931959147723 -39.97184913726648
1.1653083681676524 -0.35652290865528813 1.152435157658665 -39.97291727908409
1.1575686258945859 -0.3563341358865235 1.1533081839367008 -39.97348778911463
1.1498395246841928 -0.3559508005411218 1.1542678914435518 -39.97373801052429
1.1421243702790895 -0.3551529840671109 1.15526696347579 -39.97347985149683
1.1344260441529392 -0.35142621548932756 1.156229280818989 -39.97025495007791
1.1267490386089667 -0.34664107251285387 1.1571025613215218 -39.96598183047066
1.1190948795323012 -0.3436864994829444 1.1578304227856566 -39.963578096243516
1.1114612927740843 -0.3413680143129286 1.1583366421165469 -39.961896904936175
1.1038462160680387 -0.33987652723712436 1.158593797191876 -39.961172255535104
1.0962462743728367 -0.33888016210610594 1.1585922714893628 -39.96111027703882
1.0886575389356414 -0.3374841659065322 1.1583354240559656 -39.960853118731364
1.0810763995863042 -0.3355785147748488 1.1578390609711022 -39.960317035055624
1.0734989394836674 -0.33316372004621275 1.157128913831963 -39.9595187422636
1.065920995085199 -0.33035072798352455 1.1562378701023668 -39.958576123338204
1.0583381924726682 -0.32719633186865676 1.155205094543544 -39.95754171724632
1.0507462851765523 -0.3237175112865901 1.1540715322586759 -39.95642193663416
1.0431413601677009 -0.319869782054377 1.1528768547132453 -39.95515548182374
1.0355200293375106 -0.31581683131987537 1.1516541010292973 -39.95388592166504
1.0278791972314554 -0.3119240483030496 1.1504223257882384 -39.95295118652903
1.0202158411262028 -0.3083532235530151 1.1491924206810877 -39.952472411572536
1.0125275949926555 -0.3049031557227188 1.147976249495975 -39.95219498938477
1.004813446975437 -0.3015946568258592 1.146786523394577 -39.95209480283933
0.9970731750886722 -0.2984590547154505 1.1456397251633132 -39.95216914112188
