8.082573644093118 -2.766525148425842 2.3508696492573953 -12.05156389467829
8.002303668368533 -2.756139038568755 2.354149984517205 -12.043184822006149
7.921985861025425 -2.748760872784073 2.357330140554436 -12.03800782000782
7.841653498826366 -2.7447196217984757 2.360285977663311 -12.036374481553063
7.7613312167774104 -2.7418552049280103 2.362883849530702 -12.036129210281043
7.681026851347482 -2.7393207566252324 2.3649954566780336 -12.036454915280128
7.600731206494737 -2.737065643878105 2.3664799762271955 -12.037352414477489
7.520428485451312 -2.734904665928568 2.3671807836660896 -12.038728065468714
7.440098315848171 -2.731803735727912 2.366949731909926 -12.039664409316035
7.3597164587726205 -2.7268928775544263 2.365689629351861 -12.03944820524141
7.279260945282434 -2.720782471018858 2.3633275247776635 -12.038935918332339
7.1987137784724835 -2.7135537138200174 2.359867909314125 -12.038457031768957
7.118072207076927 -2.7060858718537664 2.3552911690342753 -12.039155894759272
7.037341473671934 -2.6988373117930577 2.349580760970949 -12.041662988266584
6.956521563115966 -2.6916251720000726 2.342712615363989 -12.045869051166155
6.875603280027316 -2.683982812386406 2.3346445737103054 -12.051306166807315
6.7945672309510705 -2.675332402555617 2.3253665210535934 -12.057320407667941
6.713387856093389 -2.6653575196152275 2.31487351736133 -12.063481852296368
6.632036467223707 -2.6541556502437436 2.3031273134722916 -12.069779164646004
6.550483783313857 -2.64183522087305 2.2901103916861816 -12.076167137182603
6.468700738591545 -2.628405167735509 2.275863144504571 -12.082442138580475
6.386660916588686 -2.612200359534627 2.260842555835909 -12.086333352951772
6.304348415885788 -2.5943354188307763 2.2450650028787504 -12.088875519838531
6.221754259924774 -2.5736654079109313 2.2290324719634285 -12.088379802294726
6.138874144319922 -2.5535793448919355 2.212254363616933 -12.08864360652114
6.055684657119622 -2.533245254485339 2.195179999028225 -12.088284013721182
5.972162715963176 -2.51193720046731 2.178185001082807 -12.086072591988914
5.888286685065022 -2.492430788044166 2.160833580120493 -12.084997951740283
5.804014434612936 -2.4751273671016323 2.143215111559811 -12.08523726497851
5.719320175321676 -2.4578601251972687 2.125981086387323 -12.084077873600616
5.634210274460097 -2.4416419570934336 2.1089742457948706 -12.082662384592096
5.548706400199152 -2.427725049783899 2.091992484179447 -12.082416041930054
5.462839368803239 -2.41537591275344 2.075234197769593 -12.082551929209197
5.3766468490336425 -2.4050844245389693 2.05862060296756 -12.083708330052726
5.290163899634994 -2.395490373853786 2.0424206799005624 -12.084523797802344
5.203427042921396 -2.382943598159673 2.027298493959989 -12.081237725442891
5.116477384132775 -2.3705982272038195 2.0126315568198674 -12.077480273715873
5.02934444591969 -2.3595005784593344 1.9981876350802104 -12.074552766309141
4.94205019665218 -2.3477363034776526 1.984231982268403 -12.070574341566697
4.854609420745865 -2.3365210318038963 1.970513514414728 -12.066970190428487
4.767029821558352 -2.3258453770311873 1.9570315551316366 -12.063835633733078
4.679317828590897 -2.3157979055185147 1.9437829647524578 -12.061351381984387
4.591480282959919 -2.306612604356817 1.9307331223854296 -12.05983768328453
4.503520989067297 -2.298154136860058 1.917871779263356 -12.059197018623033
4.415437898717222 -2.290127708202795 1.905199051536792 -12.059134759096095
4.327224193398687 -2.2822801113959827 1.8927152316887785 -12.059376420253711
4.238870329468576 -2.2744406729781104 1.8804247623912163 -12.059719391204792
4.150366778360351 -2.2666410304464 1.868322979226685 -12.060167099491334
4.061705262596818 -2.258671330559688 1.8564568654575675 -12.060465813595533
3.972877374260257 -2.2505978535792015 1.8448437938190347 -12.060642945325927
3.8838763691899816 -2.242590883340115 1.833473855028226 -12.06083028746335
3.794695490909232 -2.2346828175300564 1.8223401360795186 -12.061016866162236
3.705326639615801 -2.226713685968377 1.8114362229833507 -12.06099433172084
3.6157623292873025 -2.2183161322955005 1.8007756892807696 -12.060340104909322
3.5259973750744114 -2.2093649008122775 1.7903339153255333 -12.05888781862308
3.436029194600096 -2.199802721066249 1.7800931461347844 -12.0565477676806
3.3458612813899116 -2.1893690385952564 1.770084533308391 -12.053032623751184
3.2555029077082773 -2.1788740362484633 1.7602408774126999 -12.049178457266969
3.164968340399137 -2.169164124849968 1.7505066874962631 -12.045871966358915
3.0742739157762067 -2.1605813401081355 1.7408937586965685 -12.043490953654683
2.9834347893859863 -2.1531212816793475 1.731474812634099 -12.042066127752646
2.892463756714315 -2.1463173454319096 1.7223968516277781 -12.041158120602269
2.80137232339562 -2.140717202596911 1.71372736597477 -12.041364351297334
2.7101735952924666 -2.1357417672518944 1.7056230583305063 -12.04214152717446
2.6188773716381704 -2.1310705271357793 1.6982204841641182 -12.043196113482537
2.527491078531014 -2.126605179339306 1.6916323303978213 -12.04444861858409
2.436021451491356 -2.1218933784766945 1.6859742157899862 -12.045453102630946
2.3444759808594617 -2.116885625244027 1.681308164063894 -12.046170308098482
2.2528645257767104 -2.1116251583795913 1.6776589028843494 -12.046659775198723
2.161199346598361 -2.105376971930878 1.675049441374216 -12.046206329067246
2.06949490629026 -2.0997504907576365 1.6734100701501078 -12.046466784926556
1.9777668986583103 -2.0940850073167874 1.6727207739117735 -12.046823379156253
1.8860314233240685 -2.0876880094423536 1.672933141153168 -12.046636257265504
1.7943043237625225 -2.0810937748999696 1.6739814819520085 -12.046504217746747
1.7026036553594686 -2.0744885508106043 1.675799639516149 -12.046696503253111
1.6109463259967851 -2.067395591779423 1.6783043081513143 -12.046828886029562
1.519348165844203 -2.0594834000316613 1.6814079550061973 -12.04667617582498
1.4278255687632466 -2.0508550167320405 1.685035210670844 -12.046471254895257
1.3363974526341305 -2.0416625855698025 1.6891050545526813 -12.046535729296611
1.2450848966519479 -2.0307680833246566 1.6934845567877828 -12.045952025514769
1.1539092133095172 -2.0182812232451135 1.6981195797212647 -12.045091877392462
1.0628967064916772 -2.0040869655400564 1.7029570449424343 -12.044183962442144
