7.819899609887083 2.7648321427090563 1.2234279060081577 -48.34908587516279
7.797793041369464 2.76862198008712 1.2183737105402683 -48.34740723940386
7.775731574573783 2.777326308171711 1.2134514362266589 -48.34084594974947
7.753720314130793 2.7803391176624266 1.2082876933717 -48.34014285995736
7.7317647493460635 2.7823384252089767 1.2034925853469125 -48.340444367540606
7.709860911931107 2.784272024045111 1.1994212513078446 -48.34069186516524
7.688001471743622 2.7852778034691315 1.1962841975646878 -48.341676308449514
7.666177985265801 2.786750563022691 1.1942983698304168 -48.341889757544074
7.644380805607896 2.7884690850138902 1.1935245837800568 -48.34147952263888
7.622600063795779 2.7903381163657754 1.1939747463707735 -48.34046716532974
7.60082442460632 2.7917197982290833 1.1956402607653822 -48.339425854977854
7.57904099057968 2.7925665906451154 1.1984800608256814 -48.33835584887605
7.557235514095159 2.7924427616010368 1.2024287998094323 -48.33766683398351
7.535394140606711 2.79174512833007 1.2073522636616454 -48.336976027952964
7.513503569069965 2.7901899216059287 1.2131085901174379 -48.33659491252539
7.49155163613034 2.787891611848933 1.2194952007786732 -48.33644876462887
7.469526800187304 2.7849592616220953 1.2262641605696 -48.3364678815101
7.447417539339202 2.781475053661042 1.2331357102423708 -48.33660785535333
7.425212585970545 2.777822346022813 1.2398267114056527 -48.336544014594566
7.402900163860797 2.7737911635640944 1.2461147447474026 -48.33653932825528
7.38046828695066 2.7675179551160243 1.2518737420482673 -48.338447814099126
7.3579059387352705 2.7619096158713186 1.2567729559811565 -48.339574712064376
7.335210101460949 2.7575844498094466 1.2607117800990602 -48.339410658029294
7.312380243652428 2.753832041335992 1.2636931868869015 -48.33870648740744
7.289417473073724 2.7495091363233475 1.2657689254906461 -48.3386152979705
7.266323812003887 2.744304570258241 1.2670043683162486 -48.33948145384736
7.243102538253215 2.7406282162894695 1.2675063474203463 -48.33903783368991
7.2197607247276645 2.737110296329186 1.2674579796222403 -48.338629331699096
7.196307581215215 2.7325611679215167 1.2670377206835965 -48.339436954844395
7.172752145950403 2.7273031154078473 1.266423009550084 -48.3411869416908
7.149101534304584 2.7225804497791146 1.2658031461765125 -48.3426988202519
7.125361164520917 2.7181826419891464 1.2653284427466 -48.344187249315326
7.101535744833954 2.7140590361247683 1.2651048844493105 -48.345706506032556
7.077630357169022 2.7103059262282607 1.2651979141890248 -48.34715701674458
7.053650648344956 2.707260046434002 1.2656357869962767 -48.34819235329439
7.029602753978698 2.7048106413700204 1.2664175203448462 -48.348890265620064
7.005492685484048 2.702970369524902 1.2675360466978716 -48.34919659416638
6.981325830682284 2.701867853235727 1.2689975860540819 -48.34893275638478
6.957106319401494 2.699956630864989 1.2708552302540268 -48.34955635200419
6.932835397436004 2.6974396094183493 1.273156885624201 -48.35080125755715
6.908510499913871 2.6954847239458757 1.2758886481882643 -48.35145881666196
6.884127342935384 2.6939509993376087 1.2790491706672855 -48.35161683192508
6.8596805334681195 2.692350202429039 1.2826347814949983 -48.3517264786132
6.8351638213195365 2.6906680577173496 1.2866248206753834 -48.351783419083475
6.810570201730923 2.6891110483588037 1.2909854338321012 -48.351575128893444
6.785892468590654 2.6876780179216824 1.2956833283156368 -48.35109902603143
6.761123772235205 2.6862550463074966 1.3006870466639857 -48.350469514535135
6.736257577706695 2.684749011089378 1.305961823395743 -48.349788277915735
6.711287707388383 2.683411062420602 1.3114499387712477 -48.34882768179686
6.686208760778482 2.6822411166405002 1.317097149410737 -48.34760977444806
6.661016382915485 2.6814312207208615 1.3228355509676977 -48.34597404762945
6.6357075501127465 2.679686578692379 1.3286765843969583 -48.345206182899936
6.610278676691518 2.677109930955042 1.3345559268986087 -48.34524333641266
6.5847268278449445 2.6750902281170643 1.3403436452385207 -48.344780356205334
6.5590512990772725 2.6731682010495175 1.3460459263747206 -48.344304390427865
6.533252916476302 2.6707092986830308 1.3516832612213563 -48.344460940295015
6.507333730764811 2.6677087633363477 1.3572300750080593 -48.345274203242084
6.481296470527962 2.664191522551481 1.3626405017829335 -48.34673087056825
6.455144786909958 2.6601224686825833 1.3678735020196724 -48.348872270643334
6.428882570628711 2.655862162688098 1.372882185164646 -48.35135019982757
6.402513930579923 2.651628350160867 1.3776465667938658 -48.35395098939585
6.376043182189842 2.6475944742344524 1.3821643630242963 -48.35650033127407
6.349474779430724 2.6439657516793837 1.386445942052607 -48.35878929551345
6.322813286721838 2.6408557810554614 1.3905178478308544 -48.3606959270988
6.2960632189248855 2.6383378637143227 1.3944175987607614 -48.36213656757911
6.269228719993868 2.6363196224070755 1.398196709523565 -48.36319034220345
6.242313138069145 2.634658321204307 1.4019111735362373 -48.36398598148158
6.215318930601634 2.6335026375461954 1.4056062781552336 -48.36436474041477
6.188248015208426 2.632756783458463 1.4093309693399192 -48.36440871474405
6.161101827645511 2.6321146230475865 1.4131440043220878 -48.36440833133487
6.1338811571987275 2.631256071125195 1.4171043624481567 -48.3646691146933
6.106586334894542 2.630305707028703 1.421244194870075 -48.365058296417466
6.079216731569791 2.629477135911853 1.4255719679533363 -48.36535612223335
6.051771226011246 2.6288517816910666 1.430077440862252 -48.365475171089884
6.024248743321491 2.6284315411306056 1.4347416824202421 -48.365409326397035
5.996648483907028 2.6282127744287296 1.439540830038634 -48.3651604239258
5.968970021848778 2.6281694616227944 1.4444505313579499 -48.364754125050716
5.941213265331622 2.628235059686459 1.449446734480998 -48.3642571813069
5.913378328045631 2.6282519822977033 1.454508437535828 -48.36382709158491
5.885465275859707 2.6280615390868753 1.459615375245078 -48.36362264191267
5.8574739526981 2.6277239345114336 1.4647394616926617 -48.363585564662664
5.829404279218304 2.627261789530143 1.4698607219126574 -48.36369484091965
5.80125623820698 2.626690426825578 1.4749654459171342 -48.363936787981466
5.7730298370199185 2.626076144436401 1.4800393539532344 -48.36424704658558
5.7447250892011334 2.625460309446194 1.4850712283055398 -48.364585591797294
5.716342044474591 2.6248644006571094 1.4900517048782642 -48.3649318330712
5.687880836329554 2.624287776981371 1.494973130955467 -48.36528689816282
5.659341689252267 2.6237353880787393 1.4998284425312975 -48.365646219319046
5.630724911285304 2.623219749901669 1.5046107630969905 -48.36599754578184
5.602030896158167 2.622750656566249 1.5093140780243786 -48.36633115785943
5.5732601278354865 2.622336520277001 1.5139336161646089 -48.36663858971714
5.544413180985339 2.621980184450282 1.5184663379974765 -48.36691682732385
5.515490723322132 2.621680544792174 1.5229111147753054 -48.36716674446854
5.486493505414993 2.6214367712862914 1.5272685974739462 -48.367388931105424
5.457422340433681 2.6212465868457775 1.5315410578174629 -48.36758539647206
5.4282780893454765 2.621106168549815 1.5357320470229407 -48.367759660835404
5.399061648463285 2.6210112383613224 1.5398459797851187 -48.3679156634331
5.3697739393445225 2.620956568891482 1.543887804480035 -48.368058245488605
5.340415903946344 2.620934097161995 1.547862829111783 -48.36819502692437
5.310988501458513 2.620937486284028 1.5517764115520534 -48.36833187713593
5.281492696246233 2.6209615100478567 1.5556337939101303 -48.36847351847716
5.251929448911844 2.621001893087233 1.559439923525116 -48.36862368180893
5.222299709560321 2.621055336833984 1.5631992919995676 -48.36878508055086
5.192604412681745 2.6211172359569272 1.5669159016166618 -48.36896168749615
5.162844471902011 2.621192441705844 1.5705927951889747 -48.36914802048216
5.133020779112663 2.6212930328628397 1.5742321442454896 -48.36933134799768
5.103134193329791 2.6214288069805813 1.577835730803377 -48.369501151081586
5.073185538300018 2.621601803459356 1.5814054143741951 -48.3696545856438
5.043175621014538 2.621811060955963 1.584942733413338 -48.36979178946737
5.013105238539586 2.622053423202676 1.588448827901159 -48.36991510385114
4.98297517991292 2.6223243625918418 1.5919244303100886 -48.37002826670033
4.952786224149777 2.6226242444150434 1.5953697188366454 -48.37013016685265
4.9225391386531445 2.6229529043366417 1.5987846179927425 -48.37022023850079
4.8922346812352515 2.6233100655498975 1.6021688410928536 -48.370298052743486
4.8618736015239765 2.6236952087577445 1.6055219583251985 -48.3703634516197
4.8314566420446186 2.62410771745291 1.6088434451219669 -48.37041640588989
4.800984539225479 2.6245467641982434 1.612132732636782 -48.37045712965533
4.770458024235686 2.6250114441942505 1.6153892388157132 -48.37048594722308
4.739877823713724 2.625500678894488 1.6186123993111252 -48.370503388366416
4.709244660399849 2.626013338775134 1.6218016788559875 -48.37051006447577
4.678559253618747 2.6265482414595884 1.6249565823095433 -48.3705066682923
4.647822319619291 2.6270902622703884 1.6280770847372101 -48.37050784167376
4.61703456323919 2.6276356229929125 1.6311628126578623 -48.37051692635698
4.586196685014346 2.628184367018118 1.6342133020834215 -48.37053346839792
4.555309384155645 2.6287364745373605 1.6372281271406472 -48.37055709406717
4.524373359036573 2.6292919186606007 1.6402068967046919 -48.370587452040304
4.4933893074944695 2.629850587673295 1.6431492568063153 -48.37062428912966
4.462357927115562 2.6304123889232853 1.6460548837106386 -48.37066734504929
4.431279915360257 2.6309772667057407 1.6489234800204544 -48.370716332858656
4.400155969683486 2.6315451439914725 1.6517547719759038 -48.370770995812194
4.3689867877133 2.632115998202431 1.654548503133381 -48.37083103074036
4.337773067359703 2.6326908615105076 1.657304403890978 -48.37089508739083
4.306515507499421 2.6332665864947074 1.6600223320944323 -48.37096599891818
4.275214814361258 2.6338434887328757 1.6627019818716748 -48.371043162296466
4.243871700679116 2.634420965584782 1.665342687789791 -48.37112691455809
4.212486889193983 2.6349982921775186 1.6679434814392942 -48.37121773610939
4.181061113385383 2.6355748194726005 1.6705031815834541 -48.37131604574097
4.149595117219761 2.6361500947040155 1.6730204840399696 -48.371422072673134
4.118089654590697 2.6367259554091027 1.6754939944557603 -48.37153375664252
4.086545489639969 2.6373058119509913 1.677922325020266 -48.37164745988342
4.054963394101352 2.637890508688332 1.68030413432665 -48.371762102305325
4.023344141730007 2.6384806201825732 1.6826379541345076 -48.37187686503813
3.991688509868564 2.6390763685844356 1.6849223075253257 -48.37199127514095
3.9599972798684986 2.6396783011602376 1.6871557967303525 -48.372104528009906
3.9282712372922313 2.640279464525352 1.6893373725022087 -48.37222331184285
3.8965111652948936 2.640877900638433 1.691465977638429 -48.37234930703673
3.8647178427861433 2.6414781225145525 1.6935404142078814 -48.37247769580642
3.8328920514584612 2.642082675042804 1.6955594095900823 -48.37260561000497
3.801034583998213 2.6426921806823858 1.697521610655582 -48.37273210863555
3.769146247826543 2.643302356006073 1.6994256977693405 -48.37286118178904
3.737227862175543 2.6439116067555117 1.701270363319703 -48.372994177506186
3.7052802448863713 2.6445194725738967 1.7030546844247136 -48.373131316708125
3.6733042045876627 2.6451351273676336 1.7047782175774973 -48.37326317192995
3.641300539277913 2.6457569394332383 1.7064415440221563 -48.373391100595896
3.609270039010669 2.6463843000725813 1.7080464837170677 -48.37351541120928
3.5772134819777324 2.6470168025144067 1.7095961155103663 -48.373636163017146
3.545131635582486 2.647654252619945 1.7110945772463617 -48.37375315510506
3.5130252604681327 2.6482988572142414 1.7125466902803155 -48.37386374970941
3.4808951159046435 2.648953970085044 1.7139574548805285 -48.37396411714443
3.448741973708743 2.6496208271796386 1.7153313203801166 -48.3740525107607
3.4165666397172254 2.650306838621308 1.7166712152292183 -48.37412102886257
3.3843699748302747 2.6509961349308395 1.7179782397134293 -48.37418512673739
3.35215291472185 2.6516760745668955 1.7192507543656148 -48.374257293543714
3.3199164430342383 2.652324642617684 1.7204850442283006 -48.374359566163136
3.2876615619972505 2.652939623173238 1.7216755682147227 -48.37449425049996
3.2553892824589523 2.6535347673678613 1.722815734427434 -48.37464769376955
3.2231006192531577 2.6541255839257505 1.7238987968577413 -48.37480446220112
3.190796594143824 2.6547170625534298 1.724918648357302 -48.37495969949966
3.1584782220563214 2.6553077040441937 1.72587071681554 -48.375115177879735
3.126146465945854 2.6559005304468988 1.7267531425526823 -48.37526817620024
3.0938021949255106 2.6565108442212724 1.7275679473070953 -48.37540358574731
3.061446157549208 2.6571461890180887 1.728321935689456 -48.375513856955386
3.029078970247747 2.6578335428583943 1.7290265435169594 -48.375571823854884
2.9967011267050956 2.658587292628638 1.7296978399054241 -48.37556290716517
2.9643130113874925 2.659399975604675 1.7303564626918169 -48.37549465023561
2.9319148023228436 2.6602273762156523 1.7310256063808294 -48.3754114327815
2.899506400549285 2.6610346119523034 1.7317295437250073 -48.37534821360362
2.867087369092145 2.661828124705968 1.7324922188388032 -48.37529823157279
2.8346570284270043 2.662626377484732 1.7333361366179034 -48.37524231831681
2.802214562081162 2.6634230289006786 1.734277819520003 -48.37518603734083
2.7697591384634905 2.6642115646651865 1.7353247956038813 -48.37513536944202
2.7372900078272435 2.665027617428919 1.7364735589309925 -48.37505441633669
2.704806619273862 2.6658998983691142 1.7377095642982534 -48.37491458387247
2.672308717014847 2.666714629946257 1.7390074083260632 -48.37483042349393
2.639796395687063 2.6672836705464396 1.7403297579863575 -48.374991735209875
2.607270112767829 2.6675987013863414 1.7416248806304766 -48.37540874459225
2.574730588707152 2.667955822075365 1.74282943798343 -48.37578569163446
2.5421790002129443 2.6683714237494622 1.743879726093974 -48.376105504981496
2.509617116282458 2.6686846662826027 1.74471167215611 -48.37652904604357
2.4770473634144587 2.668889819752492 1.7452676309059645 -48.377064044556406
2.4444725186823524 2.669049182778033 1.7455112997427285 -48.377650448552075
2.4118953679623245 2.669246584059825 1.7454297019170149 -48.37820562008553
2.3793184894158586 2.669550570366119 1.7450304734871382 -48.378660489627215
2.346744182277167 2.6701055374397935 1.744337383945849 -48.3788687353084
2.314174467820497 2.670806558030527 1.743385296541743 -48.37893249376869
2.281611111521694 2.6716076332082537 1.7422216408123292 -48.37889461866571
2.249055565782576 2.673718056231844 1.7409218919679164 -48.37754151903028
2.2165091023487693 2.6763920780063515 1.7395447963961943 -48.37561491084901
2.1839729139733164 2.679389963221514 1.738147957149042 -48.373352580326035
2.1514479817105463 2.681624106676884 1.7367735485698603 -48.37184059671044
2.1189350556565647 2.6829433522018586 1.7354717654909333 -48.37122830270978
2.0864345964370385 2.68407771030841 1.7342979077801985 -48.3707829152166
2.0539467952458743 2.6852937354846573 1.7332841421220013 -48.370234604825534
2.0214717801275253 2.686891062772304 1.732439677267564 -48.3692820736462
1.9890097482260904 2.6889077434578517 1.7317566298208935 -48.367887669947685
1.956560971419885 2.6911840771378146 1.7312191054110064 -48.36621301061899
1.924125761147505 2.693557551227693 1.7308090467647395 -48.364423449520864
1.8917044385896504 2.6961094698809682 1.7305070455297118 -48.36244139092298
1.8592973294615645 2.6987975009628107 1.7302916539603324 -48.36031351893523
1.8269047345418024 2.7015114914105807 1.7301405463528596 -48.35815497204895
1.7945268448460219 2.704011546262627 1.7300306324606198 -48.35621037001041
1.7621636499317967 2.706121388683024 1.72993899172842 -48.35465956992474
1.7298148937946256 2.7078689917743315 1.7298445306441832 -48.35347661281462
1.6974801267893906 2.709377718702628 1.7297296827891955 -48.35253907805439
1.6651587631806963 2.7105857959639232 1.729580577419249 -48.35190857999081
1.6328501260753394 2.711486932090179 1.7293839277783827 -48.35159058734659
1.60055352059478 2.7120346409375244 1.7291260661872705 -48.35162997572524
1.568268300462023 2.7122515201188975 1.7287930819486639 -48.35200177812452
1.5359939397040099 2.712439285951891 1.7283724317998665 -48.35240111852187
1.5037301323717889 2.7125971693128785 1.7278507045067613 -48.35282455667263
1.4714768124212099 2.712750202990209 1.7272152807337893 -48.35324192871971
1.4392342007314798 2.7128939601006676 1.7264538760749835 -48.35365177749037
1.4070028460058284 2.7129777438798977 1.725554691525074 -48.35409863853269
1.3747836743076156 2.7129882661280957 1.7245078176503508 -48.35458992250084
1.3425780429864398 2.712897651505415 1.7233051223079903 -48.35514765590704
1.3103878088240941 2.7127484036117195 1.721940358551823 -48.35572372503005
1.278215370964423 2.7127751300168503 1.7204129823372207 -48.356078068929925
1.2460637105478782 2.71291114928176 1.718717001249055 -48.35627246882995
1.21393634453859 2.713044476870144 1.7168379715308384 -48.35641694697539
1.1818370869806953 2.713136393948747 1.7147649244741014 -48.35654937561052
1.1497698399603244 2.7131950738205313 1.7124974589988498 -48.35666006702671
1.1177384452967576 2.7131654047146267 1.7100467530235541 -48.35680100912207
1.0857465789648448 2.713039813140271 1.707439602892213 -48.35697466857881
1.0537976784885266 2.7129532893422117 1.7047219842996133 -48.35703892484979
1.021894907465198 2.714266150698384 1.7020003020374392 -48.3556259371307
