7.85807760868521 1.2531911454094566 2.376619725349149 -28.084924596565095
7.758295392710424 1.261273793804938 2.3731085932977036 -28.08068809441307
7.658482767103535 1.2664240900470487 2.368168030975588 -28.079028047193518
7.558714219913601 1.2705611655031286 2.362262987554218 -28.078386611235842
7.459050937257174 1.2743284561924362 2.3559488998293374 -28.07840334443611
7.3595359566799265 1.2797697599003304 2.3500138038546936 -28.07724743296408
7.2601608764240675 1.2824509996460287 2.3446317085808204 -28.079478057400983
7.160906655198507 1.2859511314957883 2.340539685886149 -28.081623183672804
7.061734391697821 1.2929790623414348 2.3383213936108147 -28.08095401021579
6.962602618150735 1.2989898597985536 2.338268948493645 -28.08205246689414
6.863475563385816 1.302195045536236 2.3407550674472666 -28.086753932390444
6.764334445549575 1.3034425834278067 2.3461039688310015 -28.094203346598512
6.665156285387118 1.303222401717537 2.3545333714879524 -28.103958793616087
6.565913343689927 1.3025343731596817 2.3661176995734534 -28.115093137582278
6.466576197851931 1.3019807836287276 2.3808800477910763 -28.12712439227549
6.367115605210569 1.30070418219225 2.3990470688364 -28.141168810055525
6.267499676223487 1.2993423360664291 2.4206565726703726 -28.15682136441486
6.167693420284308 1.2988123684414097 2.4456306252113826 -28.173412683881068
6.067658320825879 1.3006948633415687 2.4736078619043416 -28.189556952806626
5.96735005972862 1.3068087702978826 2.5039997563234024 -28.203548944640417
5.8667230126513195 1.3179803029454078 2.5363725711787053 -28.214728360753632
5.7657239922064285 1.336045363588532 2.569777015289906 -28.221136759704407
5.664306519307579 1.3613255204220571 2.6036070598325356 -28.22237660395738
5.562442130990178 1.3948956966251516 2.636769817226437 -28.21693220949362
5.460143075057557 1.4333685089691923 2.6703036231843496 -28.209234550392537
5.357431774953125 1.4755155900654495 2.7047012464896416 -28.20190685963469
5.25430912034047 1.5220706268297364 2.7399596169829668 -28.19605817629202
5.150753506495618 1.5757879760753313 2.775358427011122 -28.191048821765705
5.0467352063220385 1.6408715259797115 2.809279611512193 -28.184402504100618
4.942209756511583 1.7191777073119114 2.841681278996206 -28.17822411617194
4.837103038157306 1.8147682329174388 2.8677570605371185 -28.16100730659135
4.731426756957267 1.9240370394435304 2.888772089515756 -28.136800011901506
4.62522760816397 2.045245430939547 2.9060895522991097 -28.11088800202929
4.518540796130904 2.178946770970432 2.920391539275939 -28.088064434994877
4.411388492623379 2.3268426424160125 2.931443727203412 -28.07257492896651
4.303784186150928 2.486286826386974 2.9377070125647458 -28.063513857594323
4.195752576327467 2.6508381723352743 2.938081955738733 -28.061971160176007
4.0873201905777545 2.8118775735682524 2.9314792445185844 -28.073203053086537
3.978502390284944 2.9527362762007927 2.91777201925349 -28.091800385455635
3.8693387083528923 3.0639841948731057 2.9011952363738875 -28.096942546055736
3.7599346283604094 -3.129625804106155 2.8833046737433894 -28.096034351135913
3.650351036537548 -3.0570154804918626 2.8646285642613307 -28.094641045516312
3.5406077018289066 -2.997730200423088 2.846123924287701 -28.093033746678827
3.430714828411348 -2.949302121754367 2.828323028055191 -28.09258146246613
3.3206780611912654 -2.9094699732268867 2.8118818612931147 -28.09309171715246
3.2105098006773205 -2.8766854303169485 2.797273046135316 -28.094848375682197
3.1002281465992074 -2.8498743130742095 2.7848217785919376 -28.098435820813755
2.9898484619486037 -2.8270019684641596 2.7748548855496065 -28.10259935098025
2.879384067735284 -2.806336989477619 2.7674901225717763 -28.10635638792929
2.7688444246906627 -2.786081812503335 2.762683933800969 -28.108361652342808
2.658239597862396 -2.765979189326609 2.7602147440080715 -28.108920283543448
2.547579186712916 -2.746467662404198 2.7598131628651683 -28.10885743311644
2.436870087862551 -2.727597424725725 2.7611413408529275 -28.10829266315067
2.326116336660139 -2.7099037587196118 2.763850077678537 -28.108110612403628
2.2153170006662024 -2.6925171082383703 2.767380649293192 -28.107224220621283
2.1044694861175257 -2.6737534347059553 2.7709149851715207 -28.103135865411296
1.9935824252299537 -2.6563452392426212 2.7742687129247456 -28.099176858234678
1.882684782539028 -2.6406083575404913 2.7768511899589723 -28.095527659667354
1.7717966347347904 -2.6273153216645087 2.778219225098162 -28.092395533470267
1.6609357361415684 -2.617215452831304 2.7780169599965174 -28.089703159049485
1.5501079500059014 -2.6107693969238093 2.7760437073421396 -28.087271448658562
1.4393207926926694 -2.6083467492981005 2.7721790466089584 -28.084997888829236
1.3285875591021385 -2.610276523716065 2.7663079155118373 -28.082850652835376
1.2179299607469263 -2.6166156130803175 2.7582636732927224 -28.08053345289867
1.1073825742830243 -2.6275455509702503 2.7477863247217655 -28.077888965732413
0.9970021575763801 -2.643352671246236 2.7344134378362135 -28.07476209019127
