7.753219554967694 -1.538374742538565 0.5088627379074757 -56.7111414509373
7.711879277259656 -1.5314899743201262 0.5121258086819969 -56.704490442516395
7.670562400376991 -1.5305700531002595 0.5152030894418929 -56.70381077969581
7.629274027165984 -1.5302145948564982 0.5177863888284503 -56.70389102204873
7.588007760912795 -1.5298910499620857 0.519764090897342 -56.70429554120831
7.546753623425918 -1.529434934001717 0.5210361241845214 -56.70493473563427
7.5054998976469385 -1.527883526276576 0.5214890423493714 -56.704906719258126
7.4642336742072315 -1.5250971882063655 0.5210242152430637 -56.70409942780329
7.422943927043565 -1.5212331882327663 0.5195416260273018 -56.70265941138711
7.381621397598345 -1.5169425993121937 0.5169274195972323 -56.70123251179959
7.340257143316616 -1.5122077873813176 0.5130824888191572 -56.69984133386336
7.2988416693980005 -1.506915229838589 0.5079420510736454 -56.6984106482129
7.257365151261608 -1.501162744080346 0.5014699381877035 -56.697075502634654
7.215818328516322 -1.4950541542184022 0.4936660514918947 -56.695997905167125
7.174192069601049 -1.4889389103735553 0.4845331112689248 -56.69561463681792
7.13247630005488 -1.482519489024313 0.4741477693672008 -56.69570037382977
7.090660361329118 -1.4756297942277505 0.46260333686900756 -56.6961639939615
7.048733007587396 -1.4676677076633595 0.45008456639509437 -56.696438436027705
7.0066833810072575 -1.4582746378680913 0.4367877637203524 -56.696185148413775
6.964501272113454 -1.4482143904872686 0.42275936987540574 -56.69624479414992
6.922175824025188 -1.4375342031366527 0.4081679793459569 -56.69667365489947
6.879697738241995 -1.4262604826092606 0.3931854999891513 -56.69752722294369
6.837060391246882 -1.4133066579047475 0.3781665436169697 -56.69765091773678
6.794259028758605 -1.3991072536338245 0.36321074340619186 -56.69748704408041
6.751291515619254 -1.384208436538302 0.34837265756055197 -56.69759972572224
6.708158663749437 -1.3687139910358885 0.3337317989872038 -56.69817801886833
6.664862988569508 -1.3525089290159902 0.3193536653815878 -56.699241135754484
6.621408047301555 -1.335301611422423 0.30530411917821393 -56.700664312322644
6.577797643819587 -1.3167457153090796 0.2916396252961502 -56.70227077811191
6.534035392400152 -1.2964930664873362 0.27840056726284335 -56.70386657979775
6.4901247927082215 -1.274254992267768 0.2656032742159739 -56.70529794545577
6.44606926277848 -1.24981615389937 0.2532402345925681 -56.706460068902565
6.401872072909877 -1.222918338094441 0.2413000888645947 -56.70714677697976
6.357536069439661 -1.193703511300173 0.22969413148934453 -56.70765907601009
6.3130633372652785 -1.1619899543424117 0.21836854125350852 -56.707976664164754
6.268455562950772 -1.1277884501511484 0.20723647534895048 -56.7084804624786
6.223713631894392 -1.0907273288015094 0.19625702314479793 -56.709231894563125
6.178836881145728 -1.0501959302608244 0.18541703180526098 -56.710188711882864
6.133823567196839 -1.0054505793927226 0.174715515862846 -56.711441678701114
6.088671444237232 -0.9554069542277528 0.16420889143206596 -56.71283495877611
6.043377946517874 -0.8988338787982045 0.15398090057811464 -56.71424055369622
5.997940435826295 -0.834369185597077 0.14414129794396344 -56.71558192824244
5.95235638260153 -0.7605703291486178 0.13482578571237608 -56.716862527659885
5.906623360734336 -0.6759692191546334 0.12621533124252612 -56.717986322650546
5.860739452911528 -0.5793523812248663 0.118521672036002 -56.71887140768289
5.814703505451405 -0.47007379795729515 0.11197009777539992 -56.71960500804809
5.76851503657771 -0.3484551634696071 0.10681091759671177 -56.720213599207646
5.722173947227839 -0.21628355797875226 0.10329003619910136 -56.7207957499514
5.675680292245311 -0.07711257553581591 0.10161683439851919 -56.72137949805094
5.629034130389101 0.06402537642578164 0.10191278321201111 -56.721976470533725
5.582235574600258 0.20157035618118074 0.10418002351316802 -56.72257405944782
5.535284844543769 0.33067514999123704 0.10830102445359434 -56.72315511246154
5.488182273743254 0.44808908772055467 0.11407038717164808 -56.72371337371879
5.440928130433682 0.5523549030850998 0.1212414111361515 -56.724305700054195
5.393522597448645 0.6434501541745598 0.1295552951275043 -56.724873265901245
5.345965993637326 0.7223034910163696 0.13877030413369504 -56.72537946242179
5.298258914578894 0.7902962217995351 0.14867584032879214 -56.72580435585717
5.250402321903806 0.8489093436839054 0.15909912793229067 -56.726176415886975
5.202397536713478 0.8995306814420532 0.16990143716828984 -56.72655088740227
5.154246234819982 0.9433892671462437 0.18096661282079265 -56.7269592470557
5.105950494136334 0.9815282441450943 0.1921962731958433 -56.72743226291162
5.057512787098105 1.0149277888665962 0.20348644967042087 -56.727825507452565
5.008936202883161 1.0443037458167561 0.21476651377339598 -56.72820626467014
4.960224293094775 1.0702117200648127 0.2259783527483505 -56.72863772466176
4.911380903255308 1.0930613132434996 0.23707702273617817 -56.729213382402065
4.862409939677106 1.113275804753852 0.24800976459156077 -56.729881223007006
4.8133153161532745 1.131171376408205 0.2587409066939063 -56.73065221030417
4.7641010477590955 1.1470336464898374 0.2692419555153141 -56.73152136908678
4.714771121520869 1.1610645093755128 0.27949965433900836 -56.732550482528765
4.665329298151214 1.1735828181597832 0.2894921347557104 -56.73362944398411
4.615779190788803 1.184902927841421 0.2992056448370765 -56.734642001169576
4.566124193213183 1.195283076276518 0.3086392237259876 -56.7355240828246
4.516367325311647 1.2048538271888731 0.3178098446027039 -56.73634031702918
4.466511086022024 1.213736170101549 0.32673799545348875 -56.737140287533265
4.416557472551656 1.2222491829950426 0.33542645415994155 -56.737721042119105
4.366508243034952 1.2305463882280052 0.3438952763544212 -56.738049908078594
4.316365107864675 1.2388759508085794 0.35215516830054494 -56.737966594424016
4.266129880710992 1.2471867451339547 0.36024288844402175 -56.7376321886301
4.215804278068801 1.2552991207437163 0.368205117275402 -56.737310877790414
4.165389652836533 1.2631778045809385 0.3760706166743045 -56.73707018370434
4.1148870919922675 1.2708231023098562 0.38385513784246283 -56.73691668357695
4.064297406547887 1.2782320750863003 0.3915669463476961 -56.73684635214991
4.01362118328799 1.2854214751809747 0.39920562121528047 -56.73682299313889
3.9628588831627396 1.292353013984355 0.406769219856567 -56.73686525102977
3.9120108904241113 1.299014169582764 0.4142487143209913 -56.7369566760788
3.861077583968808 1.305307747341698 0.421638833195601 -56.737172924200316
3.810059345216276 1.311189257364109 0.4289281385005015 -56.73753089800566
3.7589565511425316 1.3168734436203002 0.4360839806571835 -56.737762499333925
3.707769974840929 1.322314973253511 0.44309245915797174 -56.7378875727604
3.6565011346985274 1.32734158229463 0.4499525112212035 -56.73806939230162
3.6051520552468186 1.3319226715019215 0.4566539044901656 -56.7383126735305
3.553725015080478 1.3360438161453838 0.46318550067181874 -56.73861446709219
3.5022225055387834 1.3396065280008638 0.4695408291430282 -56.739073916655464
3.450647145423213 1.3426246782387474 0.4757032210737673 -56.739679493083436
3.3990016929495055 1.3450650881257704 0.481653608070052 -56.74047876583657
3.34728910025328 1.3469721692695582 0.4873615739705596 -56.741442073951795
3.295512427286359 1.3484122555862335 0.4927945672464931 -56.742521260861395
3.2436748353969658 1.3494033320945957 0.4979295549251848 -56.74371723127587
3.1917795658160415 1.3499445485843602 0.502748241895148 -56.74505046483387
3.139829886522924 1.3501588552264945 0.5072273700822484 -56.74641259772531
3.087829087111035 1.3501156159660042 0.5113481058853827 -56.747752754349385
3.0357805727337825 1.3498619642288419 0.5150953367133808 -56.749044431614095
2.9836879351618393 1.34944394130772 0.5184572124777413 -56.75026638309474
2.9315549608107982 1.3489084252967987 0.5214261149951357 -56.75139774166592
2.8793856137813747 1.3483264845841603 0.5239992429605993 -56.75239144732918
2.8271840072292465 1.347754277498116 0.5261809446464143 -56.75321295943059
2.774954332855664 1.3472371139681203 0.5279829606757798 -56.75383437324228
2.7227007838662356 1.3467829177230788 0.5294251772561799 -56.75426071738736
2.6704275062690104 1.3464859815174415 0.5305339095051315 -56.75440207023406
2.6181385173507357 1.3460947930159701 0.531345447511152 -56.7545167445835
2.565837406235916 1.345684260300924 0.531903799230413 -56.754522749930345
2.513527090667467 1.345287571379119 0.5322635731073194 -56.754383406493375
2.4612098094369697 1.3444357216194551 0.5324902565458202 -56.754586981225415
2.408887070511727 1.3439731481436754 0.5326564689438619 -56.75428336581573
2.3565590914943475 1.344820791459839 0.5328307794459253 -56.75257320569069
2.3042246912171893 1.34649311858917 0.5330751021832797 -56.75001996438067
2.251881901937455 1.34761290571502 0.5334575421203117 -56.748092235449796
2.1995289051089504 1.3482682917265134 0.5340304697798242 -56.74674217875634
2.1471634839963953 1.3487329082124484 0.5348241031254833 -56.74569940823583
2.094783182022036 1.3491167342486186 0.5358471599454566 -56.74483286127472
2.0423856240058544 1.3494330699506678 0.537088977853016 -56.7440963366043
1.9899687065607612 1.349345819654977 0.5385252942436198 -56.74380049860927
1.937530663737774 1.3488984371472863 0.540111871275543 -56.74386609364844
1.8850699987864408 1.3483444658445525 0.541784381762789 -56.743976435954536
1.832585631288518 1.3476201095575322 0.5434699090259312 -56.744105823309866
1.7800777666921497 1.3465123629012572 0.5450852072237125 -56.744352995241705
1.7275477365746295 1.3449343392712152 0.5465244215164483 -56.74467392406071
1.6749976380582854 1.3430055690000537 0.5476725586111862 -56.744826623920005
1.62243095745508 1.3410096009900156 0.5484195884630738 -56.74444059474557
1.5698518813663198 1.3387624602987422 0.5486706445102785 -56.743642558939705
1.5172654528523704 1.3360334717803473 0.5483539026269798 -56.74261234883821
1.4646778374997484 1.3326096050525624 0.5474257059452864 -56.74149212912557
1.4120960326603085 1.3283058099403806 0.5458719382984185 -56.74038501990841
1.359527444551212 1.3229661531732189 0.5437080111293093 -56.739368981685956
1.3069795223654157 1.316432536761367 0.5409751799667301 -56.73853948124649
1.2544594454222906 1.3086755334320421 0.5377400426537066 -56.73789361093254
1.201973793770576 1.2997698355220784 0.5340866510269403 -56.73735643696962
1.1495284624621707 1.2895327875014222 0.5300916556345351 -56.73712324704333
1.0971284792115095 1.278046556682463 0.5258268341145825 -56.73717290344314
1.0447778090391433 1.2666240509960955 0.5213800809891252 -56.73636791908643
