7.875834297054943 1.124382450243526 2.4852136554069273 -19.357189209423296
7.804388639992308 1.124161348247806 2.483030985584639 -19.357081084959795
7.73292813322911 1.12525514437313 2.48011701660632 -19.356766081928797
7.661496587503745 1.125508997090275 2.476692830552745 -19.35836497516783
7.590122600238988 1.1270286111798373 2.4731490627455472 -19.35937406277683
7.518818416920229 1.1301422909946766 2.4697638637204857 -19.358976944622448
7.447586347761869 1.1345786263768107 2.466749039656 -19.356886669918197
7.376420603348172 1.13852486621812 2.4643267371636504 -19.35446922555122
7.3053079966416155 1.139139943816665 2.462741897614474 -19.354227305419123
7.23423370206762 1.138715915011161 2.462269656657992 -19.35339145664681
7.163175298493308 1.1336449492163696 2.4630842131202337 -19.35519844242993
7.0921077220675475 1.12346056318329 2.4653227233775143 -19.35967764180772
7.02100422897747 1.1080816791180317 2.46904404972654 -19.366585920848415
6.949836271227307 1.0885038817601287 2.4742200486377026 -19.37470413017064
6.878571532260775 1.0658807250934534 2.480717786935416 -19.382757366236817
6.807179127235026 1.0401687953183898 2.4883997676292866 -19.39063361545096
6.735632409141044 1.0120879528644466 2.497046006318853 -19.397592364660326
6.6639089682404125 0.9825560686202067 2.506432565610181 -19.402832737022287
6.591990664863447 0.9504136096144531 2.5165513371472583 -19.407347063829988
6.519862469228912 0.9155091604909945 2.5273700311382004 -19.41129522363952
6.447505475119327 0.8765110544929898 2.539003540102504 -19.415757686210654
6.374901330353092 0.8342255446089831 2.5513741857858245 -19.420154033138445
6.302034051441366 0.7911125126720004 2.564189377699385 -19.42279554024477
6.228893526596363 0.7454431163800305 2.57747361784102 -19.42516176418215
6.155477848757287 0.6980191356099269 2.590953946785021 -19.426923257439462
6.081789410694677 0.6478457883603532 2.6044376406758696 -19.42910733056774
6.007821086484125 0.6020128178669313 2.6168246210313475 -19.42746436529933
5.933562085365487 0.5574998261506385 2.6280835028693126 -19.424423714784865
5.858990626001052 0.511029554703655 2.638222861597995 -19.422415448801345
5.7840816552374825 0.4631307803982051 2.6470102770270683 -19.42132217009886
5.708829123455333 0.4091702024604302 2.6546005388363856 -19.424582125630252
5.633234969577319 0.3513982831246076 2.660668297360547 -19.430993122766772
5.557315602864551 0.29747545945753034 2.6648493084278253 -19.435672842190066
5.481104000919853 0.24819582060912324 2.667267106218725 -19.43826440162203
5.404635940256039 0.20443915225231096 2.6680494007812285 -19.438198473714912
5.327940704403477 0.16605774199079942 2.6673341726109845 -19.435549651771233
5.251038608985562 0.1294615456037081 2.665247600300391 -19.432814508292992
5.173943341912382 0.09501850575675139 2.661889896991615 -19.429688308735663
5.09666861554182 0.06284325104617235 2.657377181943604 -19.42602700657929
5.019227740226192 0.03411125930272094 2.651855572547432 -19.42087856914089
4.9416340892494395 0.006889850310607106 2.6453614069617863 -19.41556329296848
4.863900280013931 -0.020790705410954093 2.637874941067047 -19.411460356147295
4.786035138718815 -0.04970683871852217 2.6294554828434165 -19.409125859443925
4.708043061369485 -0.0798054177614053 2.620219498286515 -19.408522631845706
4.629924450242569 -0.10968328324134691 2.6103659862268556 -19.408586763083733
4.551676682816819 -0.13880888002406053 2.600039876215514 -19.408939255894687
4.473294733117112 -0.1662638575726847 2.589387573801636 -19.40890419157335
4.394770781089427 -0.19156208836781027 2.5785084265304676 -19.40812304169806
4.316093773136139 -0.21533309057135142 2.567413495634041 -19.407084489108094
4.237249784196649 -0.2375320163451323 2.556170812836279 -19.40571055195278
4.1582243234097405 -0.25797040406193356 2.5448954292302983 -19.403812054071594
4.0790072359346965 -0.27713273525906695 2.5336714152485857 -19.401747386102926
3.9995940502755927 -0.29494263790285774 2.5226112918695 -19.399417053095497
3.9199849740494805 -0.3111460746785084 2.511821832942542 -19.39658517945034
3.840185426492192 -0.3259610160362635 2.5013588000858324 -19.393413557601207
3.760204318257957 -0.3398182528574121 2.491252387728562 -19.390245442171732
3.6800527167293593 -0.3531058662044605 2.4815223448247656 -19.387389665194625
3.599742278506165 -0.36624492203329684 2.472168951154914 -19.385186706278567
3.519283781868522 -0.3789724815459126 2.463214866782992 -19.383394820060808
3.4386865432654936 -0.3910385449633746 2.4546563807495194 -19.38180041115494
3.357959828964735 -0.4027765816965131 2.4464343960098867 -19.380726370337996
3.277113215398189 -0.4141672971768529 2.4384927509629324 -19.380227717634746
3.1961561778523495 -0.42588779607036586 2.4307183768044043 -19.38098552473854
3.1150974439267776 -0.4374256298225159 2.423066880813772 -19.382622678112206
3.0339423350086943 -0.4479592014311459 2.415526518878179 -19.384457968274347
2.952694585783873 -0.45762690818631757 2.408068880864636 -19.38666217202151
2.8713583835569354 -0.4660488577037287 2.400711737695862 -19.388920116619495
2.7899397429030435 -0.4725447405409829 2.3935141670547 -19.39060077925101
2.708447234024449 -0.4769044764576744 2.3865320791386084 -19.391461147906547
2.6268910380349313 -0.479485330037761 2.379800000758114 -19.391761590537904
2.545282249002975 -0.48052859070817744 2.3733599404371564 -19.39163542378526
2.463632874290136 -0.48065689349552454 2.3672287353059875 -19.391576696714708
2.381954977267485 -0.47993117628580506 2.3614318488491803 -19.39152469621711
2.300259474774403 -0.4783247622580568 2.3559829836333552 -19.39131822599066
2.2185556933111443 -0.4766917372268166 2.3508463430446676 -19.391654772680127
2.136851715134166 -0.4752424910069578 2.3459611822096718 -19.392557691379842
2.0551528331408493 -0.4735906005001301 2.3412606492649473 -19.39343432124828
1.9734604176682011 -0.47110015172451536 2.336684809329363 -19.393463893300442
1.8917739334470036 -0.468166098338249 2.332188148310953 -19.392938059434428
1.8100909806905359 -0.46542663630458697 2.327741755038147 -19.39244747816108
1.7284088575628034 -0.46246363205137664 2.323330443485699 -19.391544997457196
1.6467249794279935 -0.4592853332997661 2.318942862674455 -19.390233484773105
1.5650373791937833 -0.45595987900730783 2.314573711272207 -19.388595357467473
1.4833450021413552 -0.45247421811493194 2.3102219349796376 -19.386651571479376
1.4016479142168627 -0.44923631985776996 2.305896367273873 -19.384859756236132
1.3199475822694988 -0.44758630315933345 2.301626943223157 -19.38461427246815
1.238247055112095 -0.44604102220525466 2.2974056314965443 -19.384522198196798
1.1565503614190156 -0.4439869722408042 2.2932249838937127 -19.384068158250187
1.0748621212672917 -0.4414318613029246 2.289093616870795 -19.383324229492366
