7.763556823456813 -2.659282739691694 2.9215849828113325 -15.8832579102985
7.716137639468634 -2.6476494845346688 2.922212043151863 -15.883084244589881
7.668696815802046 -2.6317162639350333 2.922571675463725 -15.880689131194861
7.621230276246077 -2.613511696066853 2.922609751894686 -15.877306861619811
7.5737368178811035 -2.5971692075516777 2.922321834131475 -15.876839703662425
7.526216404583688 -2.5823121172545074 2.921697849276279 -15.87736832026672
7.478669851723574 -2.569833295966847 2.9207955217895383 -15.87836601438753
7.431095764336378 -2.559451157884681 2.9197232916017923 -15.877846730200373
7.383489598847882 -2.5529503851469766 2.9185858606497694 -15.876549286972534
7.335849684254997 -2.5533494769870244 2.917428983989907 -15.876710821924833
7.288180671574662 -2.560875819529834 2.916254035685392 -15.877761446970535
7.240490839663777 -2.574815494372659 2.915026020483962 -15.878618854149503
7.192789954891961 -2.5950123184049527 2.9136850972580755 -15.879136133807684
7.145088531930455 -2.6220014457939067 2.9121656913165017 -15.879941636842883
7.097399147033881 -2.6553504782465573 2.9104115751923922 -15.880945702081606
7.049736649347803 -2.692747613993299 2.9083946880292397 -15.88074558067261
7.002115664718754 -2.734442213175987 2.906118436974635 -15.879947529331666
6.95455302796578 -2.783226514903004 2.9035715923366974 -15.880831939648257
6.907067613163751 -2.8362866765951735 2.900801389877962 -15.881744254637765
6.859675090302461 -2.891260102128097 2.8978420329334735 -15.881492069819737
6.812389249760026 -2.9483180372959743 2.8946757231168467 -15.880591802815285
6.765224856415623 -3.0087306810048853 2.891256859187749 -15.880286740097695
6.718197292617085 -3.0686173936907157 2.88762686284416 -15.878712321909296
6.671315529581035 -3.1253297766646826 2.883855443356587 -15.874789886540478
6.624585650382511 3.09820233896496 2.8798734800144428 -15.872791795920628
6.578015986894414 3.0348311432748787 2.875799588902143 -15.87372291105308
6.531610234442273 2.9739218509265233 2.8720606400900945 -15.874056958524376
6.485361105662675 2.91556015926021 2.868956530799903 -15.873769739120986
6.439257796177234 2.858547641826519 2.8666581843106353 -15.873502966637401
6.393291427301996 2.8022570824511073 2.865245254610034 -15.8734700811177
6.3474544260233925 2.746355237911001 2.864739266885583 -15.873661187562348
6.301739971032637 2.6908280540605967 2.8650890079127285 -15.873864185922033
6.256141295350284 2.6377620156606056 2.866146508901301 -15.872569998367585
6.210650895191195 2.58764574314545 2.8676876193568326 -15.869384130652533
6.16526504467552 2.5369323313207284 2.8695177101579072 -15.866701995559218
6.1199846288345405 2.4873008397345333 2.871407637476729 -15.863989213211857
6.074807609515857 2.440374057011392 2.8731727857772706 -15.860857769789398
6.029730783592295 2.396203567140775 2.874681325584372 -15.857926193098669
5.984749919678453 2.3571117978229377 2.8757317023737783 -15.85420101528114
5.939861411957168 2.322746058185363 2.876105809683643 -15.850276903279296
5.895062254267538 2.291077621160145 2.8755309735104255 -15.84784853375826
5.850347295541746 2.2629351303497742 2.873759697894035 -15.846329416957731
5.805710140822625 2.239089844618536 2.870682007942773 -15.845051260335463
5.761144727740116 2.2189864156720818 2.8661757533219765 -15.844571015965451
5.7166461184874136 2.20234470535563 2.860141925993026 -15.845223765710887
5.672211491326524 2.188722007694913 2.852521416789551 -15.847369611306274
5.627840684631883 2.175332013926098 2.8431269414671245 -15.853370917090368
5.583537021167708 2.163766905659498 2.8321463126331596 -15.861472945958607
5.539303903868989 2.163994806885744 2.8208645274479887 -15.861253260313521
5.495138200915709 2.1664529085780297 2.8086919578452303 -15.860865384118195
5.451044916232378 2.1731115871299886 2.7962853078223366 -15.857211898082495
5.407028065653784 2.1824894564061017 2.7838850665900536 -15.850716745655415
5.363096440250661 2.187124945834938 2.7708711966147606 -15.847796177744113
5.319264241715983 2.185852644114853 2.7574545840151083 -15.848523959433821
5.2755437310522995 2.1804958077630774 2.7441595106381453 -15.850458553555704
5.231941594433425 2.1718874861674564 2.7313620932082516 -15.852375768069608
5.188462199493149 2.1599460026442765 2.7192448255600694 -15.8541705386749
5.145108361861291 2.1452351901574316 2.7079216614157366 -15.855418497683
5.101881552418224 2.128103153890403 2.697387533284305 -15.856023055181813
5.05878309494448 2.109022533879685 2.6875752771272765 -15.855864535032666
5.015814452386622 2.088018178719188 2.6783270404542434 -15.8552624921779
4.9729774274567315 2.065284259178732 2.6694638177351515 -15.85445428998288
4.93027365129257 2.0410790069133404 2.660792712997385 -15.853698637936052
4.887704718516724 2.0153630606531 2.6521058845986483 -15.853550976687602
4.845272549174255 1.9898956710606766 2.643367400959591 -15.853222975782073
4.802976610947194 1.9653686391200784 2.634530562671267 -15.852681040488854
4.760815283019948 1.9434133825470237 2.6256591278239907 -15.851104779132102
4.71878604767625 1.9222336935337252 2.6165341349095526 -15.850295233446309
4.676890736877256 1.9029729319916522 2.607163112433265 -15.849602761868178
4.635128811840431 1.884496154914731 2.5973785387946284 -15.850183617736512
4.593498572327339 1.8685860108766934 2.587260505799987 -15.850710607527624
4.551994478122807 1.8546184443794012 2.576753652762396 -15.851807932784858
4.510611309621013 1.842967126852835 2.565960709558718 -15.853183186005612
4.469343959424346 1.8350721117636402 2.555138634055868 -15.853449312152453
4.428186268652229 1.8307213173807961 2.5444108599583632 -15.852553694862333
4.387132459159449 1.8282422046157332 2.5337547815809316 -15.851727687483242
4.346178632941205 1.827206355558018 2.5232723425045376 -15.850966517767933
4.30532227841858 1.8274679253246326 2.513087551113867 -15.84996913378708
4.2645606330908015 1.8269210095106259 2.503136979584984 -15.850489465321434
4.223890419802453 1.8257652833334372 2.493610221727762 -15.852127253073526
4.183304920053989 1.8254960997942713 2.484799537455494 -15.853204773423373
4.142794202970481 1.825689989620509 2.47680238792597 -15.85393234123096
4.102349212354877 1.8258763270230292 2.4697229517659913 -15.85458423398518
4.061961305953949 1.8260325388309282 2.463679622038756 -15.855011910444984
4.021621651543494 1.8256601228314497 2.4587164841882734 -15.855581244057197
3.9813217801614758 1.824524771825451 2.454821061275391 -15.856431284474517
3.9410536602235835 1.8234373372195933 2.451930093155457 -15.856698490808752
3.9008101651707427 1.8221003944535683 2.4498776275086893 -15.856638728327036
3.8605867517739147 1.821664229038696 2.448483842464652 -15.855132492365529
3.8203809692156963 1.8238178443259703 2.447549436303287 -15.85061544399265
3.7801922349926627 1.8204330396460533 2.4468006518058125 -15.851022893002787
3.740022617222992 1.8155560308180547 2.4460456698478357 -15.852611889570074
3.699874474246102 1.8072471700469033 2.444990601072858 -15.857315260618309
3.6597507403763254 1.7997444278987127 2.443340463064444 -15.861123554986051
3.619654603318141 1.7941124328558384 2.4408584412816183 -15.863141138937172
3.579590527892866 1.7887320623393062 2.4373436854218142 -15.865077079056121
3.5395659096995633 1.7829641116564559 2.4326777680762386 -15.867701825150261
3.4995895659665823 1.7746552193123328 2.4266814322731043 -15.873257105644598
3.459672279861038 1.7630677740552259 2.419268883439925 -15.882669032703504
3.4198253800587097 1.7552460770584621 2.410981767690489 -15.889282362500326
3.3800552025306856 1.7528582817478582 2.402178193332764 -15.89154108724375
3.3403650034015304 1.7539771259496972 2.3929317900734235 -15.891276396592204
3.3007579632880693 1.7561890867233327 2.3832538434556865 -15.890742027065473
3.2612375646270837 1.7658658632744741 2.374044976674363 -15.883220621854012
3.2218003430603983 1.7830952375134344 2.3655760446664584 -15.868227888004915
3.1824423926656302 1.7863688303329217 2.3558527855138998 -15.86730256705151
3.1431752970196283 1.787179290181728 2.3463489890661315 -15.86845288457561
3.1039963368104218 1.786807104627576 2.3374145682693768 -15.870101998884602
3.064900263325138 1.7856796167644489 2.3292242175695836 -15.871634996670887
3.025880975869903 1.7836111328543327 2.3218211281364285 -15.87315615519646
2.986932646311597 1.7810127969826006 2.3152403450479895 -15.874261124318258
2.9480496812951547 1.777885221174649 2.3094441713712635 -15.875007188367652
2.9092273327040634 1.7740310464625841 2.30436895913839 -15.875672736223214
2.8704615720197286 1.7696094232069535 2.2999634006602188 -15.876215964406786
2.8317485512138423 1.7650010260540043 2.2961787606685653 -15.876406972025295
2.793084400385056 1.7626886132148107 2.2930272108123053 -15.874041175173323
2.754464699358046 1.7631836628016657 2.290446966317372 -15.86880711998037
2.715885242693932 1.7637057206004658 2.288306959177928 -15.863515702520296
2.6773428041023974 1.7604613089220058 2.2864652388668167 -15.861938693417537
2.6388347834697328 1.754593111733226 2.284860291129537 -15.863186686704436
2.6003584090502176 1.7490774018757493 2.2833789351463945 -15.86458506349209
2.561911315813875 1.7440220467658425 2.2818350006849877 -15.866118450024755
2.5234924601289275 1.738343812062925 2.2800532546990024 -15.868883462903996
2.4851018103951024 1.7333001077519974 2.277921686265101 -15.871707632902595
2.4467401734436645 1.7284804641832712 2.2753424504886013 -15.875050754728823
2.408409151633183 1.7243647398724924 2.27228736013032 -15.878492457404237
2.370110763341193 1.7220961281516325 2.2687991319764453 -15.880912521675231
2.3318472244912125 1.7221502833631048 2.2649507335413075 -15.88179286634366
2.2936207118328227 1.7231781507996575 2.260774792083814 -15.88239972019151
2.2554333535080033 1.7249670091892357 2.2563633762794715 -15.88281898512505
2.217286742016892 1.7283338225126126 2.2518729701171396 -15.882024494672164
2.1791816231184593 1.7412326092728296 2.2478212765436147 -15.871615445951802
2.1411166958918164 1.7455557713581706 2.24343737582921 -15.869948329357747
2.1030936218150127 1.7477127559714525 2.239183972564375 -15.87025383918709
2.065111165767601 1.748760119985994 2.235241320770715 -15.871275527282844
2.0271670841046454 1.749265261023833 2.2317291794235157 -15.87231685990635
1.989258635143246 1.7492929298990125 2.2287090925079167 -15.873238477719479
1.9513829046697202 1.7488446293065083 2.226210913711125 -15.874010931208074
1.9135368896057179 1.7478303551458485 2.2242384672202666 -15.874736797200091
1.8757175095382552 1.746242990817715 2.2227828702873635 -15.875467622310598
1.8379215670583269 1.7441569297612538 2.2218309533365033 -15.876196931786088
1.8001456925955122 1.7416773252185842 2.2213704048503775 -15.876902114330544
1.7623863465097154 1.7402687214877142 2.221396581611881 -15.876237796031077
1.7246400960970651 1.740408037753452 2.221886815988517 -15.873840040703563
1.686903591194199 1.739873636498858 2.222820359935541 -15.871995841809515
1.649172729620462 1.7386783900564224 2.2241713284731994 -15.870799003746827
1.6114435974736852 1.7359351545385115 2.2259008573240044 -15.871209760820006
1.5737122403221817 1.733022883635061 2.227938836705574 -15.871949384421603
1.5359756856033158 1.7303968821592077 2.2302098121067457 -15.87261930673892
1.498231818637673 1.7278187086614887 2.2326291660171833 -15.873473481891793
1.46047926514325 1.7253577750241198 2.235115434367734 -15.874448392048198
1.4227175400738008 1.7231943754851315 2.237598612676932 -15.875352189729073
1.3849470902213692 1.7213172237366299 2.2400249916286854 -15.876172977327553
1.347169081872662 1.7197147345046704 2.242361121196589 -15.876898805481929
1.3093851136223833 1.7183315609831546 2.2445986486875813 -15.877558441625837
1.2715969869340282 1.7170737471538102 2.24674914114119 -15.878211167293195
1.2338066005353248 1.715960922738361 2.2488381904537214 -15.878790701460252
1.1960159467407052 1.7150342307093664 2.2509046486816184 -15.879191214297267
1.1582270402360626 1.7144398501932758 2.252998552811258 -15.879182570877813
1.1204418576027761 1.713842878231989 2.2551788812830313 -15.879008687725436
1.0826619032500684 1.712750846841273 2.257513172041439 -15.879073799969031
1.0448880861330387 1.711086107736381 2.260058872477868 -15.879363048112769
1.0071212976191812 1.708598115202821 2.2628673444170686 -15.880031243142119
