7.845478247888717 0.5549722451385964 2.146151866634957 -7.4849573954042325
7.777906055032361 0.5505450179071313 2.1372142745241964 -7.485612664143133
7.710344870600739 0.54471794868527 2.1274279368898337 -7.487166920074481
7.642790066761694 0.5414938862273521 2.1175883495440795 -7.485909801099212
7.5752351471161985 0.5429436387928577 2.108340851856132 -7.4800173162148464
7.507687680058581 0.5490298792193534 2.1000065926295033 -7.469641105309091
7.440153329649725 0.5470726440467215 2.091802003524287 -7.4672403629091875
7.372645862933888 0.5447139125747771 2.08462981591273 -7.465561413914704
7.305158971822526 0.543309351416734 2.078724544011755 -7.463450699806616
7.237680153687296 0.5404591508768276 2.0741401160419657 -7.463443376678642
7.170195117513528 0.5345132655742706 2.070988507317591 -7.467356100291161
7.102693337264145 0.5286408820104403 2.0694168958615693 -7.47214453671837
7.035177265619507 0.5232296289887483 2.0693155756909327 -7.477424514265001
6.967649442590775 0.5188365619853414 2.0704750423857674 -7.482599055407417
6.9001120222976615 0.5160758517558195 2.072641054942198 -7.486954306560702
6.83256991545401 0.5170016468014561 2.0755056537957723 -7.488233358295041
6.765028864190322 0.5226267898780701 2.07880841206453 -7.485229933392472
6.69749704212494 0.5296095412745937 2.082425961844225 -7.481298888064556
6.629993900887777 0.5390246793284409 2.086003454009813 -7.475175215714242
6.562553034260176 0.5471976636998286 2.0893188021251587 -7.470553617347224
6.495210651759423 0.5535779409653719 2.0919542850788857 -7.4678335106367175
6.4279948658888895 0.559625215109222 2.0934724095777764 -7.465301061232328
6.360922612457061 0.563126430804656 2.0935987252515633 -7.465138922128047
6.294017635391587 0.5655513818385697 2.092108525971476 -7.465671015648337
6.227299903919629 0.5673961793571213 2.0889241964465626 -7.46626797079579
6.1607861868421425 0.5691573182220241 2.0840555230860716 -7.466325162736923
6.0944875461335455 0.5703663951285383 2.0774916212789947 -7.466258166093504
6.028411394923205 0.570494012444568 2.0691890545007023 -7.4665522857517
5.962559340033508 0.5705323536872117 2.0592028694845554 -7.4661598980306
5.896923223506461 0.5709545426454271 2.0476024878907664 -7.4646256017146895
5.831491391313277 0.5711862841915218 2.0343677999856005 -7.462589693024593
5.766253547066844 0.5706733659546385 2.019512494375486 -7.460691518258423
5.701201776475873 0.5694237246810561 2.0031655144685048 -7.459023089745694
5.636329179179219 0.5680426658044265 1.9856429271417888 -7.457109843691268
5.57162808439881 0.5674849267099 1.9674203257040566 -7.4541517572553175
5.50708947512506 0.5675041798977338 1.9488104614049506 -7.450524297491053
5.442707460198449 0.5680192031978061 1.9302384766622223 -7.446424670953083
5.378477385316471 0.5562072883026651 1.909810384411729 -7.454507434860635
5.31442582652484 0.534317891768023 1.8886363041966 -7.472670570050901
5.250568506252212 0.5243498744035962 1.8710671603263638 -7.479397682118219
5.18687711892888 0.5251969711421998 1.8568916727932503 -7.475747442686751
5.123329962841365 0.5292031493304767 1.8448517941978988 -7.46921393054276
5.059919237829014 0.5318630665195678 1.8343403436808667 -7.464215209232796
4.996639081669322 0.5333799822567309 1.8254055333721466 -7.460537007610405
4.933481795118381 0.5337120681578549 1.8179597779701782 -7.458199418595582
4.870440440753595 0.5333712880935957 1.811875514465212 -7.456666479523085
4.807509253641221 0.5331560771458498 1.8069581388810194 -7.455111228005472
4.744684721062292 0.532592975853598 1.8029052071752794 -7.453967320702421
4.681967648744456 0.5313305349004885 1.799487608290936 -7.453550932368128
4.619360657744733 0.5304102437148186 1.7965233400916507 -7.452791852919571
4.556866442290883 0.5299480074502954 1.7937730505192286 -7.451538736867628
4.494489465425454 0.5282645356202089 1.7909216865853614 -7.451417115522527
4.432236536816737 0.5263831851800967 1.787719796472567 -7.451363417911036
4.3701110486828 0.5243130589470858 1.7839812782607456 -7.451342256857619
4.30811679164179 0.5217861747355758 1.7795741084408228 -7.451601448091653
4.2462580171742745 0.5191238816030191 1.774443300392061 -7.451813503622509
4.184537798274811 0.516355076315056 1.7685627058412756 -7.451950021378539
4.122958584744318 0.5132996916040924 1.761928807226966 -7.452195961262046
4.061522471725675 0.5097976692614452 1.7545672777030337 -7.452722250749719
4.0002310518377575 0.5058983580721235 1.7465419538010498 -7.4534990906830965
3.9390850805672297 0.5015931796471224 1.7379245649426591 -7.454557270611266
3.8780846312769013 0.4970585824311306 1.7288073518744005 -7.455748563157644
3.817228604875637 0.492515666490049 1.719284907520548 -7.456883299894104
3.756514086529282 0.48778521365021216 1.709429712923919 -7.4581684851074685
3.6959373235154884 0.48315827281801793 1.6993880730140902 -7.459356615244435
3.635492466882393 0.47943562897203484 1.6894089444845806 -7.459710924091288
3.5751716197970964 0.4767089264632735 1.6796829319409279 -7.459183888779853
3.5149682735459944 0.4745439724012463 1.6703296001943033 -7.458225821234285
3.4548757682830407 0.4722249352860256 1.661450327824939 -7.457558147697097
3.3948864236954397 0.46991731440266615 1.6532356103704315 -7.457035465298211
3.3349913576747428 0.4675355086339474 1.645825172627287 -7.456753571508501
3.275181633707024 0.465052502595224 1.639316539179068 -7.456744796675287
3.215448667142402 0.4629691247317705 1.6337906499192565 -7.456514122895846
3.1557836821857914 0.4613078081981229 1.6292393592173822 -7.456030864199793
3.096178313860007 0.4600683411832224 1.6256056175810605 -7.4552814333367605
3.0366251335785392 0.4592020374062831 1.6227907143820797 -7.4542949421535445
2.977118185832624 0.4581729699508508 1.6206505170836922 -7.453577700117691
2.9176532888198023 0.4564038878908372 1.619020416675343 -7.453673313020998
2.8582280093964205 0.45374209305741336 1.6177274830145638 -7.454699113916671
2.7988413251795032 0.45107609415163696 1.6165762370419379 -7.455737192108509
2.7394930499903456 0.4477959142017927 1.6153543885738617 -7.457361357033675
2.680184602176027 0.44384103113017465 1.613874582296994 -7.459593180509173
2.620919005999009 0.4386889433361213 1.6119899469072987 -7.462912204307198
2.561700826664652 0.43361879454693697 1.6096862227855357 -7.466029191894605
2.5025353946778197 0.4289914923034583 1.6070174842121738 -7.468584451814134
2.4434290277766166 0.42464299901565233 1.60405227715693 -7.470744596052582
2.3843885298278207 0.4206359210652124 1.6008729607603687 -7.472456628752206
2.3254205053733674 0.4175411540897509 1.5975656662009616 -7.473169362223864
2.2665307125320138 0.41483966217166174 1.5941549917477318 -7.473405450859031
2.2077248032393557 0.4119801065864838 1.5906536413547787 -7.473718350652754
2.149007963555329 0.409023762817166 1.5870786648193693 -7.47406245559442
2.0903840805369636 0.40563202445118873 1.5834086242555852 -7.474787135157821
2.031855967706974 0.4032826836793641 1.5796655464871032 -7.474463146166586
1.9734235227152845 0.39935559541102467 1.575681980240647 -7.4756881397711785
1.9150870104508688 0.39528416358634416 1.5714897667628935 -7.477115493453678
1.8568426664838127 0.3916564195499709 1.5671034898748355 -7.478247883709536
1.7986838914639711 0.3892341218825528 1.5625170201814262 -7.478408401183583
1.7406018650290664 0.3882281484469032 1.557751215990175 -7.4774491450262675
1.682586305357047 0.3882984112086102 1.552854329049986 -7.475751783372181
1.624625624971828 0.3885413371755953 1.547873047100628 -7.4742490926185905
1.5667071871325335 0.38868630806436727 1.5428826273777108 -7.473238625273721
1.5088176382852525 0.38871792749210227 1.5379561211674677 -7.4727491504895385
1.4509435144632823 0.3886565773169595 1.5331652884322944 -7.472757705614869
1.3930719460777672 0.38872794775422853 1.5285881642312655 -7.47302365943236
1.3351914152206992 0.3894750235497201 1.524304253779373 -7.4729796641802535
1.2772925231736392 0.3912436846248475 1.5203556192228262 -7.472248782690422
1.219368189384352 0.39414428364465603 1.516712503814004 -7.47068405593213
1.161413544447806 0.397086590198498 1.5133210306724028 -7.469341216829903
1.1034246800527039 0.3988958974083374 1.5101287164687933 -7.469353252139653
1.0453988946695032 0.39865355135874825 1.5070573600112 -7.471602434536481
