7.798039186289431 2.7690400532235997 1.6899916540111282 -30.509437382230104
7.730485688396781 2.768834969522963 1.6934114161288094 -30.50784237409937
7.662947273904391 2.7665645945939343 1.6962644350417064 -30.508155831955065
7.595436215343573 2.7640628595294237 1.6983605261770356 -30.508612078479395
7.5279534764591185 2.7617295214632818 1.6995877072872707 -30.50884451370304
7.460494906139313 2.759558766688827 1.699886146029407 -30.508873622716784
7.393054281311503 2.757365254992057 1.6992362386222526 -30.508888152158974
7.325625449948652 2.7551192075435087 1.6976491172130375 -30.508914946249604
7.2582022901317735 2.7526814517305245 1.695157091827472 -30.50908465874533
7.19077998297694 2.7504484569106986 1.69183393323095 -30.508994378149282
7.123355422192579 2.749402808692194 1.687813466225219 -30.507661167866466
7.055930331300462 2.7486335469212135 1.6831856820100977 -30.505970465447234
6.988515076210908 2.7480227974978466 1.6781109591280106 -30.504013115619408
6.921121872960395 2.746550215320794 1.6726687610389936 -30.50275526768643
6.853764711804103 2.744140083825178 1.6669486338258404 -30.502231707069186
6.786455439954364 2.7412385108470056 1.6610434008009916 -30.50197496230654
6.719203656458666 2.7377550639850665 1.6549749460657355 -30.502056813227547
6.6520189530919165 2.7338383388072436 1.6487508554180537 -30.502325690310364
6.584910896109029 2.7301072535737854 1.6423985269128247 -30.502181435897896
6.5178892007148965 2.7266191330223797 1.6358961194383435 -30.50158222796616
6.45096470434924 2.7229246638690103 1.6291839844635247 -30.50098392151005
6.3841488242090145 2.7190735573217637 1.6222364766086248 -30.50035975670596
6.317452326494983 2.715115815457643 1.6150388523629877 -30.499688507237707
6.250885521506963 2.711231652129785 1.6076025332450299 -30.498827661668855
6.184457729318631 2.7075174361450993 1.599952159374349 -30.497718910556614
6.11817722041101 2.703508597605979 1.5920843617663625 -30.49684602127828
6.05205250780643 2.699316436059113 1.5840561982448802 -30.49613646687937
5.986090215700895 2.6952135877264456 1.5759607135710614 -30.495362660772848
5.9202950774403975 2.6913196147655696 1.5678900439629357 -30.494444209981808
5.854670780590839 2.68730441318896 1.559905225930108 -30.493735252077585
5.789220837496453 2.682952419662346 1.5520846797186032 -30.493480622020392
5.723947805293317 2.6785516045288817 1.5445624881455833 -30.49343679096758
5.65885270749245 2.673332703701014 1.5374240017809266 -30.494384551149224
5.593938039002884 2.667981191582697 1.530907174547407 -30.495690523158892
5.529201415477763 2.6630308504185183 1.5252393745280657 -30.49685999369391
5.464637005077078 2.6588880365960743 1.5205854645221555 -30.497514568536147
5.40023668499948 2.6556939322990707 1.5169989197250862 -30.497524096519868
5.335992712396856 2.653757619023132 1.5144694773123402 -30.49658208252915
5.271898169126632 2.6523863870494657 1.512908860126359 -30.495358305781096
5.207948996900151 2.6512267552873654 1.5122012976548918 -30.494185285138308
5.144141217434444 2.6504292248028105 1.51218516644827 -30.49289463702882
5.08047046951339 2.6512356770299466 1.512651557507624 -30.49022548888226
5.016931787001353 2.649280565034972 1.5134125579926867 -30.49047828178037
4.953528255160839 2.6427817750437748 1.5142644120528181 -30.495395905624967
4.890263804353067 2.640307753844496 1.5148528170377817 -30.49639983091933
4.827131931869154 2.6400171594086945 1.5149226387765027 -30.495271375180167
4.764127991602588 2.6373399314839387 1.5142319819112895 -30.496540016309574
4.701249243216722 2.6341332823205135 1.512639025947608 -30.498350475171932
4.6384882083361365 2.627118988432466 1.5099448809429972 -30.50399782239596
4.575842896324676 2.6167105328800604 1.5059478014486058 -30.51309734618531
4.513314431022371 2.6045813633237285 1.5005178181069236 -30.524001002925793
4.450905908433044 2.5949215012008287 1.4937674518524118 -30.532528545390377
4.388618390218495 2.5909769585556632 1.485989292572533 -30.53542699726882
4.326449982236247 2.590342581760049 1.4772013537772033 -30.5350961707032
4.264401264703509 2.5910633798725566 1.467463858626762 -30.5334890937445
4.2024752235994605 2.5910548947597047 1.4568398761209236 -30.532690961200153
4.140677573155227 2.593876975213281 1.4460509754332391 -30.52912856813539
4.079009196110063 2.596820101162174 1.4351558520847947 -30.52551760154021
4.017475491661636 2.5957692624776008 1.4241120716713043 -30.525992760304057
3.9560833627883087 2.5933336997040155 1.4136431649463097 -30.527957660881356
3.894830439197114 2.591634545659871 1.4043294033478773 -30.529326438754893
3.833709517038315 2.5905495731315535 1.3964422190352044 -30.530272803725566
3.7727132828124628 2.5898925260557117 1.3900706605093023 -30.53102336511663
3.7118366187394574 2.58953952107078 1.3852099511659641 -30.531725671878817
3.6510761115376247 2.589562538803104 1.3818107642136412 -30.53231558310941
3.5904294046727063 2.589921130594559 1.3797756501856548 -30.532829766339717
3.529895013332131 2.5907539942415783 1.3789513077103248 -30.5331078009333
3.4694714418053505 2.592879124958525 1.3791261110944557 -30.532282289700667
3.4091571719399005 2.5957105650129066 1.3800620809705253 -30.530904199464253
3.348951899217857 2.598259177856374 1.3815233554654034 -30.529925619820006
3.2888563439222347 2.600426205210654 1.3832393065425241 -30.52937946531611
3.2288705528993993 2.6013208755982418 1.3849236345158624 -30.53012065791043
3.16899577069107 2.601735525441397 1.3862573802656943 -30.531297001718443
3.109232246488022 2.599198870018002 1.3869835722451749 -30.53542446924289
3.0495810293135173 2.59820035557718 1.3867716230921767 -30.537908507609885
2.990037514033528 2.5990601090361816 1.3854397915434755 -30.538435312501356
2.9305966431193347 2.6007454403701513 1.3828694455739479 -30.538064401003012
2.8712546018009317 2.601649084874199 1.3789579449180318 -30.53842829674499
2.8120091398354483 2.601146437406611 1.3736684981409917 -30.540142381665824
2.7528582974834026 2.5996829742200505 1.3670847751838333 -30.54273048407626
2.693799851485379 2.601094172172521 1.3596378791949288 -30.542273765370687
2.6348284826646684 2.6027248342210387 1.3514528519309266 -30.541484385595616
2.575941169823084 2.603655912525228 1.3428152311395736 -30.541302660064638
2.5171351118370326 2.6028333722465296 1.3340066610378254 -30.54278662080047
2.4584054880523354 2.6025304160562825 1.3255323852022003 -30.543636914613224
2.399743829034833 2.602541058677939 1.3176745648233503 -30.544099686502243
2.3411419940316374 2.6027981516711898 1.3107186033756928 -30.544272789743133
2.282591719869504 2.6021036656810534 1.304830096401435 -30.545382349976286
2.2240843971196917 2.6013653834759465 1.3002244183956952 -30.54654331257342
2.165610989545011 2.601125605890442 1.2969541145078174 -30.547256435337403
2.1071634961772547 2.6013907653336807 1.2949421382770896 -30.54755806646739
2.0487353587829498 2.601974621465583 1.294039144430482 -30.54766094375853
1.9903213447266852 2.6028068320574826 1.2940548596359518 -30.54764707258996
1.9319176068662942 2.6044175076585008 1.2947511224716086 -30.546983151805065
1.8735217857314859 2.605641069737856 1.2959032306047933 -30.546826029685704
1.8151324375582043 2.6059871155742402 1.297282787898854 -30.547645376826267
1.756749023293784 2.6042869978160006 1.298694813452581 -30.55060439070136
1.6983723128010317 2.6016086109798175 1.2999133394749067 -30.5546491005045
1.6400055671286542 2.5992477043904096 1.3007127110452572 -30.55851164027142
1.581654229976581 2.598608854758382 1.3008915155208935 -30.560804544342325
1.5233249825064163 2.5986148961884603 1.3003237183187155 -30.562636628769454
1.4650245304162501 2.5998287056823814 1.2989260047002151 -30.56343834603834
1.4067594395001815 2.601492453774939 1.2966443512048613 -30.56398884981548
1.3485354172638822 2.6034051234301967 1.2934566201804032 -30.564508758891286
1.2903575536755414 2.605807174620581 1.2894057524712355 -30.564774242212835
1.2322302359230588 2.608534575016457 1.284594473547873 -30.564972877751835
1.174156800112143 2.6130212562305535 1.2792654113262087 -30.563693118649653
1.116139538514726 2.622617784075573 1.2738052203925316 -30.557622662963944
1.0581808801362593 2.627535300784455 1.267944983423328 -30.55668859019913
1.000281203769476 2.630968757756735 1.2621462349036363 -30.557706903992113
