8.017246583725886 0.9179234196416788 1.1906972555346138 -13.416109287502053
7.898262280477705 0.9153500736906338 1.190678036663154 -13.414280617073084
7.779167312304046 0.9080326012295907 1.1914874787763807 -13.416473293623394
7.659993245446419 0.9016105589617526 1.193186229976982 -13.417187378716335
7.540761335831546 0.8971548883796516 1.1957024530198952 -13.415473773804576
7.421477313828413 0.8920175705149187 1.1989363496210041 -13.414003486960478
7.302142895602963 0.8869400953024862 1.2026239980378255 -13.412126712629293
7.182755789078129 0.882466216832612 1.2064740463156707 -13.409374807452869
7.063320370894295 0.8812920117454911 1.2100950265326544 -13.403205309578606
6.943854853042263 0.8782783654375721 1.2133367641128463 -13.39857010373057
6.824380217296174 0.8698399380988434 1.2159083423548027 -13.398859245567111
6.704917871975506 0.8573011845902448 1.2174031482777306 -13.40271779181779
6.585482426493193 0.8397426245059146 1.2174120099877221 -13.410906478911974
6.466095530076068 0.8201540227038968 1.2156080490571575 -13.420453215618322
6.3467888555752126 0.8000006712220449 1.2117819990704615 -13.429849651986702
6.22759527719788 0.781346176604431 1.2058838302784451 -13.437044040791719
6.108542810734933 0.7629492591604539 1.1977948927375697 -13.443060362790277
5.989666921691706 0.741326506213207 1.1872500560390578 -13.450921721099402
5.87101824240664 0.7164065128895002 1.1742658143982645 -13.460430458598973
5.752649910871455 0.6885231741689495 1.1589745635247601 -13.470994635121114
5.6346161563188355 0.6574328591932519 1.1415009800906444 -13.482510492038093
5.516962959643331 0.6227891982809716 1.1220218795999448 -13.494930711236254
5.399726844567698 0.5871085679605872 1.1012964904968214 -13.505794717821495
5.282933660412308 0.5505671935777623 1.0797981308536 -13.514707742959471
5.166606048957684 0.5105943221194292 1.0576727852296919 -13.523456996599945
5.050753144508821 0.4615867594469409 1.0349515487462848 -13.53599652496142
4.935376214545059 0.4151907511176887 1.0149616845090044 -13.54331962324128
4.820446546375378 0.3813070395315337 0.9997454640066427 -13.538903468855533
4.7059295970310036 0.34269363889753396 0.9872459122966691 -13.535996429576619
4.591837606592547 0.29690678127921055 0.9786940713347008 -13.536505340363272
4.478191812426003 0.24625482587092834 0.9756857564574518 -13.539012772801879
4.364991906087893 0.19303046479736025 0.9789082846543833 -13.542448287990235
4.25223143672946 0.1421711530505878 0.9884941730728021 -13.544148915644415
4.139896057954497 0.09568542525581854 1.0040976657512526 -13.543448002056875
4.027970125561014 0.053084037882848885 1.0254260920269207 -13.541285092872155
3.9164513020551395 0.023605170024390963 1.0503291179635648 -13.531809638405614
3.8053092878373542 0.008014367007947757 1.0770455299526027 -13.514579463772423
3.6945119495404874 0.0012352863384178568 1.1049617199794441 -13.493080902632155
3.584034332427946 0.02221000495924919 1.1273196504302752 -13.453013047602322
3.4737841479392384 0.05090535924581935 1.147885114212918 -13.408635353848096
3.3637390087070016 0.06531293626463144 1.1716943796398285 -13.377086131559075
3.2539309320707206 0.07036319629104063 1.1965141419098446 -13.355024343935236
3.1443631340742915 0.06777644802027609 1.2213645119294079 -13.341382996072248
3.0350268663283826 0.060325811362838946 1.2451874022873515 -13.334054400376996
2.9259029185580863 0.04717749931610332 1.2677523500570242 -13.333917345965936
2.8169705066046946 0.03439396110910637 1.2876572917825644 -13.335708608439353
2.7081989844082606 0.023761378575085455 1.304536832838791 -13.337729696690952
2.599555286100276 0.013719827505747894 1.318545704987591 -13.341334677655832
2.491007465044823 0.004172306869158543 1.3296027488772004 -13.346561695572554
2.382523320193622 -0.004480990400565405 1.3376003146712947 -13.352928518401523
2.2740724017925023 -0.011715176139703184 1.3424882577826376 -13.359718182712575
2.165627751674824 -0.01668739778980002 1.3443162975152871 -13.365790778818933
2.0571673928867122 -0.0155440908250666 1.3433974472878394 -13.36684849518798
1.9486760189106787 -0.019829142266116442 1.3394785423717837 -13.374219075694308
1.8401395620779588 -0.02379882154233969 1.3330165806600338 -13.381689369422684
1.7315506554976245 -0.025029844272471607 1.3246689231305615 -13.3863744557269
1.6229078678847095 -0.02699366894129498 1.3145883476456113 -13.391534657432707
1.5142147561386723 -0.02300404789728748 1.3043433640276185 -13.390182664290764
1.4054789629113804 -0.01914174821016679 1.2937545877609589 -13.388417397769347
1.2967113095934812 -0.015367067839622389 1.283398216560432 -13.386097580878104
1.187925856918859 -0.013166301122646792 1.2737188357416687 -13.38462996507094
1.0791366234339097 -0.011079732094842799 1.2653103700982506 -13.382605430033113
