7.862537220652691 -2.936344775056639 0.5918757064630382 -36.78254124688988
7.756210416158635 -2.9508874273716335 0.6050954343266164 -36.786966751482055
7.649719011392704 -2.950754466514872 0.6179129483252942 -36.7792466611616
7.543080542526732 -2.9524083730265027 0.6310629378199522 -36.77462992843423
7.436327714494584 -2.9562335292619726 0.6434158289384433 -36.77389918076396
7.3294956454836955 -2.961372481804442 0.6541109170891155 -36.77642362838963
7.222617763069773 -2.9674911019214782 0.662601171798848 -36.781909916822165
7.1157306942681435 -2.972929688415261 0.6684121259775185 -36.7887350448463
7.008869230921266 -2.9769913049518166 0.6714053950366765 -36.79615642775565
6.902063807446216 -2.9786307943767785 0.6715263792838236 -36.803068322722474
6.795335772635418 -2.9767164263066803 0.6688689001117408 -36.80826899448332
6.688696351079551 -2.9708638469644133 0.6636887172138229 -36.8113467996954
6.582144311057379 -2.9620822249314154 0.6563510794199333 -36.81342152010965
6.475666864765117 -2.9494527913284196 0.6474724147206854 -36.81348596921933
6.369244061709152 -2.9335086280977176 0.6376403059845254 -36.81202368397695
6.262869405869417 -2.9160404718496498 0.6272945630967265 -36.8110071083548
6.1565479775929 -2.892104462413908 0.6175427444157989 -36.8044224701839
6.050290068152819 -2.8658811767143946 0.6085368107291464 -36.79712862166172
5.944125479772021 -2.83917845172975 0.6006203810244936 -36.79126404759345
5.838087735269197 -2.814089049562314 0.5941340703107695 -36.78936358992422
5.732213007871294 -2.789298492891617 0.5896568391348812 -36.789620261012935
5.626530416163519 -2.7643675863491475 0.5876452660278826 -36.79109030269358
5.521067054330153 -2.7391761670632273 0.58844681001017 -36.79297126197041
5.415844781976461 -2.713370621780837 0.5922323225145742 -36.794002305205886
5.310877013306739 -2.687210997894627 0.599033637966287 -36.79381115614592
5.20617312780151 -2.6610190768324977 0.6087698694335533 -36.792233252603374
5.101740655142717 -2.635370063830139 0.6213077946243132 -36.7895724316046
4.9975875363096955 -2.6101829935700165 0.6363032570110851 -36.78546480987562
4.89371802949199 -2.586168501339268 0.6535002455758157 -36.780673297247624
4.790134708713402 -2.562556424166865 0.6723058998547768 -36.774317273904515
4.686836002201303 -2.538527632581067 0.6920380869570106 -36.76558954878492
4.583817059097002 -2.5153303851316733 0.712574298305908 -36.756094894802615
4.481080632531703 -2.4932211871804824 0.7335607240167618 -36.74621159295423
4.378626769515621 -2.470149593950414 0.753972667069116 -36.73369161058393
4.2764453203681745 -2.4526875958318053 0.775167246827313 -36.72575136562093
4.174550670141076 -2.435745658065582 0.7955582402109015 -36.71680908348687
4.07293117223842 -2.428254155974572 0.8171652259811387 -36.71624556402352
3.9716090206030525 -2.4160347153852424 0.8365228832467395 -36.70910429802141
3.8705542128354002 -2.4086473876083305 0.8557441925511953 -36.70554601252995
3.769756339659654 -2.4065741989528107 0.8747018708353296 -36.70622089817663
3.6691986416793756 -2.412344172276407 0.8935753846836861 -36.71385473048928
3.568865562925134 -2.4237859289173804 0.9116159289218945 -36.726440448724816
3.468732805564082 -2.439371068780913 0.9282827139616477 -36.74261869957034
3.368770029398594 -2.4510940492509925 0.9423023926505154 -36.754646078873094
3.268936038039445 -2.4573034190987664 0.9536434599488678 -36.76102993608693
3.169191791066057 -2.4570015657949402 0.96251310792677 -36.760888018929464
3.069502096739104 -2.4564578284404006 0.9698237199867975 -36.760401977102205
2.9698397284177487 -2.4570629015652186 0.9760331214636776 -36.76097778317671
2.8701809388358273 -2.4579965529646177 0.981431765244317 -36.7618577902429
2.7705077583212745 -2.458174592961125 0.9861668986240549 -36.76203819942429
2.6708063749508844 -2.459027393075105 0.990594401181335 -36.762915646383966
2.5710676303409747 -2.459177345548918 0.9949211939048198 -36.763137964444056
2.4712876409788977 -2.4571160332550677 0.9993132370369481 -36.761237559959774
2.371469647231823 -2.4558393688512927 1.0041291705169615 -36.7601582535371
2.2716248626663202 -2.4590971969388713 1.0096574448408449 -36.763680029252335
2.171768806960668 -2.4653523032453344 1.0158534913844404 -36.770448338617626
2.0719186021109075 -2.472103283783004 1.0225806265100905 -36.778103958857876
1.972093384160118 -2.479377822100454 1.0298319688197257 -36.78672120021238
1.872314815976004 -2.48667415672517 1.0375523749123219 -36.79581298605949
1.772605886523831 -2.4934455946025538 1.0456759198621919 -36.80479433437183
1.6729897154872426 -2.4973767752891036 1.0540048932544326 -36.81123613267861
1.5734863336266949 -2.49630710050747 1.0623515717157805 -36.812795159012865
1.4741109406065536 -2.4891644334589484 1.0706297477839686 -36.8081877589113
1.3748739271876516 -2.4846996114161577 1.0796379119324688 -36.80619357617881
1.2757948676068527 -2.4806164351638453 1.0891245614714036 -36.80430404881275
1.1768844417596398 -2.4677902784469308 1.0981605630895408 -36.79302246533479
1.0781318759116192 -2.4589706747837403 1.1081311659622144 -36.78529503505909
