7.731329581506547 1.2535561339553911 1.0215533752135373 -22.17680545591641
7.644705401332673 1.2627985658876788 1.0142831938989327 -22.176559693518996
7.558079251960287 1.2758779516734113 1.0088980774954137 -22.173912026076863
7.471461160369954 1.2903071436150646 1.005331655337507 -22.171085536513644
7.384852291551184 1.3090967296478437 1.0035029268382007 -22.16416749191194
7.29824696467052 1.3305091303363354 1.00304297539584 -22.154466597111274
7.211643426318715 1.3464891284320009 1.0037061033956158 -22.15024962708776
7.125050314278426 1.3592690161025058 1.0048777442385803 -22.148047112661587
7.038452718623181 1.3645861592042972 1.0060382341654692 -22.151689288818915
6.951822070667544 1.3613691559820587 1.0066516474795364 -22.161621812402686
6.865151028893118 1.3537646879212375 1.006202759725321 -22.173154826856482
6.7784380158675015 1.3435076738103884 1.0044117090435614 -22.184347385787625
6.69168196312794 1.3314358306341247 1.001181598945056 -22.194265907542103
6.604885834824433 1.3183397598961892 0.9965660762371682 -22.202126323654312
6.518056679408285 1.302275301662684 0.990555598266759 -22.209709296459238
6.431204246829002 1.285151217813636 0.983253069398957 -22.215310560667945
6.3443415838649395 1.2673185275087637 0.9747344562464496 -22.21880458823088
6.257485740466942 1.2616442008516202 0.9659133020774623 -22.2096594925019
6.17064313362573 1.2629614499370574 0.9564715469176965 -22.19286010527295
6.083839615992501 1.2543776343172002 0.9447569076472376 -22.182489520196604
5.997133865696173 1.2318875417029793 0.929941424849949 -22.18165093976225
5.910598693422111 1.2153286513034092 0.9139721588373426 -22.174753108883316
5.824269937113402 1.1924037451079939 0.8951175694416302 -22.171677697578467
5.738201349027774 1.157459031826487 0.8721961359635747 -22.17678104055338
5.652452577966565 1.1235728824143558 0.8471854256573008 -22.180177961109102
5.567046168805768 1.097641913775298 0.8216161821367924 -22.177150648677916
5.48197166757707 1.0729457275987093 0.7945629701847656 -22.173360914001982
5.397220969116829 1.0475696362801785 0.7658288178438161 -22.170730095831694
5.312778469628881 1.0240314044554717 0.7360935064021515 -22.167720776041428
5.228622559150255 1.0041643425180957 0.7058704494179912 -22.163264928903516
5.144732630208202 0.9885940414961267 0.6753093584377319 -22.157111308168183
5.061098854109671 0.9756841004552435 0.643999867308175 -22.15081863584213
4.977723330755183 0.9650901096388662 0.6118178392309991 -22.14503838943908
4.894609093468539 0.9584691696907923 0.5792711315259196 -22.1388455153188
4.811753321001822 0.953544411266406 0.5458101929595184 -22.134666694832013
4.72915872359396 0.94795066356248 0.5109275921127626 -22.13518097408103
4.646831337293076 0.944027843084358 0.47584549117365327 -22.138684243372857
4.564764672700087 0.9362423540222038 0.4395039582765461 -22.150974430788125
4.482960438098012 0.9418085652992748 0.4084585601218915 -22.15389201413248
4.4013668627710585 0.9550942589390461 0.3817881905522004 -22.151711571875154
4.319946707332792 0.970372664007176 0.35847746351610327 -22.149067900076496
4.238671564616669 0.9872793152814409 0.338919484683037 -22.144609259859763
4.157518313685886 1.0027112179598798 0.32270809880265927 -22.140010511868553
4.076476495769987 1.0156277605374855 0.30964262322587177 -22.135433966212602
3.9955364524389396 1.025562556349282 0.299501968180746 -22.13051930386419
3.914688460235583 1.0332422983869838 0.2921091810790396 -22.123796442405343
3.8339188242097233 1.0356102875876718 0.28698727472785085 -22.117491153574512
3.753212753240324 1.028710976862369 0.28371772044530014 -22.11460458185556
3.6725533222433855 1.013627934690211 0.28197702497490057 -22.113898400266876
3.5919275380964275 0.9935870678488868 0.28137535617546294 -22.11307715500766
3.5113256215454207 0.96810736222204 0.28152274750271145 -22.113035225206794
3.430740096130861 0.9401835580577405 0.2820531989068134 -22.112083776902992
3.3501693397236347 0.9116955445261675 0.2827060004137513 -22.109356596562563
3.2696225006109847 0.8801425318848812 0.28325558842657095 -22.107233275975318
3.189114353506606 0.8441111588015088 0.28340224977900697 -22.10702605312364
3.1086608655522676 0.8058393940015363 0.28284078136459845 -22.107302064957743
3.0282744957157717 0.7663443299534853 0.2813784260428841 -22.107311780974364
2.947966718511036 0.7250870113341706 0.27893323200951914 -22.107232549533464
2.8677506487210427 0.6811526232759805 0.2754943311356108 -22.10729253101306
2.7876407011845354 0.6334613580740316 0.2711432480004528 -22.107764480954735
2.7076516156147417 0.58272669133122 0.26607290183058674 -22.107792893953878
2.627795890633822 0.5271594605651834 0.2604768654191593 -22.10826905305786
2.5480871668504714 0.46843833323465606 0.2546503055430016 -22.108126251993582
2.468533610672166 0.4074120060759391 0.24883183750979881 -22.107257852501533
2.38913929108565 0.3410411664862312 0.2430553622127709 -22.108149931868468
2.309908061961761 0.27421730032178887 0.23734175175785735 -22.108696881679144
2.2308338472110094 0.20982549193485878 0.23144066757135812 -22.108039753846768
2.151904760483414 0.14784392396420334 0.22510606935843006 -22.106746334609326
2.0731098090969593 0.08773820925649899 0.21814442394838335 -22.105382289044933
1.9944390507202425 0.028921110761235113 0.21039348597542917 -22.104340290679907
1.9158832964725254 -0.029836029310135688 0.2017324864692156 -22.104310525453606
1.8374331578324627 -0.08426324923853597 0.1924017629292811 -22.10261659232647
1.7590732841179857 -0.13473936981392537 0.18253061386513728 -22.09992568409242
1.680789191446266 -0.17959673738518034 0.17231970410421868 -22.09581823147304
1.6025663996047121 -0.22723937389311574 0.16117292321026502 -22.096863685225976
1.5243919312864864 -0.2677097213184813 0.1497387250983265 -22.09716492162859
1.4462456041607852 -0.29822024687007054 0.13829187974056098 -22.095269400519946
1.3681080863185084 -0.32132574986930923 0.12670879651320105 -22.09362276820461
1.2899625759485183 -0.33437021167481573 0.1153287870823296 -22.09111658612587
1.211794253269068 -0.33793404061924787 0.10418010686541665 -22.090125627902005
1.1335906639440538 -0.32706070419222705 0.09391602158517999 -22.08808574448438
1.0553424605712536 -0.30231233282383363 0.08470106432278468 -22.087739354592642
