7.898248264674679 0.31642836884530817 0.6109445050293117 -13.04497053610101
7.788365767832666 0.3185774047307082 0.6072128280937545 -13.042570281364474
7.67842156057957 0.3147468491980927 0.6038796746522872 -13.04509272229652
7.5684413429997806 0.3119824251545578 0.6018157216567195 -13.045449165455643
7.458447807388786 0.3127633486819736 0.6013423433646543 -13.041550563052205
7.348460426870412 0.30920843849846436 0.6023361901530171 -13.041751094783184
7.238490298616735 0.3059851211518013 0.604862689516531 -13.042351280661686
7.128520583253353 0.3061080131902223 0.6087755702277438 -13.041258457202597
7.0185399400482185 0.31036244806664587 0.6138171814657327 -13.038663967238692
6.908546703675885 0.31274302297439516 0.619878747604574 -13.04172302739462
6.798535562707773 0.31386935126577975 0.6267830798701273 -13.05089604488197
6.688479350132589 0.3177715108629025 0.6341732345909658 -13.06234721495597
6.578342466206662 0.32452536966331896 0.6418475035218549 -13.076333946422794
6.468085165593482 0.3342339575472285 0.6496389601623848 -13.093095029512746
6.357661228925959 0.3486116299815679 0.6573455137116582 -13.110668971738491
6.247018921175624 0.3684642456495238 0.664912350775397 -13.128041232826265
6.1361058243899365 0.39342064952434774 0.6725075458385635 -13.145776320283153
6.024874540121748 0.42393861707900116 0.680376177746785 -13.162976804815374
5.913284713890854 0.46012010628664757 0.6889034551660921 -13.17899968112351
5.8013024279765455 0.5017679372184437 0.6985397680879867 -13.193274076068665
5.688900867587707 0.5477397652285627 0.7098467318952524 -13.206635983152724
5.576056501472172 0.5953042813851697 0.72374551728016 -13.22304684462193
5.462739927009275 0.6444971922823223 0.7404040475018842 -13.238988385094522
5.348940433661697 0.7025586284137484 0.7563833513964363 -13.232721787336125
5.23474707366399 0.7614943151658312 0.7731953983493931 -13.221458580060359
5.120191444169231 0.816778955498994 0.7917742857769634 -13.212338418714186
5.005271451859247 0.8738702568568503 0.8087561850656123 -13.190574527954702
4.890043801052562 0.9250224419713785 0.8265367725485968 -13.172068078640098
4.774501562242393 0.9774847629247388 0.8420693946010281 -13.143439403094455
4.658626247950443 1.0216806323146173 0.858222413023973 -13.121503948178978
4.542292310081635 1.0601986638493945 0.8739539267290969 -13.102088685539039
4.425467313589364 1.0972500950481792 0.8884118384097125 -13.079818127915434
4.30816761398023 1.1248894053447116 0.9036988598474168 -13.065740115933444
4.190398238327661 1.1415587562409446 0.9203178846738919 -13.061465748526253
4.072193353197491 1.1572804687084806 0.9365830761149286 -13.054949466930656
3.9536275041366755 1.1733390503698304 0.9525728556679289 -13.04520791907339
3.8347692864807157 1.1930824603208148 0.9678430592178017 -13.028994948148892
3.715683600022471 1.2077607076253227 0.9841886762635048 -13.016082956411257
3.5964018904838904 1.2119307819415246 1.0026629699760543 -13.012155734415149
3.476934185061749 1.2106159115425918 1.0220769008548385 -13.012175902115155
3.357291706336911 1.2058735082281455 1.0417354428531465 -13.014487219708986
3.2374821198449433 1.2007434040919487 1.0608921408583003 -13.016515103875754
3.1175175862470064 1.1955655871625763 1.0793012879461155 -13.01829239501781
2.9974079350130927 1.1903697280276804 1.0968232134057125 -13.02000458028352
2.87715501977163 1.186032368363124 1.1131445474155282 -13.02092540515984
2.756752705719314 1.1816471771008328 1.1282328546714433 -13.022081920589187
2.6361948177648684 1.172497026043402 1.1425253895450358 -13.028298180604846
2.515473408570224 1.1584539097289235 1.1557176032672698 -13.039736297388243
2.3945871151487763 1.1425676591006202 1.1672358482664273 -13.053272723898054
2.273541672693725 1.130244594223957 1.1765551002967105 -13.063332888640266
2.1523508341629447 1.120796750493508 1.1838760879170274 -13.070566698791886
2.031027902486176 1.1126591147306284 1.1894688050924802 -13.076514210252375
1.9095867695261093 1.111072025158684 1.1933650206639737 -13.075677134384666
1.7880478982745749 1.109038214233395 1.1960119610488746 -13.075147122938793
1.666431705032979 1.1066808328656859 1.1976048668937458 -13.074600297868763
1.5447615349836217 1.1060952369759616 1.1983943463257165 -13.071620480294854
1.4230631772729816 1.1046289826138023 1.1986831084951877 -13.068617958711863
1.301352390718912 1.101392874854657 1.1987675283135648 -13.066253617488414
1.1796410342779957 1.0956069892914095 1.1989712314751344 -13.065080578671573
1.0579432802820996 1.0869395286117776 1.1996456812302896 -13.06512239836799
