7.911483506105697 -1.2855703623218957 1.503238239762416 -25.660861598880388
7.880172778952699 -1.2824082621034867 1.5074338334770916 -25.658900789602377
7.848892157093718 -1.2772199227874301 1.5118955719586025 -25.654926412507564
7.817651743470354 -1.2706698231622502 1.5164220670195234 -25.649587178291085
7.78645398629104 -1.270368804616142 1.521105962253829 -25.65050296758516
7.755300602942511 -1.270349447015071 1.5253004982138143 -25.651645803272523
7.7241832896940945 -1.270386111130543 1.5287325184863612 -25.65276633182672
7.693091311358853 -1.2691281375046781 1.5311271703327864 -25.652491941327128
7.662012518443979 -1.2674792938658332 1.5323195337262614 -25.651715753016582
7.630935676985575 -1.265756305684663 1.5321395567985472 -25.650743887237454
7.599848671954879 -1.2641563082431073 1.5304440441293092 -25.649763283827646
7.568737678552088 -1.2626752624848394 1.5271518286241268 -25.64876162156081
7.5375883689303995 -1.261263270034498 1.5222515094872768 -25.647683638426557
7.506386960146032 -1.260037868047465 1.5157862127096549 -25.646644276261767
7.475121084877475 -1.2591851267526535 1.5078422644336624 -25.645830878515795
7.443779538522724 -1.2587832004729906 1.4985350262386876 -25.645327858812898
7.412351664675931 -1.2585328764247992 1.488028159922153 -25.644851573292158
7.380827587454604 -1.258676564855995 1.476441634830174 -25.64466336760036
7.349197046421767 -1.2584841406749272 1.4640228014501717 -25.644074386602497
7.317450521326267 -1.2600134274805037 1.4506703458481307 -25.64515943321112
7.285575445812781 -1.2617202464666277 1.4367813998149759 -25.646448500865866
7.2535574871250486 -1.2630398146505781 1.4226592675986358 -25.647442664509306
7.221385298318578 -1.262479955942209 1.4087116878243742 -25.64672325764795
7.189055836690815 -1.261303643447596 1.3949104351364863 -25.64558923956035
7.15656712387844 -1.2599589443490824 1.3813109808663082 -25.644521878864147
7.123916711286215 -1.2591131672870166 1.3679092383185942 -25.64420892023506
7.091101579846985 -1.2581062669384129 1.354842075285522 -25.64400163769907
7.058122302105374 -1.256434805209029 1.342197205176692 -25.643391211442093
7.024982101414803 -1.2538541448217828 1.3300104370483308 -25.642108487850642
6.991686688771268 -1.2503154895000268 1.3182633781091193 -25.640057498709538
6.958244991555585 -1.247413535925969 1.3067732167721267 -25.638800964295463
6.924666400268823 -1.2457628385983484 1.2954895306201606 -25.63892183254469
6.8909586011328265 -1.2445158134364211 1.2844982385523327 -25.639524577559264
6.857125810432786 -1.2435455493603218 1.2737887123967626 -25.64042811877048
6.823170729420305 -1.2428451035813182 1.2633300220930372 -25.64157641561132
6.789096258326729 -1.242224746272018 1.2531072825097922 -25.642740089247432
6.7549059338412345 -1.2414109595845877 1.2431102275240085 -25.64361870679869
6.720603990405282 -1.2400197346339223 1.2333281689870315 -25.643813225614785
6.686195128215992 -1.238249419559573 1.2236685457953778 -25.643518995033354
6.651683412137888 -1.2369870002752448 1.213939941244605 -25.64362697660765
6.617071151216043 -1.237134780638329 1.2039341523269351 -25.64505492882111
6.58235700976592 -1.2377903776757615 1.1936320618418075 -25.64693027350105
6.54753712282961 -1.238023309494275 1.1830523627734792 -25.64835699490319
6.512606378702088 -1.2376797474432146 1.1721956330605194 -25.64920703744469
6.477560349361947 -1.237056074893789 1.1610422878353162 -25.649795445499215
6.44239547814708 -1.2363089843370714 1.149585510333973 -25.650299423148397
6.407108417031431 -1.2354740032187392 1.137838180349276 -25.65077296201224
6.3716959589298146 -1.2346094924695723 1.1258181943419219 -25.651289410377032
6.336155138887782 -1.234131118621462 1.1135067675155936 -25.65227771372178
6.3004828603049345 -1.2334768479922977 1.1010163572902738 -25.653180051036784
6.264676664955905 -1.2324887990948017 1.0884182820575623 -25.653835720054992
6.2287344876256325 -1.231162402084045 1.075763842907896 -25.654229852063146
6.1926548281384015 -1.2293680129262836 1.0631181016398372 -25.654215389728236
6.1564375163987295 -1.2273492418446024 1.0504867979491272 -25.65401727946775
6.120083740928514 -1.2254228187779566 1.037860876743575 -25.65393378369768
6.083595084609977 -1.2238638822693146 1.0252385530115706 -25.654225830198996
6.046973058584887 -1.2225567233795451 1.0126675476975822 -25.65476264525467
6.010218883991751 -1.221413849183941 1.0001834045395948 -25.6554452683484
5.9733336255523675 -1.2203709483295402 0.9878133877594332 -25.65620195406781
5.936318314904643 -1.219449019872435 0.9755702724002553 -25.65705088355312
5.899173949407055 -1.2186454902010937 0.9634670571019366 -25.657990141808177
5.861901624779777 -1.217943521882413 0.9515194619925577 -25.65900599821387
5.824502611776976 -1.2172738791901607 0.9397503978298064 -25.66003376979512
5.78697846409814 -1.2166493822698683 0.9281726113352358 -25.661092466002103
5.749330968449519 -1.216044728579173 0.9168025090422136 -25.66216499031124
5.711562078592183 -1.2154116660673158 0.9056560845373096 -25.663213645281786
5.673673912561257 -1.2146897729363169 0.8947462621775031 -25.664189259048243
5.635668774268488 -1.2138186801015696 0.8840806232633067 -25.66504153287412
5.597549157924821 -1.2127455671822618 0.8736601772096362 -25.665725041550786
5.55931772897722 -1.2114327664229498 0.863478560858022 -25.666205828845975
5.520977306661084 -1.2097818519004364 0.8535302603949024 -25.66638417176496
5.482530884254112 -1.2078115426499294 0.8437927748954914 -25.666273187598883
5.443981516558638 -1.2056568906376874 0.8342290092273759 -25.66600093539219
5.405332041531346 -1.2034921873915392 0.8247958628305705 -25.665734803734466
5.366584711581632 -1.2014828114243319 0.815448186133922 -25.665634380599435
5.3277411919979345 -1.1995933572786348 0.8061673402370954 -25.66565661828041
5.288802422921437 -1.1977912279482035 0.7969419316562711 -25.665759566202972
5.249768931513118 -1.1960565475167944 0.7877664047583687 -25.665915629375533
5.210641045019023 -1.1943984188722838 0.7786384212639318 -25.666130514051602
5.171419022251091 -1.1928176490628497 0.7695606180430882 -25.66640493288328
5.132103097010708 -1.1913137698443672 0.7605391904291633 -25.666742445732538
5.092693479053541 -1.1898425447665566 0.751586972141477 -25.667105807659425
5.0531902544445195 -1.188367498308367 0.7427182612300034 -25.667466599981744
5.013593539814245 -1.1868869448461394 0.7339458946611792 -25.66783252570891
4.973903565642783 -1.1854022118796914 0.7252832334545641 -25.668215186281742
4.9341206626877305 -1.1839079319960821 0.7167432810633424 -25.66862051517724
4.89424522145151 -1.1823110280920777 0.7083441161666677 -25.66896782058364
4.854277852796643 -1.1805852114713804 0.7000973249696378 -25.66924335923452
4.814219484942895 -1.1787147471073438 0.6920097623511144 -25.669446401180608
4.774071289355713 -1.1766500760450453 0.684086392535042 -25.66954416231482
4.733834618352945 -1.1743400287306658 0.6763281387702982 -25.669503059030106
4.693510966670678 -1.1717509578523386 0.6687302960140454 -25.669304940475868
4.653101931436309 -1.1689223079041968 0.6612791349814923 -25.668999883719742
4.612609130184029 -1.1659685279472076 0.6539541908201727 -25.668705358442473
4.572034136623945 -1.1629806330995698 0.6467410873879623 -25.668503222725143
4.531378521546869 -1.1599266617568886 0.6396456726355805 -25.668334880790077
4.490643997867219 -1.157120233234389 0.6326609452709172 -25.668475418411603
4.449832248495241 -1.1543757710918636 0.6258184949592952 -25.668704236014257
4.408944957341961 -1.1517130589131366 0.6191357243670842 -25.669019536522725
4.367984038536417 -1.1492132693162382 0.6126267455107716 -25.669492917703607
4.326951616744054 -1.1469135843681069 0.6063080907808123 -25.67015780677334
4.285849898175631 -1.1448437046468343 0.6001943721299048 -25.671043139746814
4.244681067376253 -1.1428998059262205 0.5943050173123002 -25.672043774044887
4.203447301665752 -1.1410013163114632 0.5886527592849923 -25.6730777238692
4.1621508032182195 -1.1390860267270195 0.5832442597533632 -25.67408141381557
4.120793811034625 -1.1371066034369521 0.5780805975191268 -25.675006270418237
4.07937859458986 -1.1350261523634537 0.5731578341396667 -25.675814312455593
4.037907433009614 -1.1328271151156397 0.5684669442727661 -25.676487185409975
3.9963825650145126 -1.130549652185154 0.5639926584750908 -25.677064982218106
3.9548061256127007 -1.1281880189014721 0.5597193241109822 -25.677541838969837
3.9131801485174993 -1.1257127313075308 0.5556301928355464 -25.67788824882858
3.8715065539726568 -1.1230851307066883 0.5517073450215562 -25.678065848494754
3.8297869895907812 -1.1203705392915932 0.5479279981565323 -25.678139311097148
3.788022461158899 -1.1176886192868858 0.5442684884468434 -25.67822266221134
3.746213715916528 -1.1150532489037133 0.5407099003632763 -25.67831987199297
3.7043614566303673 -1.1124482341585737 0.537235621177117 -25.678407658700685
3.662466335670254 -1.10986664252587 0.5338321236471077 -25.678476512683602
3.620528959117129 -1.1072976024822854 0.5304905260969102 -25.678519620789658
3.5785498902067148 -1.1047156779909568 0.5272065952137479 -25.678522578225056
3.536529655855889 -1.1020970452122107 0.5239791209481279 -25.67847880070473
3.4944687766172216 -1.0994640597107 0.5208082263406126 -25.678433308528355
3.4523677571918308 -1.096789655756319 0.517698637918331 -25.67838434028809
3.4102270567237953 -1.0940423358213232 0.5146591295268014 -25.678325374054495
3.368047138596128 -1.0912224065020117 0.511699922559623 -25.678281039219115
3.3258285120807023 -1.088306847801444 0.508834180173 -25.678250737237903
3.283571745346575 -1.0852656834928627 0.5060764790841731 -25.678224262449547
3.2412775021068354 -1.0820841093762192 0.5034415455787155 -25.678202784182297
3.198946574327514 -1.0787375656678546 0.5009448179408909 -25.678171878164072
3.156579894280164 -1.0751632502610606 0.49860285594093223 -25.678070323991122
3.114178597720884 -1.0713861921779395 0.4964297355820261 -25.677916264307676
3.0717440378290433 -1.0675004253891311 0.49443900131078217 -25.677791702068454
3.029277769988698 -1.063540067095375 0.4926470085503139 -25.67771151555543
2.9867815347423705 -1.0595290214100017 0.491070534913899 -25.677675269107382
2.944257257611858 -1.0554969009745783 0.4897253779003973 -25.677685893186073
2.901707052877404 -1.0514950915193493 0.4886252817574974 -25.677767701212474
2.8591331977714183 -1.0475391486663015 0.48778204294142014 -25.67790885910282
2.816538089448259 -1.043679587764696 0.48720451453223507 -25.6781260599505
2.773924270998402 -1.0399650422246225 0.4868995973171416 -25.6784271994216
2.731294469648382 -1.036561442154569 0.48687301395525684 -25.67893409740121
2.688651669410543 -1.0334288523050355 0.4871286250875622 -25.67956414494669
2.645998855547687 -1.0305200095992115 0.4876667691842784 -25.68023166356525
2.6033390324727743 -1.0278899183053247 0.48848479431720176 -25.68096064417633
2.5606752224871028 -1.0255270760879098 0.4895772543270859 -25.681715956477902
2.5180104563911465 -1.0234121735547597 0.49093581042293366 -25.682463378264508
2.4753477385040203 -1.0215224579890925 0.4925490978522698 -25.68317396883191
2.432690000047841 -1.0198185990395652 0.4944024715146954 -25.683810400672748
2.390040056137556 -1.0182131491765616 0.49647652189129626 -25.684294037811405
2.3474005710134254 -1.0167148157847798 0.4987474050097864 -25.684648115927473
2.3047740448177656 -1.0142164055011125 0.5011630626861576 -25.683799903111407
2.2621626110100235 -1.010581869309155 0.5036834789456149 -25.681644147249564
2.219568147556679 -1.0061446833526178 0.5062741157168511 -25.67854683136588
2.176991953947459 -1.0009804517876355 0.508887797305513 -25.674628780074002
2.134434506307277 -0.9953087997332696 0.5114727780204593 -25.67016557883344
2.091895245031525 -0.9912031982732571 0.5139969793078919 -25.66726496042802
2.049372578940415 -0.9892125850896737 0.5163766088893776 -25.66655072475946
2.00686438377078 -0.9879977238321972 0.5185048223492762 -25.666749406419164
1.9643673637518586 -0.9864877222186182 0.5203211896221714 -25.666827738780235
1.921877708210141 -0.9843139978360086 0.5218154917480826 -25.66643203180142
1.879391743075465 -0.9811137804511408 0.5230072579986924 -25.665209993366275
1.8369062072179099 -0.9780799687309615 0.5239394254147479 -25.664358064127
1.794418180743669 -0.9754344957830531 0.5246549093706209 -25.6641091128713
1.7519250942294569 -0.9723703020879525 0.5252107978238861 -25.663653404065094
1.7094249683428973 -0.9690602803829748 0.52568155394601 -25.663143416697807
1.6669165187578723 -0.9660755114379594 0.5261552401444122 -25.66314669119749
1.6243991483971156 -0.9632308382101092 0.5267382560950221 -25.663483887184917
1.581873080768811 -0.9605323220252865 0.5275491786501734 -25.66414155284373
1.5393391979789262 -0.9579568600288593 0.5287153084649571 -25.665063510372875
1.4967996260517735 -0.9546565870874116 0.5303610560077296 -25.665361359042073
1.4542577579397216 -0.9509697780780939 0.5326045467642263 -25.665382991463943
1.411718059449714 -0.9471287187953183 0.535530260538513 -25.665404747019657
1.369185337478879 -0.9433169952940809 0.5391858614444489 -25.665657935912876
1.3266643911580174 -0.9393448788020027 0.5435782342669697 -25.665987308829884
1.2841597226502344 -0.9348725915364755 0.5486858146994952 -25.66605031819652
1.2416755788916058 -0.9298125277869557 0.5544734783304276 -25.665720034304414
1.1992161088772266 -0.92426347972775 0.560890898601875 -25.665020071019626
1.1567855106847076 -0.9183273279475825 0.5678647486479662 -25.663943484973096
1.1143878624847694 -0.9129456609461143 0.5753701865788211 -25.663320941132064
1.0720273184188418 -0.9076523868074079 0.5832820333092478 -25.66251010551877
1.0297075047501665 -0.9026360225032565 0.5915273249014101 -25.661480702195313
