7.99564635489275 0.7209630169268493 1.1470461545667439 -52.88125759795918
7.909988114873646 0.7244732254592328 1.1414839316375365 -52.87706418205446
7.824369663885415 0.7263950418309819 1.13649413746678 -52.875660468503796
7.738790208137733 0.7281241201652816 1.1322281111201533 -52.87569560127265
7.653231748766927 0.7311728155256266 1.1288340257955636 -52.875583042052526
7.567671095638438 0.7348750960655154 1.126381246686589 -52.8758497828732
7.482088524147554 0.7395869152965211 1.124862633916175 -52.87594900367219
7.396467624157203 0.7463938987689435 1.1241388970744515 -52.874539609863696
7.310793257679419 0.758765089961952 1.1240053507628573 -52.86777235266237
7.225053354127684 0.7669809051025267 1.124397219843357 -52.86542609911157
7.139247939815312 0.7750509002561734 1.1250086414368434 -52.86308736085854
7.053383408773238 0.7780969476209126 1.125560831616116 -52.86543866011486
6.9674232455517755 0.7749930870431043 1.1257808964431788 -52.873204936989154
6.881349695190086 0.7726437247510656 1.1254341522920925 -52.87897575679321
6.795167346288019 0.7678256084179037 1.124546963709749 -52.885717356621754
6.708891354033187 0.7600297539052357 1.1231168345379743 -52.893651156092155
6.622551943230935 0.7480552191061373 1.1212898855483633 -52.90373861661279
6.536182790953318 0.7320581901012613 1.119131163734122 -52.91564158006779
6.449820134949395 0.7130430405554627 1.1166365150659914 -52.92826195176245
6.363501273740567 0.6921224375176557 1.1137394459394838 -52.94047142249678
6.27726178929914 0.6728283917750136 1.1103607562224385 -52.94906000416935
6.191131270833472 0.6531070852227664 1.106288718133814 -52.95590139345287
6.105147120462162 0.6338746373310616 1.1012775272029909 -52.96024791034148
6.019358269691846 0.6190215702405213 1.095180519393533 -52.95893992103332
5.933810420041261 0.604673220403372 1.0876028490626282 -52.95546418896473
5.848551080492576 0.5791620152012706 1.0776348846436956 -52.959491011545346
5.763652239981249 0.5612381456298786 1.0664552660722586 -52.95597362348639
5.679122346346729 0.541899353881518 1.0534514227750007 -52.95256149590454
5.594988391971779 0.5225463351369712 1.0388996830115258 -52.94856333551472
5.511235119570811 0.5080167143834219 1.0236578074441725 -52.94067539989132
5.427801728784265 0.48332636288111114 1.0062617984697142 -52.9410950655256
5.34466790013037 0.447677288346736 0.9867422967677297 -52.95077718680192
5.261829789223584 0.41924180709537145 0.9674206045517674 -52.95549869208887
5.179242444662434 0.38950077964324004 0.9471717502055009 -52.962300163507514
5.096891761159149 0.358819074334813 0.9260606573934218 -52.97113714089449
5.014765741481229 0.3352637925837531 0.9053907218618302 -52.97556518676223
4.93283638935738 0.3260197045160175 0.8864692246988293 -52.96959422608219
4.8510652045472105 0.32114871843287907 0.8679643401724492 -52.96161766057717
4.769434859087928 0.31894829991387147 0.849821154244279 -52.953139306298404
4.687935402451593 0.3133196338994638 0.8313648730569879 -52.949665950965745
4.606572771658958 0.30522692129469076 0.8130274062162106 -52.95050415447318
4.5253444695809675 0.29756729481414707 0.795562771628631 -52.95306387746865
4.444239658581278 0.305057786185876 0.7812493716837666 -52.94313937665872
4.363230557686578 0.3218134822258139 0.7692911872586886 -52.92574339371589
4.2823019598212335 0.3345874028123226 0.7582636591213381 -52.913357164617786
4.201452570209093 0.3417455021167113 0.748373697764552 -52.907126096654274
4.120676355669526 0.34542492965755756 0.7402501678666138 -52.90424128229955
4.039960802526534 0.3444063179075741 0.7341657197370413 -52.90514361644807
3.959290220020097 0.33958900464793856 0.730406882917579 -52.90817433719785
3.878650942428697 0.3296207573870826 0.7290372179741202 -52.91409117098047
3.7980298563566492 0.31664007065260447 0.7301393575747096 -52.92048456511899
3.7174191235294654 0.30188264253842734 0.7337469478934185 -52.92605233292958
3.636815144621469 0.2863242680135595 0.7398635318551627 -52.92996069399615
3.556216567098516 0.2669360720271891 0.7487898543301517 -52.93501962635275
3.475626402478167 0.24172638072336267 0.7607925520094877 -52.94311411756364
3.395052437408341 0.2254958578781909 0.7737971526778789 -52.94201180256698
3.3144956213331436 0.22007216749271075 0.786885087539019 -52.9308049175592
3.2339614782856017 0.2233719992210128 0.7996862752788151 -52.91180866142676
3.1534671935858825 0.22715542085694188 0.8128819072954137 -52.892198893692694
3.07304647207383 0.21836961102902253 0.8278447142476097 -52.88298292402117
2.992740302036795 0.20450919090543904 0.8425526390674677 -52.87805250553254
2.9125674255510807 0.18871908475040142 0.855743307651674 -52.87488390206201
2.832537438257456 0.17120319760690822 0.8668371294483631 -52.87336866699699
2.7526561862462935 0.15276499815886152 0.8754042426439353 -52.8729663458893
2.6729263971944683 0.13579245925810313 0.8810808648340674 -52.87184588088621
2.5933440264669905 0.12109474733758059 0.8838185482525446 -52.86953336030646
2.5139023400531095 0.10835786503322253 0.8837180536558147 -52.86646831629961
2.4345949441258 0.09632034326403911 0.8808446831951448 -52.86380268146162
2.355418436172203 0.08514222001629769 0.8751844152856008 -52.86142700646963
2.276368878724595 0.0746644522124337 0.8667637525107252 -52.85950311504748
2.1974412012417637 0.06513008947189382 0.8556930333314817 -52.85785005445813
2.1186280671529194 0.055936785633292366 0.842059472052387 -52.85704134188065
2.0399203624116584 0.04737207905474119 0.8260942354349543 -52.85685617876814
1.9613062267773136 0.036099018617149405 0.807703447553038 -52.860425118875845
1.8827722951239496 0.022545521661122083 0.7874223071226577 -52.867382473468666
1.8043027023763858 0.017213056577616292 0.7675334267285344 -52.86770943478091
1.7258762637578091 0.018846002133604926 0.7485878482853148 -52.86260871677001
1.6474785956687166 0.02244639360170402 0.7303322037763412 -52.85692738845295
1.5691032362019488 0.024845023111532995 0.7128097883640957 -52.853751261844984
1.4907471501173855 0.026686459318869822 0.6967391826316415 -52.85207638120446
1.4124023075750756 0.02760407235468573 0.6825179889556742 -52.8519056265314
1.3340592431743377 0.02821607037284944 0.6703855264897969 -52.85225518802629
1.2557106120350132 0.029079578096122636 0.6604216402954898 -52.85235970955161
1.1773522515293073 0.030031796472067645 0.6525120542071533 -52.852287852014555
1.0989821039838155 0.029315676884076127 0.6464577625249533 -52.853685647344115
1.0206001232215731 0.026267966673961272 0.6420659651010961 -52.85703446076064
