7.81916064989013 -0.03316297407856443 1.773524633424204 -8.218662346073952
7.772119584373863 -0.03396794623246512 1.77407491488995 -8.219282296460516
7.725061660742637 -0.034690863388972606 1.7740251066924766 -8.219770070338553
7.677987236408311 -0.03422058274527883 1.7735432694221949 -8.219024896486944
7.630897965921268 -0.03172447196306059 1.7728047367778916 -8.216225166144323
7.583797299009993 -0.031060626982981832 1.7718749914607983 -8.215232193720578
7.536689335476075 -0.031767815189986726 1.7708805409107373 -8.215605573044709
7.489577865331443 -0.03306136118761544 1.7699626963619375 -8.216590858124514
7.442462554847231 -0.033667552298371865 1.7692751965326374 -8.216951033789261
7.395340802518084 -0.0328923849977015 1.76896660145282 -8.216027151050127
7.348209155750172 -0.031468809256278214 1.76914936611792 -8.214579035979863
7.301066757053146 -0.03106337935993134 1.769937700802951 -8.214299736415292
7.253917379259834 -0.030900538494346024 1.7714716315475716 -8.21443359453503
7.206766937435848 -0.0299674676424547 1.7738556044575111 -8.213969594873305
7.159622031554304 -0.028651746244027353 1.7771642009021011 -8.213291381802467
7.112488507470609 -0.027279855276823313 1.7814444630493058 -8.212717785218121
7.065372901273882 -0.026416599739202143 1.7867399962820685 -8.212809899094019
7.018283048131102 -0.024076487532161923 1.7929256477209419 -8.211548529625873
6.9712273866939745 -0.020750680518227774 1.7999034720361715 -8.209413358670265
6.924216762738604 -0.01641384387830425 1.8074652559632296 -8.206363908000377
6.877264122038126 -0.0118383517601823 1.8153564322126663 -8.203173455377323
6.830385566287738 -0.0073498902634021365 1.8232549339588227 -8.200173694986496
6.783593687224755 -0.003558515250081241 1.8308488735058215 -8.19799811707967
6.736901327654373 -0.0011562520116087335 1.8379416070668873 -8.197359340256702
6.690320379619973 0.0007056393579946237 1.8442933373603756 -8.197397636145153
6.6438584062032255 0.0025355469712820466 1.849711441928013 -8.197591751729579
6.597520715916715 0.004216056391273221 1.854081404776611 -8.198052339591555
6.551311828699852 0.0060405696706310325 1.8573198530472537 -8.19846697186913
6.505234512837689 0.008118640065356642 1.859368365330277 -8.198709613374596
6.45929048197603 0.010539312364032107 1.8601940976106448 -8.19867517458507
6.413480665412776 0.01306200732675681 1.8597944251256775 -8.19859701276328
6.367805706434361 0.01545896281911833 1.858206805396971 -8.198695375257321
6.322265825310432 0.017770224225389163 1.855518967721598 -8.19891611514215
6.276860233226499 0.0201114885993505 1.8518682305497238 -8.199125937566205
6.231587663317405 0.022493082845971065 1.8474183503462418 -8.19929785640203
6.186447290078141 0.025048469091450115 1.8423468258954063 -8.199277315706635
6.141437199572663 0.02791495397005876 1.836847319070596 -8.198904385743901
6.096553910977148 0.03164933314707205 1.8311818387913268 -8.197584423549724
6.051792766638303 0.035714790600602044 1.8255660173702941 -8.19584840975088
6.007152005682629 0.03951844084983825 1.82019114694771 -8.19429394011442
5.962630391499899 0.043303857263383455 1.8152913928646266 -8.192672876541334
5.9182256022956485 0.04608584690895552 1.8109863992077455 -8.192001821722181
5.873935750751297 0.0482765897180308 1.807410482357312 -8.191882952815039
5.829755340636041 0.05013367797599421 1.8045870260825991 -8.192084076165585
5.785677701911003 0.05178219876469093 1.8024824230566 -8.1925049907613
5.74169742619469 0.053465768407037206 1.8010729295069976 -8.192921905699492
5.697810299831464 0.05529276325395582 1.8003479132134315 -8.193244848290167
5.654012659870281 0.057304859712167575 1.8003084347834033 -8.193445622088444
5.610301949089797 0.05953385464378798 1.800966443123346 -8.193497865766869
5.5666765686644375 0.06195037327586442 1.8023244104963787 -8.19342915152241
5.523136259504273 0.06449029118769903 1.8043551355095921 -8.193296336297593
5.479682442026915 0.06706349823508245 1.8069950806652568 -8.19317880952227
5.4363181479348475 0.06978558531992472 1.8101330026048361 -8.192944150764344
5.393047430237091 0.07315931756362516 1.8136001304211895 -8.192064468845283
5.349874242153838 0.07780060205670412 1.817156632394354 -8.189895418978995
5.306801619328942 0.08052906121822703 1.820651199493857 -8.18967450973019
5.263835647183577 0.08183545999414338 1.823798997808209 -8.190882944030172
5.220975708564333 0.08254901054624378 1.8263482118615284 -8.192658180593405
5.178217597212773 0.08327644170320117 1.8280887164681054 -8.194366039874254
5.13555577575619 0.08424603784058156 1.8288724062084707 -8.1957622963527
5.0929852612480655 0.08557351907497061 1.8286206689261573 -8.196723277099345
5.050502281667303 0.08704784015599794 1.8273260132498108 -8.197464360214926
5.008105090360047 0.08885654484680885 1.8250545881163018 -8.197799294756752
4.965793358082384 0.09099582913039354 1.8219193735681924 -8.197738911020481
4.92356824845674 0.09419270922733823 1.8181085476663312 -8.19655169209588
4.881431309975869 0.09781893525155382 1.8137700619210837 -8.19488410060617
4.839384465721798 0.09964745489770338 1.8089636012339467 -8.195007356329395
4.797431058879111 0.10064859381997852 1.803933117465958 -8.195950000647855
4.755571962822113 0.10132131015599184 1.7988828176659961 -8.197225329855758
4.71380748157956 0.1018016202982302 1.7939657494678076 -8.198719645007463
4.672137668099135 0.10266920895616233 1.7893290187619613 -8.199870591778193
4.630560926271866 0.10405401379796686 1.7851277053388155 -8.200567262325016
4.589075496180517 0.10624310890678017 1.7815461415081835 -8.200532798986423
4.547679691754344 0.1077901851628994 1.7787031344739217 -8.201242941230998
4.506373036600375 0.10766370784156991 1.7767481780053056 -8.203747758941468
4.4651560828949375 0.10803754326738274 1.775883143398398 -8.20582411922447
4.424028537062308 0.11066591549826833 1.7761777631621254 -8.205662299482864
4.38298863963212 0.11377651093393851 1.7775753054971901 -8.205041723781859
4.342035982143962 0.11707123913961924 1.779961032529845 -8.204239979807689
4.301170418887861 0.12102949489568433 1.7831136040901958 -8.20274519641029
4.2603922009400526 0.12834161049391124 1.786651256939269 -8.197794486458918
4.219699671512186 0.131819540122548 1.7904795215895193 -8.196695880037748
4.179095192290693 0.133446749592313 1.794276380991388 -8.19739664687511
4.138574238210143 0.13424889596031656 1.7977632744783514 -8.19881644000511
4.098129061282122 0.13463050244658922 1.8006798892575073 -8.200513102066846
4.057751531616031 0.1352576381902416 1.802820731078271 -8.20179907420075
4.017433581614515 0.1362423627637776 1.8040746812865713 -8.202563211757164
3.9771689563924837 0.13739305755853043 1.8044042681218415 -8.203012286128459
3.93695374793267 0.13859856071295654 1.8038353048934321 -8.203279924212728
3.8967858918696705 0.13981894008708468 1.8024394339763907 -8.203431566683147
3.856664609443413 0.14329263536508688 1.8003942804186202 -8.201235109968732
3.816589290923254 0.14937334608088243 1.7978842552581298 -8.19635686078096
3.776560457954092 0.1520017909678879 1.794873933458214 -8.194925387490375
3.736582219543963 0.15145628905577888 1.7915427486952045 -8.196694304724996
3.696657342148222 0.1505285554955661 1.7881522421531768 -8.19888939464349
3.6567861999519136 0.1491971219512744 1.7848253281727093 -8.201568610950599
3.616969001321809 0.14882955244020074 1.7817602381704754 -8.203384664164108
3.5772062470647534 0.14888407222509634 1.7791152566224426 -8.204901423138185
3.537499537555986 0.148764070595501 1.7770858102792229 -8.206718006960639
3.4978508201619256 0.14740300024631972 1.7758505257369004 -8.209906883830438
3.4582630916458164 0.1458966531283058 1.7755875937910526 -8.213356211931877
3.418739033213074 0.1466758156316847 1.7763898235491122 -8.214586080592877
3.3792800781500834 0.1487136819573465 1.778237270755949 -8.214609569275874
3.3398878676790154 0.1508934565015467 1.7810488915178875 -8.2145315919119
3.3005639704498226 0.15362796786978003 1.7846261843561166 -8.21390393926678
3.2613092037494007 0.16587695697700722 1.7883674551613924 -8.203593203637801
3.2221190100837958 0.17250842401722116 1.792475562467119 -8.198940204650512
3.182997981422302 0.1740911395754936 1.7966356344725394 -8.199346261995139
3.143945709538501 0.17453174013048564 1.800427218009381 -8.200813388469191
3.1049568418626885 0.17474490227317588 1.8035679166165504 -8.202386694223808
3.0660255027274 0.17513268272662716 1.8058717811967597 -8.20364195035205
3.0271456991473937 0.17577852246531497 1.8072527428901588 -8.204488600424941
2.988312416826541 0.17651312970389937 1.807706121758356 -8.205100792829915
2.9495220122130767 0.17726212097589442 1.8072872464263552 -8.205564248967097
2.910771749936075 0.17782316173382995 1.8060911828048762 -8.20609740540537
2.8720595737859616 0.17914034638054752 1.8042634526717545 -8.205766644947495
2.8333834210841187 0.1815565041359875 1.8019641449933013 -8.20424193507926
2.794741130692271 0.18563713796516826 1.7993717901717843 -8.200968804192375
2.7561304942146756 0.19047443853877888 1.796620254216435 -8.196871682251382
2.7175496363730645 0.1934416694583517 1.7937782580541983 -8.194603172104454
2.6789973302781442 0.19289825073055797 1.7909490803167447 -8.195835439622027
2.6404726487200243 0.19198723711776114 1.7883785710991564 -8.197450800130213
2.601974108926661 0.19072340115733927 1.7861548920289518 -8.19945944614996
2.563500935607403 0.18896559944014718 1.7843350528352846 -8.202024946627311
2.52505291717527 0.18774994210919618 1.7829948016735209 -8.204125244590564
2.4866303292561045 0.1870824638547878 1.7821922557388628 -8.205759869059158
2.4482344497550432 0.18671305296844945 1.7819909728678476 -8.207178882068618
2.409866933589569 0.1866332203022727 1.78243957307539 -8.208385474194747
2.371529590763775 0.18678573082869884 1.7835534076889796 -8.20942923471797
2.3332243319113473 0.18718516211104747 1.7853079653223993 -8.210284676383779
2.2949530583456808 0.18754921676891054 1.7876392239351206 -8.211223518776318
2.2567176269173523 0.18808656232577536 1.7904339362194062 -8.212021529159253
2.218519448646738 0.1904304119874506 1.7935081581338022 -8.21101368811962
2.1803593716034886 0.19855947902587118 1.7965938998790913 -8.204159098540913
2.1422373692777996 0.20075848525147388 1.7998598707140818 -8.203246269930666
2.1041550483271045 0.20052964563902964 1.803037194974086 -8.204731488775423
2.0661110314193385 0.20043253482112455 1.805898945607414 -8.20600634007236
2.0281019191046195 0.20027821133611792 1.8083418391952422 -8.20722985314273
1.9901241209250315 0.2000193980554544 1.8102913354883658 -8.208428305471216
1.9521739715420474 0.19967609092956104 1.8117019862987123 -8.209568379635364
1.9142477064252839 0.19926977517246697 1.8125641410881537 -8.210622269375726
1.876341513379907 0.19882231297736566 1.812903161157127 -8.211567749101604
1.8384515675459427 0.1983349966370669 1.8127755512601438 -8.212407956146755
1.8005740584916756 0.19800420902100993 1.8122653872771433 -8.21295422328095
1.7627052182304166 0.19881808297666037 1.8114906266457074 -8.21222775755995
1.7248415871768972 0.2002902382334357 1.8105752582142907 -8.210722435428032
1.6869797089747602 0.20100467607436326 1.80961991907845 -8.209865155035857
1.6491156156805995 0.2014472321017328 1.8087407663070503 -8.209188468702472
1.6112457867442165 0.2016216062457494 1.8080318456607438 -8.208704118675435
1.5733670740678927 0.20109471482206862 1.807560131599514 -8.208858022890105
1.5354766472230486 0.200316748464262 1.8073881706720938 -8.209218115115839
1.497572328161505 0.19937736310994425 1.8075469780620237 -8.209709318670278
1.459652759918534 0.1982503283172617 1.8080426389892765 -8.21037032794364
1.42171740347256 0.19715767642310417 1.8088807002451037 -8.210988811013385
1.383766521373804 0.1960925796678482 1.8100652799173917 -8.211575164169208
1.3458010188408407 0.19504630561904635 1.8116003690057716 -8.212138221102816
1.3078222762968759 0.19402470577032035 1.8134821248716637 -8.212668579461576
1.2698319372055615 0.19305233719896644 1.8156934854420135 -8.213134084898716
1.231831761534977 0.19216086387902223 1.818203290797289 -8.213490788842085
1.1938234948112916 0.19147839379226128 1.8209658279299439 -8.213593864195579
1.1558088125436887 0.19095567194854934 1.8239273289016285 -8.213471340037497
1.1177891775678006 0.19063512567712573 1.8270129562766326 -8.213059204816492
1.0797658719004166 0.18994613806317712 1.8301474260693356 -8.212904411848882
1.0417396623839497 0.18894868431382209 1.8332386476775333 -8.212925338307087
1.0037110240983445 0.18742689911641083 1.8361944644833554 -8.213312300235842
