8.06790712940323 -2.5295840949506236 2.4439481997294332 -41.72956949820688
8.017086049888222 -2.5305865408176276 2.443543832635216 -41.72154979947364
7.966307273438406 -2.5340258611815867 2.4432805097024595 -41.71566785087514
7.915595536974923 -2.5450908922471718 2.443174855680486 -41.716976229663885
7.864960811817755 -2.5542943610850997 2.443112514528401 -41.71708051792526
7.814391571879699 -2.5636516966638667 2.443083053757264 -41.71826802286644
7.763875819252317 -2.5712528029876753 2.4430151759712477 -41.71910162328403
7.71340000693484 -2.5761754245205304 2.4428209306551354 -41.7189410413173
7.66294892946272 -2.5785564044453233 2.442392994046899 -41.718110192361195
7.612503973964316 -2.5794175674524142 2.4416304270364546 -41.71777631112012
7.562045340647019 -2.5797842466665672 2.4404142239127653 -41.71907559657369
7.511554886945599 -2.579055985875895 2.4385869282686015 -41.72134811282859
7.461015315565034 -2.576850353168765 2.4359635038746346 -41.72402330506429
7.410410704951965 -2.5740377906423597 2.4322953519768364 -41.727829253630766
7.359726092253218 -2.5699121955460886 2.42735605738465 -41.73176056589758
7.308942787997118 -2.5651107512324978 2.420877931337147 -41.73626041886887
7.258039327587347 -2.5599913897930673 2.412599668473476 -41.74146452722519
7.206991506775276 -2.5545785681065314 2.402321126106048 -41.74710965152009
7.155774211815255 -2.548898495706332 2.3899317976501986 -41.75291967745954
7.104364867841471 -2.542819446840644 2.3754467827060837 -41.75844037701997
7.0527453340111395 -2.5362076369977404 2.358985733933378 -41.76322581949427
7.000903016529135 -2.529435012649814 2.3406958323254083 -41.76740674073296
6.948828029999346 -2.5213671189015017 2.3211424236582188 -41.76941581761875
6.896516312879087 -2.512253821430351 2.300715817633667 -41.769338744316286
6.843954707873166 -2.5020337585333388 2.2798990892894935 -41.76702596471401
6.791123972423443 -2.4943018025440673 2.2583457823747315 -41.76644937454501
6.737990011366669 -2.489034216946519 2.2364863160006268 -41.767497840392586
6.684528537967351 -2.4887667125025494 2.214097038963342 -41.77290615677305
6.630732785621518 -2.491739080064109 2.1919072868950535 -41.780803801179054
6.576621513041667 -2.4956079531623927 2.17066528703252 -41.788793273329055
6.522233229018485 -2.497977900246598 2.150955744220317 -41.79446854228718
6.467614782163993 -2.496159619335558 2.1332884125090543 -41.79516229778839
6.412807008291361 -2.493534158191173 2.117013353494322 -41.79456838148928
6.357832586949244 -2.4910318136300686 2.1019349388683506 -41.79377089271432
6.302705340062034 -2.488652331313851 2.0880062860263866 -41.79285922927233
6.2474350551855276 -2.486137711233807 2.0751989715527626 -41.79163671129937
6.192030451951227 -2.483080902376924 2.0634695186657663 -41.78973728809916
6.136501345187553 -2.479143649015066 2.0527260797379046 -41.78684696476304
6.080857897128551 -2.4757782868812246 2.042663658524699 -41.78448099529923
6.025108775332919 -2.471378640075656 2.0332811201113725 -41.7809988962385
5.969265711416906 -2.4679254922825646 2.0241887814797908 -41.77844993921372
5.913338756881469 -2.4653775463798917 2.015201404733627 -41.77681315286954
5.857329800329891 -2.462343186579929 2.00626791150035 -41.77468836772239
5.801235183604697 -2.459499334781529 1.9971826979369707 -41.772787020410966
5.74505124636642 -2.4569081315725403 1.9878323389642907 -41.77117787226598
5.6887716110341255 -2.4545455671642076 1.9781250012042937 -41.76983917496732
5.632387679417091 -2.452417354243544 1.9679759710899611 -41.76877920013682
5.575889569803918 -2.4501620766082595 1.9573537937022816 -41.7676244056438
5.519267239901836 -2.447858919301266 1.9462082697723286 -41.7664490944646
5.462511176059975 -2.4456124891766224 1.934516767749093 -41.76535141469648
5.405612757863222 -2.44348119105929 1.922287652948656 -41.76438155167649
5.348564009547776 -2.4415869822103358 1.9095431665473113 -41.763655737110156
5.291357345151016 -2.440248707250667 1.89629657736701 -41.76349383124521
5.233984631468909 -2.4393673581958883 1.8826307832245706 -41.7637854476847
5.176435984903712 -2.4390690642194857 1.8686336616203696 -41.76465359368881
5.118700675185685 -2.438509205296506 1.8545591978972649 -41.765220937499244
5.060767994866408 -2.4371208911071816 1.8406219646353814 -41.764897779051374
5.002631511290806 -2.4350947059385373 1.8269224768984813 -41.76386659860964
4.944290755524783 -2.4327897322362864 1.8135189690469997 -41.76246741613036
4.885749817952506 -2.4308008812257746 1.8004080312919903 -41.761280846710164
4.827012807187168 -2.428925463264182 1.7876794076397373 -41.760072120437194
4.768087051604834 -2.4267860689737604 1.7754323628237634 -41.75843928294462
4.708984100626665 -2.424452679106308 1.7636927292429985 -41.75644769046819
4.649718500403998 -2.4225907561199644 1.752403946990984 -41.754773119806465
4.590305226245475 -2.4213688889648224 1.7415664844415741 -41.753582481280255
4.530757059304244 -2.420583300792138 1.7312107516405875 -41.75266903785681
4.4710842679876235 -2.4200124773332012 1.7213515360129488 -41.7518154570076
4.411295304443688 -2.419557203533179 1.7119824602687908 -41.75093294052616
4.3513975639258 -2.419186610556754 1.703084567375254 -41.75000246603095
4.291397633689069 -2.4188586182439615 1.6946357247462815 -41.74899269428483
4.2313009220218945 -2.418638544253398 1.6866070255973045 -41.74798031108123
4.171111921576043 -2.418591090192375 1.6789729715984165 -41.74703940917809
4.11083477014695 -2.4189863376733527 1.6716908396536476 -41.746449216537904
4.050472739145736 -2.4197698476585865 1.6647404945557607 -41.74615984151761
3.9900274845857244 -2.4206626862563896 1.6581121607237475 -41.745897147269964
3.9294995777157653 -2.42157789181087 1.6517815271566942 -41.745582794155276
3.8688893790307572 -2.422664831332463 1.6457115756830296 -41.74537610359567
3.8081971695440058 -2.423833523290917 1.6398866827215834 -41.745192952797254
3.74742286595608 -2.4250115359365054 1.6342957536462908 -41.7449648063734
3.686566290847985 -2.426152600482544 1.628927548876002 -41.74464736993186
3.625627450125469 -2.4272336154327445 1.6237694467195298 -41.74421772392802
3.564606663813732 -2.428212762428994 1.6188094859712086 -41.74363250692107
3.503504629999815 -2.429119490815774 1.6140322381181875 -41.74291899573986
3.4423225613911583 -2.4300237825292466 1.60941728866614 -41.742144442345165
3.3810619313992842 -2.430978138037963 1.604945275736055 -41.74135816592151
3.31972417892889 -2.431992534586774 1.6006006445847343 -41.7405670860915
3.258310588125736 -2.4331325561777213 1.5963674354295885 -41.739834836337785
3.1968223048141793 -2.434432065063389 1.5922343664803644 -41.7391937532317
3.135260161997551 -2.435817781982107 1.5881993943462689 -41.73856959025204
3.0736246670821514 -2.4372310543860705 1.5842654512063068 -41.7379041668983
3.0119164945243306 -2.438653046111024 1.580440505337136 -41.737179244728196
2.9501368477592753 -2.4399424186165932 1.5767462617791634 -41.736252431062766
2.8882876840696334 -2.4410779394795528 1.5732100263631226 -41.73510047116328
2.8263719425336897 -2.4425102704786283 1.5698480741415164 -41.7341711521575
2.7643933759110415 -2.4446037714769577 1.5666902804024025 -41.73382327231101
2.7023560815224883 -2.447460261209854 1.5637855814225443 -41.73415276078484
2.640263661567164 -2.4509477954992813 1.5612002722621519 -41.7350247120577
2.5781191993693384 -2.4545553168640724 1.5590173516800918 -41.735929105097284
2.515926449552908 -2.4577375527593173 1.5573157310217545 -41.73632389849181
2.453690875226236 -2.460646391250178 1.556127611092908 -41.736364127009395
2.391419948770191 -2.4634282066430395 1.5554527422437212 -41.73619523901067
2.3291224183906145 -2.466223664951372 1.5552657345204568 -41.73595369817958
2.266807664324849 -2.4691319267861345 1.555524664272347 -41.73573179003897
2.204485145091697 -2.472232605362567 1.5561794309147217 -41.735600198067345
2.1421638354069588 -2.4754292286105493 1.5571791951652554 -41.73545251415879
2.079851850933643 -2.478801643529457 1.5584770747137942 -41.73535845080712
2.017556699605345 -2.482530965153109 1.5600285432969503 -41.73548743769183
1.9552850931151362 -2.4866946002685193 1.561793062609688 -41.73590404000971
1.893042808836555 -2.48878873363481 1.5637007925357154 -41.73409250496796
1.8308328641074734 -2.4902463027363946 1.565752387437365 -41.731473164309314
1.7686574596467497 -2.4906333135467547 1.5679313737256197 -41.727601825523045
1.7065165977719934 -2.4908850746284297 1.5702448747799553 -41.723407239834344
1.6444111082406816 -2.4916967982411724 1.5726796064090975 -41.7195726603971
1.582341623890248 -2.4935040651330995 1.5752088233255959 -41.71651947593594
1.5203082965655663 -2.4967985480567476 1.5778014388995525 -41.71472260315503
1.4583116451958191 -2.501277352403394 1.580413203859429 -41.71385472699577
1.3963501168165444 -2.50665250113636 1.5829918756820138 -41.713604846372036
1.334422434293474 -2.512019903126893 1.5854826424253057 -41.71303472965386
1.272527779491546 -2.5167476118989978 1.5878552461492184 -41.711463504404556
1.2106664176065327 -2.5207840439704925 1.590106058966188 -41.70877374634271
1.148840740112859 -2.525253026483134 1.5922626744175736 -41.70600220132688
1.087055575471199 -2.5315748919638725 1.594379200110491 -41.70446003102032
1.0253172581914154 -2.5405089602359228 1.5965359235955205 -41.704779117859005
