7.852992334809176 -1.8523729129315076 2.051365845100351 -53.90518347056343
7.796017730577116 -1.8527802609621542 2.0494304277793876 -53.90393150604242
7.738996797366061 -1.8543641453490942 2.0469616263989683 -53.90332118541476
7.681928704230752 -1.8565312314070879 2.0441351160937815 -53.902829471301814
7.624815122768858 -1.859232392074219 2.0411566348955485 -53.90250595667522
7.5676619149811115 -1.8617413112832344 2.038257509185439 -53.90173843222789
7.510476815760225 -1.8655639702207059 2.0355873890071057 -53.90210960953864
7.453271594689846 -1.8706252752783659 2.033439476297385 -53.90364345214074
7.396056655605522 -1.875853242721616 2.0321502482235947 -53.90537303177249
7.338839372856969 -1.8805921628334918 2.032004346049657 -53.90671998527995
7.281627324829073 -1.885409217474954 2.033217187140437 -53.90826040884437
7.224429891056245 -1.8896920964611852 2.0359298948767175 -53.90939330329739
7.167258339801547 -1.894071310323064 2.040236726134975 -53.91072700759767
7.110126795930443 -1.8988635343383329 2.046179203994251 -53.91254509062265
7.053051411404291 -1.9037334011704545 2.0537207793173007 -53.91447915600849
6.996048652953999 -1.9083269254760205 2.0627726104736497 -53.916139455018325
6.939133227620167 -1.9120952631463188 2.073173629717788 -53.91694651851378
6.882317496869055 -1.9146946909393796 2.0847326199456067 -53.91652648105053
6.825612934980868 -1.917094952010118 2.0973761701234697 -53.915802070782625
6.769031768007622 -1.9195484150654827 2.1109158232483534 -53.91500178155252
6.712582875272154 -1.9218695912585881 2.125118631879532 -53.91393283318981
6.656271790560395 -1.924164803548769 2.139813121798614 -53.91270430126195
6.600103085383403 -1.927259428407492 2.154974481645894 -53.912145241875855
6.5440815265118655 -1.930669158098476 2.1703831827373143 -53.91183456443351
6.488208380068061 -1.9345206820825487 2.1859536973323803 -53.91197355428144
6.432484102135308 -1.9380875169092988 2.2014584162759685 -53.911959168506996
6.376907257626075 -1.9415361485179707 2.2168043083307545 -53.91208220355065
6.321474696400579 -1.9438009768105875 2.231665122383554 -53.911426170343915
6.266176752792653 -1.9452467731855356 2.2459507424773597 -53.91046912307371
6.211003943383953 -1.9459626582796594 2.259543538399314 -53.909417780442915
6.15594630365544 -1.945469829854373 2.2722694970185326 -53.90788704983236
6.100993676380077 -1.9443045959610783 2.284110869718817 -53.90645137213292
6.046137999824812 -1.9433021794274214 2.295090987610705 -53.905953214569045
5.991371386975708 -1.9424516103220013 2.305138495597994 -53.90632940620809
5.936682949020261 -1.9414326884701933 2.3141910125287786 -53.90714459023858
5.882060112966269 -1.9392305892652257 2.3221931950026033 -53.90719986972454
5.827490046911557 -1.9361900267076362 2.3292736614481573 -53.90667846730401
5.77296570499348 -1.9331307716991826 2.3356197949675 -53.906229196525665
5.71848576956595 -1.931471578350543 2.3415074225770995 -53.907129586598764
5.664052905035044 -1.9308160491048054 2.3472098078058163 -53.90880480910653
5.609670264998056 -1.931637220891082 2.353137897953919 -53.911711952117564
5.555335528669884 -1.9316880935653182 2.3594982460730427 -53.91342765573156
5.5010455270585865 -1.9332305190215489 2.366695950463294 -53.91611706081096
5.4468040287128545 -1.9369334363534239 2.374944526293477 -53.9202794406826
5.392621941809699 -1.9425750502337829 2.384342961251582 -53.9254834311572
5.3385129361575325 -1.951652463394996 2.3951137787572954 -53.933022870417936
5.284493844836828 -1.9628657125215796 2.407174731807387 -53.94138389657972
5.230582483998285 -1.9747353797124472 2.4203482626428827 -53.94895485663305
5.176796019623192 -1.9880802355049045 2.4346870931849454 -53.95643212051905
5.123152905378261 -1.9985214817084151 2.4494914225564823 -53.959622267907
5.069664236654909 -2.0056046214561634 2.464518290792567 -53.95825695835387
5.016340656678456 -2.0143132986469463 2.480312121024703 -53.95715540854546
4.9631964230618495 -2.0241451489194313 2.496642047826935 -53.955983544682816
4.91024175626269 -2.0328364851230045 2.513026429321128 -53.95294494997424
4.857480703271996 -2.042056706146222 2.5296419819264013 -53.949891976689216
4.804918429286753 -2.050883667391729 2.546253039191965 -53.946381985524795
4.752554474478785 -2.0631104289863424 2.5634168187576725 -53.94643045461345
4.700388970949986 -2.073377523737358 2.580302555155752 -53.94587717341519
4.648408281052301 -2.081777532110547 2.5969188969177037 -53.94533938030017
4.59659848036922 -2.0883611869594754 2.6132444604682363 -53.94527958116454
4.544945830657984 -2.0922002282082444 2.6290933415922493 -53.94514805647614
4.493435079970887 -2.091552445238431 2.6440839579477506 -53.943411029524725
4.44204903565955 -2.086527020535615 2.6580514216857636 -53.94017211491268
4.390772785000319 -2.0782261638181083 2.67095586338735 -53.93645840625983
4.339595149336377 -2.0686959976215147 2.6828168289501697 -53.93428194570494
4.288505052236854 -2.0589716326292367 2.693416047131027 -53.93443113972775
4.237487321805789 -2.04996551373611 2.702584356031126 -53.937484719669705
4.186526083233113 -2.0373645441405137 2.709739676954124 -53.93770009877135
4.135603394961496 -2.0221670437181904 2.7151013726341886 -53.93532476909394
4.0847047293788386 -2.006999222933779 2.7190782476689956 -53.93245331505595
4.033822644093417 -1.9929027950420517 2.7219845805954845 -53.929190980193745
3.9829530294189786 -1.9854787090524757 2.724379387989455 -53.93080234483414
3.932094237959848 -1.981884974114888 2.7265760414832485 -53.933375722179065
3.8812442015164463 -1.981279800431382 2.7288362481668473 -53.93529490440061
3.8304038920191386 -1.986373679867859 2.731378106223483 -53.93878275577655
3.779579386452742 -1.9964667908147486 2.7342285161311874 -53.94264689647909
3.728779799500919 -2.0109303230472446 2.7373492436408413 -53.94609757714995
3.678015555922301 -2.0310950854540484 2.74071970163631 -53.95038443156637
3.6272977679908935 -2.0653089916152956 2.7444833542652765 -53.96263379578311
3.5766408193364208 -2.1026499062103943 2.748094867806167 -53.97352781818127
3.5260554171133025 -2.1283027779944095 2.751004097634472 -53.9718769678472
3.4755440537506974 -2.1541515031132685 2.7535463873411623 -53.96818002067572
3.4251155907739426 -2.176802193193493 2.755756099803425 -53.960744089275536
3.3747774731458025 -2.202455614947574 2.7580178861025435 -53.95508036598498
3.324539275705261 -2.235313681104659 2.760767803610713 -53.95511296940251
3.2744128333529683 -2.269511622282224 2.7641710445633185 -53.957038191202905
3.224404069503611 -2.300628735038224 2.768401660393419 -53.95826976290152
3.1745130207951453 -2.328401183007613 2.77365480905325 -53.959167500585
3.1247376483156857 -2.3524116778795077 2.780001495839542 -53.95966164861807
3.0750742784881715 -2.3724747372085178 2.7874625042745467 -53.959746164630204
3.0255188495059295 -2.38894482544444 2.7960331877492126 -53.959795013060344
2.976067535932913 -2.402237595852951 2.805672211015846 -53.96020496764956
2.9267166616968066 -2.412475012714487 2.816275287444076 -53.96110749295093
2.877462135707439 -2.4195588304204456 2.8276647903672694 -53.962411801803675
2.8282994146781992 -2.4217269685897262 2.8394099495356584 -53.96235130288231
2.7792225516271234 -2.4192910501403166 2.8512608009198765 -53.961010189399296
2.730225957749397 -2.4139881529844347 2.863091575049231 -53.9598462987277
2.681304404403003 -2.405065660596571 2.874322872685337 -53.95768709600874
2.6324505968439453 -2.393536753570766 2.8846460274382797 -53.95500670033645
2.5836563757126085 -2.3819485199093613 2.8939555160307586 -53.95348646960011
2.5349145381327367 -2.369862952743309 2.9018088451183552 -53.95104328823156
2.4862177278728854 -2.359956440591323 2.908140010161531 -53.9488075966675
2.4375595181323626 -2.354328532953539 2.9128757493240878 -53.94730186503091
2.388934592384656 -2.354524820295081 2.916015616193539 -53.94680757469261
2.34033896698 -2.360396964536952 2.917592286490007 -53.94657109231008
2.291769684544268 -2.3730565445481506 2.9177185449395604 -53.94763062038944
2.2432247699861088 -2.393287788398565 2.91647467383313 -53.95092099577856
2.1947030875768223 -2.4190929077841843 2.913967655766362 -53.95528286168423
2.146204155003346 -2.4440875903898656 2.910492551941459 -53.95639478395494
2.097728658503613 -2.47080356391982 2.9062304997895674 -53.95731333999838
2.049278653331503 -2.4978830416800215 2.9014507144642594 -53.957742975055474
2.0008569632889333 -2.5229641254736253 2.8964826743145298 -53.956552390683065
1.9524667079222575 -2.5478735266246777 2.8915103960798514 -53.955816933151894
1.904110838725687 -2.572876057073586 2.886790090246346 -53.95611248053563
1.8557922861383511 -2.5968696349133995 2.8825145621361847 -53.95668200600055
1.8075138580373025 -2.619827251292467 2.8787734743043036 -53.95752177492365
1.759278250305905 -2.64167873972704 2.875608264956312 -53.95856472453066
1.7110878980848236 -2.6622193163916816 2.8730393302330186 -53.95967022757159
1.662944806453472 -2.6813032835716535 2.8710663682297444 -53.960791734865516
1.6148503937144185 -2.6987308398456156 2.8696790556058174 -53.96189647144441
1.5668053213368247 -2.7141636660549953 2.8688608695853857 -53.96288554162556
1.5188093540560423 -2.7275126903138456 2.868598124991559 -53.96391843158046
1.470861245479448 -2.7386692115489977 2.8688918608160465 -53.965152983718966
1.422958757530236 -2.7473601281760125 2.8697387470209583 -53.96658513045864
1.3750987262068515 -2.752970411187551 2.871111784435204 -53.96787586345134
1.3272773086829632 -2.7551549747839204 2.8729586029093857 -53.96889170530119
1.2794900634836146 -2.7535038170814556 2.875187660494616 -53.96942179550454
1.231731962401747 -2.7484426569964735 2.8776837083451534 -53.97007018227032
1.1839969821740877 -2.73971504674015 2.880301436782395 -53.97074468028407
1.1362792498579712 -2.7269699866277377 2.8829068630450267 -53.971128647241926
1.0885737103958815 -2.7101096793998893 2.8853890768193464 -53.97097792831729
1.0408764485647373 -2.6892293559040215 2.8876481812167367 -53.97015816213122
