7.856104147495059 -0.48084131639316885 1.7749948024239288 -21.116512331691084
7.736771273046909 -0.48287803553191 1.7765752755262592 -21.115278831132343
7.617309140297677 -0.48707950358187563 1.7797988950277601 -21.116197009159464
7.497748755028047 -0.49006824195999893 1.7845416470178241 -21.115844985768064
7.378112690366457 -0.4915083642113086 1.7906588246072794 -21.113868719114706
7.25840907934496 -0.4925121144215753 1.7981205695643576 -21.11138325277426
7.1386381198852655 -0.49206682569827104 1.8067862300755562 -21.10740252684338
7.018796169223823 -0.48598806422037294 1.8161772569966443 -21.097797657169828
6.898889479106031 -0.48009479451827314 1.8267026271725226 -21.088400578496376
6.7789424835644185 -0.47951508733892045 1.8389346860183173 -21.084364579914798
6.658979280047675 -0.4830433429903238 1.852845836881175 -21.08456923840245
6.53901928617893 -0.4918327603572294 1.8687089525302387 -21.090284332526807
6.419088177990731 -0.501265512805609 1.8859507577518553 -21.097027455832304
6.299222704912303 -0.5083004746711414 1.904020888562975 -21.101878396564466
6.17946312936388 -0.515916238926424 1.9232512531840007 -21.107992068027073
6.059856571938557 -0.5217001206247187 1.9430236096795257 -21.113081231351266
5.940442798865972 -0.5250137476184852 1.9631014849028754 -21.116648773782778
5.821269660539684 -0.5303347633286618 1.9843363759150283 -21.123552378747384
5.7023984007987405 -0.5375363489840295 2.0067713164170704 -21.13401011022671
5.5838900326389185 -0.5463402016913783 2.0304183934480755 -21.148185853545954
5.465805177014376 -0.5542203574745382 2.0547954575432703 -21.16386697236802
5.348193674912308 -0.5599819453719496 2.079662233643681 -21.180286133805367
5.231098117880639 -0.5622515317039434 2.104724745597597 -21.196468786197187
5.11455411749885 -0.5593427222113537 2.1295816026887318 -21.210966811060118
4.99858492839976 -0.5531729089203832 2.15464108205195 -21.226770907592332
4.883212083329056 -0.5391879392037472 2.1786404401579516 -21.23836880154598
4.7683838360464055 -0.5090431239599293 2.1992562119842205 -21.23310256481342
4.6539407654881515 -0.47213065802122156 2.218824312575293 -21.222494701613513
4.539818822306957 -0.4379715347150231 2.2397338313984125 -21.220016362893446
4.426060437489811 -0.4026497644217553 2.261592194144996 -21.219591555922918
4.312705124741636 -0.36665919476839165 2.285038269879043 -21.22184612304102
4.19981328054715 -0.32509646021435107 2.3083915593954947 -21.218314419739002
4.087390537621951 -0.27755714032021717 2.331092846228881 -21.20746232625548
3.975398963910884 -0.2280398873873703 2.354236488848348 -21.19535448999617
3.8638213332318747 -0.17815834337973147 2.378183613699266 -21.18440579539928
3.7526525188487985 -0.1271808011086879 2.4023615092132915 -21.172752863307494
3.6418787024733885 -0.07368491693487346 2.4258188872327846 -21.157056263158267
3.5314729582850557 -0.018831538806807834 2.448655764218768 -21.138812396047847
3.4214185779454906 0.03854512098218282 2.469653097658248 -21.1150617211875
3.3116799378333575 0.10176272255863889 2.486756438679873 -21.079104058114083
3.2021846504979923 0.1635280216642035 2.5026796458641427 -21.043229453062814
3.0929234838390136 0.21815919023903274 2.518686343572624 -21.01621534451386
2.9839187496347006 0.26542699239130974 2.533862501826904 -20.99761839833075
2.8751763832239883 0.3057622631933755 2.547658108583867 -20.985989550766952
2.766690263832561 0.3405695476740203 2.559607505858089 -20.978535850524857
2.658441490947221 0.3695472956651672 2.569740893134844 -20.975013142241323
2.5504059192246076 0.3913392397732378 2.5781936619485064 -20.97656360650368
2.4425578597339146 0.4059486507899773 2.584954145518291 -20.982515378463106
2.33486854897545 0.4153622135399009 2.590005812138687 -20.989992176156733
2.2273039819026135 0.4210022856881995 2.5935139202728528 -20.9971682006868
2.119827835538334 0.4229023920767438 2.5957010161279253 -21.004044462754493
2.0124040335041955 0.4210272830011901 2.596717776093259 -21.010841911015035
1.9049979807831843 0.4167979275160429 2.596704066843837 -21.01645138715066
1.7975770184220285 0.4125036112786791 2.5958690337698394 -21.019137353937644
1.6901151281704603 0.40671367330553876 2.5943332679638584 -21.020812249572934
1.5825918664114418 0.3995634423380842 2.5922130691833165 -21.02189576579832
1.4749936384758748 0.39065709307738167 2.589612907303557 -21.02332716298129
1.3673120727661514 0.38333168841575854 2.5869233332795045 -21.022725062880937
1.2595428349924054 0.376367456673474 2.5843246977005254 -21.02167612284068
1.1516862531992162 0.3683233876947072 2.581939950372496 -21.021923330066002
1.0437424034776905 0.3631480172474367 2.580232595079845 -21.020560906173706
