7.750211671256346 -1.4069156410940113 0.7778649387980919 -9.592828307211079
7.742286619079757 -1.4032797899768534 0.7790896664399067 -9.588622005931708
7.734374934700123 -1.4015734332872942 0.7800667828958991 -9.586237558874402
7.726474516764943 -1.4011756953213832 0.7807542628844667 -9.58510040960564
7.718582764615809 -1.4015473217602747 0.781097405427964 -9.584739641752366
7.7106963524310785 -1.4017243337516474 0.7810433910878665 -9.584266757405633
7.7028112907622415 -1.4017352799706344 0.780549577992877 -9.5837754715646
7.694922943810763 -1.4015171041598944 0.7795928482606167 -9.58325613524697
7.687026276245523 -1.4010318903144048 0.7781528141744476 -9.582718642171704
7.6791159337509765 -1.4002159798451026 0.776203546428805 -9.582140559632546
7.671186222909676 -1.3990152651728756 0.7737168032082391 -9.581501075799292
7.663231123141132 -1.3973940695559084 0.7706658297732071 -9.58079012121056
7.655244337535341 -1.3953192530665026 0.7670284878524657 -9.579992510888355
7.647219373743756 -1.3927638208394697 0.7627891281653743 -9.57909189318155
7.639149628136767 -1.3897104873073063 0.7579407342603793 -9.578074684321901
7.631028486489345 -1.3861869567160687 0.7524845185553417 -9.57696672349928
7.622849407646341 -1.3822272373769329 0.7464325891216511 -9.575795912214266
7.614606019848343 -1.3778669341177503 0.7398071591143816 -9.574589973732138
7.606292208157373 -1.3731557203756288 0.732634219316355 -9.573389915588011
7.597902152153873 -1.368112078218602 0.7249447131901319 -9.572204314821452
7.5894303697918275 -1.3627065848612678 0.716783478184983 -9.57098892974205
7.580871871525003 -1.3569827015152258 0.7082066021373541 -9.569769006045977
7.572222280743248 -1.351015942814477 0.6992815531201669 -9.568596504166381
7.563477940949401 -1.3447865909715164 0.6900990321971847 -9.567414491564957
7.554636171046368 -1.3388445885902447 0.6807044862890959 -9.566761804432666
7.545694678840375 -1.3332063366016735 0.671183301300595 -9.566617233078714
7.536651994911537 -1.327467023419891 0.6616448425112342 -9.566506312542565
7.527507866131024 -1.3218034911204268 0.6521263378666395 -9.566558653536553
7.51826255103624 -1.3163617215202839 0.6426490764887794 -9.566867804557436
7.508916642065988 -1.3111661677969315 0.6332277754057938 -9.56740927044299
7.499470968915848 -1.306208481198681 0.623864122387211 -9.568142256066137
7.489926434481595 -1.301467568661384 0.6145495200646393 -9.569032506175901
7.480283874669875 -1.296904360129934 0.6052704322861558 -9.57004503628232
7.470543973555984 -1.2924646312385095 0.5960121205098734 -9.571143531026529
7.460707223353598 -1.2880853877441913 0.5867610283607515 -9.572292552396213
7.4507739181849635 -1.2837016790356741 0.5775060772070835 -9.573460113644856
7.440744170963174 -1.2792523176257586 0.5682391240785913 -9.574619686242563
7.430617943338774 -1.274683738068476 0.5589548450249475 -9.575751219873622
7.42039508052801 -1.269951830069589 0.5496502967507627 -9.576841137591167
7.410075345196852 -1.265022215013489 0.5403243347654458 -9.577881720142408
7.3996584466265904 -1.2598692033870063 0.5309770515211923 -9.578869927238854
7.389144063745102 -1.254474209450119 0.5216092914104697 -9.579806229137299
7.378531861688032 -1.2488237565841376 0.5122223121741081 -9.58069333359256
7.367821502934686 -1.2429077004600804 0.502817565490643 -9.58153525831075
7.357012654142287 -1.2367175036894298 0.4933966143240091 -9.582336426890265
7.346104990300167 -1.2302451977978595 0.4839611009880274 -9.583101356257824
7.335098197080236 -1.223482341968172 0.4745128061538131 -9.58383416428803
7.323991972716861 -1.216419633334905 0.4650536983362002 -9.584538596685695
7.312786029688167 -1.209046588919232 0.45558600534675436 -9.585217972488081
7.301480096734031 -1.2013514004129358 0.44611227006174325 -9.58587519712063
7.29007392125012 -1.193320990227398 0.4366353744422067 -9.586512926752548
7.278567271865008 -1.184940981260404 0.42715855594359564 -9.587133607965331
7.266959941161181 -1.1761956432122465 0.4176854052114388 -9.587739496415363
7.25525174837017 -1.1670679123352055 0.4082198355005639 -9.588332787210454
7.243442541656155 -1.1575391817622662 0.3987660640570087 -9.588915535174637
7.231532200104866 -1.147576414206834 0.3893299325346235 -9.589475354508744
7.219520652369523 -1.1371632936122924 0.3799155259075566 -9.590020559012844
7.207407854897243 -1.1262777008904372 0.3705269083265049 -9.59055663255025
7.195193786459158 -1.114890178278576 0.3611683924012402 -9.591085297883948
7.182878445603688 -1.1029657238687267 0.3518445395389944 -9.591606803192908
7.1704618483982046 -1.090464534347873 0.34256021483110904 -9.592120847535895
7.157944027018149 -1.077342316142245 0.33332064439020476 -9.592626980534343
7.145325029177105 -1.0635504501056412 0.3241314514824974 -9.593124874959976
7.132604918076247 -1.0490358451981954 0.3149986998865174 -9.593614330697637
7.1197837728164215 -1.0337407185272793 0.30592892633691404 -9.594095295342163
7.106861688991543 -1.0176023128951717 0.2969291694210744 -9.59456792118285
7.093838779282467 -1.000552411000753 0.2880070158320821 -9.595032488304337
7.080715174029535 -0.9825168171320486 0.2791706490711524 -9.595489383830435
7.067491021639875 -0.9634147865057963 0.27042890999430025 -9.595939099921862
7.054166488784836 -0.9431583630021912 0.2617913779644412 -9.596382165433546
7.04074176047237 -0.9216517439935464 0.2532684621410385 -9.596819134505258
7.0272170399036 -0.898790665710384 0.24487151045241184 -9.59725056600535
7.013592548169783 -0.8744618472125927 0.23661293566291608 -9.597676984184773
6.999868523828739 -0.8485438890012856 0.22850621181010244 -9.59810066124401
6.986045220221442 -0.8209036632674469 0.22056641455842665 -9.598520911005398
6.972122907307115 -0.7913984707084424 0.2128101164061247 -9.598936702521002
6.958101871319034 -0.7598776056854067 0.20525546286832605 -9.59934795049518
6.943982413163787 -0.7261832478928355 0.1979224259427751 -9.599754947922078
6.929764847234032 -0.6901524649691742 0.19083302872331062 -9.600157988282408
6.915449500598921 -0.651620759211197 0.18401150380680303 -9.60055744252968
6.901036712187992 -0.6104269757809787 0.17748442691185007 -9.600953522621115
6.88652683224654 -0.5664203377315473 0.17128075355975508 -9.601346405663032
6.87192022176435 -0.5194695708829129 0.16543175636130739 -9.601736243861502
6.857217251953021 -0.46947428952158055 0.15997082116913303 -9.602123107752327
6.84241830382122 -0.41638054502035593 0.15493284588569142 -9.602511361825288
6.827523762779074 -0.36019462633834565 0.1503538059562555 -9.60290759626777
6.812534015313285 -0.30099418555847146 0.14627047240579488 -9.60331117877516
6.797449455444458 -0.23894555332499517 0.14271908495881103 -9.603720407693695
6.782270483139156 -0.17431704848903812 0.139733735971241 -9.604133392442742
6.766997503493115 -0.10748520574922246 0.13734461512255136 -9.604548342911807
6.751630926491497 -0.03893156136101495 0.13557620961558686 -9.604963724176606
6.7361711671428965 0.03077171517186318 0.13444563788535127 -9.605378238572053
6.72061864580047 0.10098716175696927 0.1339613237514049 -9.605790863839752
6.704973788522585 0.17104607324529256 0.13412220938704095 -9.606200852758489
6.689237027399528 0.2402870944746984 0.13491762592722173 -9.606607276528454
6.673408801233684 0.3080935984080032 0.1363278531393773 -9.607009337224035
6.657489556373444 0.3739245614643037 0.13832525939177884 -9.607407858739936
6.641479746293494 0.4373369357473143 0.14087578250860502 -9.607803426397417
6.625379831758608 0.4979963075856604 0.14394080791409447 -9.608196517343792
6.609190280646226 0.555676830533303 0.14747904689216576 -9.608587612944696
6.5929115674796215 0.6102528187339151 0.1514482325757769 -9.608977131506741
6.576544172837529 0.661684754238575 0.15580653932503108 -9.609365769986129
6.560088582330976 0.7100037224575694 0.1605135776875776 -9.609752908779514
6.543545285570173 0.7552932552463634 0.16553110288932957 -9.610138469742664
6.52691477723848 0.7976742973275345 0.17082351428909215 -9.610522685824131
6.510197557962761 0.8372926021854181 0.1763581013357768 -9.610905773405928
6.493394134643701 0.8743084884370201 0.18210510021515916 -9.611287814683395
6.476505020378443 0.9088888504350761 0.18803762686965514 -9.611668764811403
6.459530734101462 0.9412012359072724 0.19413152967337646 -9.612048469305721
6.442471800090051 0.9714095739962746 0.20036520195587473 -9.612426758245201
6.425328747283603 0.999671373846721 0.20671936389610726 -9.612803379494872
6.408102108684611 1.0261358622765344 0.2131768521695862 -9.613178112603673
6.3907924206111595 1.0509430176111267 0.21972240271555185 -9.613550712114042
6.373400222081997 1.0742230788481053 0.22634245541174972 -9.61392098393469
6.355926054152472 1.0960965254307695 0.23302496664609315 -9.61428875736324
6.338370459310972 1.1166743222363809 0.23975923753024145 -9.614653876222379
6.320733980959829 1.1360583059394225 0.24653576298270996 -9.615016227960114
6.303017162902869 1.1543417025951914 0.25334609280328935 -9.615375734864871
6.285220548921604 1.1716097271743204 0.2601827082987288 -9.615732316541969
6.267344682413407 1.1879401776309504 0.2670389114157454 -9.616085890594583
6.249390106108125 1.2034039560717524 0.27390873631388707 -9.616436458507579
6.231357361737075 1.2180657604976142 0.2807868527597667 -9.616783963617447
6.213246989876747 1.2319836595346754 0.2876685689939036 -9.617129413317354
6.195059528761247 1.2452091681833999 0.29454979715622237 -9.617475335843086
6.176795512969973 1.2577886718213038 0.30142685368455435 -9.617823811505826
6.1584554740729125 1.2697643456988412 0.3082963035839271 -9.61817533959202
6.140039942270233 1.2811745495283673 0.3151549409354856 -9.618529556223157
6.1215494477295165 1.2920543915725706 0.32199976034007904 -9.618885553384947
6.102984521752299 1.3024362318159843 0.32882793868552224 -9.619242093697626
6.0843456976943475 1.3123500558491832 0.3356368274790057 -9.61959783521225
6.065633511515081 1.321823834547765 0.34242394655993075 -9.619951433165026
6.046848502095559 1.330883786573409 0.3491869808051201 -9.620301642507366
6.0279912112693665 1.339554605445628 0.3559237804810666 -9.620647354275693
6.009062183638243 1.3478595205374901 0.3626323684794641 -9.62098773729507
5.990061966160977 1.355820546964932 0.36931093103429874 -9.621322095080922
5.970991107663279 1.3634584121497708 0.37595782810799006 -9.621650027584089
5.951850158204133 1.3707932634518047 0.38257154311439623 -9.621970708767993
5.932639668944402 1.3778465336552401 0.3891505479878623 -9.622280899379716
5.913360192112669 1.384641429729091 0.3956932319716774 -9.62257453126788
5.894012275299652 1.391196236538032 0.40219822788097287 -9.622850126773624
5.874596465689191 1.3975261668562668 0.40866439652719005 -9.623108216278807
5.855113311094542 1.4036445932358605 0.4150907731932976 -9.623349919360422
5.835563359953653 1.409563539108216 0.4214765392987309 -9.623576506695793
5.815947160921584 1.415294051444021 0.42782099693121384 -9.623789133353881
5.796265262388703 1.4208463078890115 0.434123554879601 -9.623988848466098
5.776518212023559 1.4262297017963717 0.44038371774635143 -9.624176623816238
5.756706556289317 1.431452973473197 0.44660107080937955 -9.62435330650298
5.7368308400633605 1.4365242119666572 0.4527752721038245 -9.62451969543358
5.716891606313263 1.4414509533174873 0.45890603911139505 -9.624676503599725
5.69688939587909 1.4462401613638636 0.46499314486187077 -9.62482443446501
5.676824747228446 1.4508983069613128 0.47103640651514955 -9.624964144252772
5.656698196331274 1.4554313908466923 0.4770356774168475 -9.625096261331066
5.636510276568006 1.4598450072034335 0.48299083753623934 -9.625221357953786
5.616261518714778 1.4641443557653822 0.4889017896524559 -9.62533996945606
5.595952450920465 1.4683342468078184 0.49476845368195216 -9.625452623066463
5.575583598751721 1.4724191841166687 0.5005907561853673 -9.625559781059833
5.555155485323309 1.4764033201094036 0.5063686318018489 -9.625661916911099
5.5346686313844025 1.4802906302989358 0.5121020107572933 -9.62575936301807
5.51412355551403 1.4840847861963473 0.5177908252191536 -9.62585247250378
5.493520774203586 1.4877877139356503 0.523435093322446 -9.625943132815946
5.4728608008161705 1.491402969096226 0.5290347153126583 -9.626031300559179
5.452144145587931 1.4949353148849236 0.5345895361109185 -9.626115446969953
5.431371316416697 1.4983885573508182 0.540099489651908 -9.62619480383351
5.410542819040512 1.501765901188594 0.5455645634836674 -9.626269021476508
5.389659157087419 1.5050702024340723 0.5509847715288527 -9.626337940814542
5.368720832187935 1.5083040441248887 0.5563601419488239 -9.626401546017988
5.347728344061432 1.5114698169929832 0.5616907053432011 -9.626459907630649
5.326682190692417 1.5145697271119993 0.5669764908285557 -9.626513192181179
5.305582868410641 1.5176058802604324 0.5722175180952711 -9.62656158611931
5.284430872063054 1.5205804546433186 0.5774137867653597 -9.626605124453432
5.263226695304044 1.523496180549219 0.5825652509966555 -9.626643205068016
5.241970831505747 1.5263564298619259 0.5876718847431 -9.62667464125415
5.22066377407954 1.5291645231350353 0.5927338262374985 -9.626698625785021
5.199306014546795 1.5319233308528915 0.5977513311422106 -9.626715049487531
5.177898041469985 1.5346352190097174 0.6027247246847743 -9.6267244286529
5.156440339829539 1.5373021153321702 0.6076543602686159 -9.626727707931556
5.134933390703331 1.5399255267712109 0.6125405887702674 -9.626726129319646
5.113377671147176 1.5425066809652292 0.6173837304758705 -9.62672099575168
5.091773654303934 1.5450465685444834 0.6221840577496268 -9.626713567508169
5.070121809702008 1.5475460582898335 0.6269417809464717 -9.626704910465172
5.048422603659034 1.5500058964479166 0.6316570447391605 -9.626695886805015
5.026676499776109 1.5524267282420965 0.6363299269042764 -9.626687145380624
5.0048839595089065 1.5548092110680507 0.6409604362288354 -9.626679035574444
4.983045442801965 1.5571540021294552 0.6455485182934863 -9.626671663831464
4.9611614086955775 1.5594617683196585 0.6500940653191913 -9.626664930866408
4.939232315890415 1.5617331762392774 0.6545969240403422 -9.626658597507491
4.917258623276409 1.5639690157128594 0.6590568997013431 -9.626652207598225
4.895240790431966 1.566170092673828 0.6634737719582202 -9.626645248971606
4.873179278024296 1.5683372579881032 0.6678473018445955 -9.626637162243332
4.851074548111726 1.5704713966682284 0.6721772406509054 -9.6266273877287
4.828927064387126 1.5725734431839766 0.6764633352057569 -9.626615374468184
4.806737292343893 1.5746433300577993 0.6807053804297051 -9.626601665852288
4.784505698702227 1.5766730435298177 0.6849035174547996 -9.626594959221178
4.762232746207153 1.5786636236496798 0.6890574817627256 -9.626594833010952
4.7399188994926185 1.5806160411687789 0.6931670204645716 -9.626601016584992
4.717564625187577 1.58253134129389 0.6972318876387917 -9.626613237798097
4.695170391945763 1.5844105894486176 0.7012518486019652 -9.626631270636478
4.67273667040182 1.5862548857944256 0.7052266796672778 -9.626654906760695
4.6502639331365705 1.58806537819841 0.7091561687657678 -9.626683927037721
4.627752654572495 1.5898432947794998 0.7130401119870712 -9.626718054139703
4.60520331094056 1.5915894202061536 0.7168783340545386 -9.62675746727823
4.58261638133768 1.5933040081325787 0.7206705956032665 -9.626802995537377
4.559992349779031 1.5949837024458797 0.7244166226511115 -9.6268593126319
4.537331704101588 1.5966254881259776 0.7281159988256076 -9.626930819095378
4.514634934672215 1.5982322250204162 0.7317678862837483 -9.627015909065934
4.491902538216695 1.59980524217495 0.7353712131608218 -9.62711432222049
4.469135021570004 1.60134526830071 0.7389247123449867 -9.627226140585405
4.446332903492428 1.602853016809456 0.7424269702055831 -9.627351213649334
4.4234967150626705 1.6043290622053659 0.7458764147092648 -9.627489103192353
4.400627000596711 1.605773844367627 0.7492713654984275 -9.627639147225002
4.377724318361105 1.6071877507866112 0.7526100943653308 -9.627800485049422
4.35478924093998 1.6085712084363473 0.7558908937851041 -9.627972072644145
4.331822355046782 1.60992851770908 0.7591120279785726 -9.62814891424457
4.308824262849792 1.6112617600152384 0.7622720149566177 -9.628328320979897
4.2857955771800516 1.6125716208395753 0.7653696343347149 -9.628508882399053
4.2627369188626485 1.613858548614291 0.7684039089989652 -9.62868935049536
4.239648915526082 1.6151229079242204 0.7713741316222685 -9.628868647216885
4.216532200063253 1.6163650074913265 0.7742799023558892 -9.629045976987308
4.193387408652301 1.6175852764648297 0.7771211600990904 -9.629220758684232
4.170215178322361 1.6187843169906568 0.779898210952301 -9.629392653600767
4.1470161442175995 1.619962958976625 0.7826117457197271 -9.629561556075268
4.123790936541015 1.6211207486014372 0.7852628830151737 -9.62972912928772
4.100540176570374 1.6222593911467045 0.787853055491157 -9.629895308550289
4.077264475149686 1.6233829964379713 0.7903839169347149 -9.630058179544626
4.053964432751075 1.624494730080638 0.7928570617485906 -9.630217570756008
4.030640642045322 1.6255974136206 0.7952739309341955 -9.630374218405649
4.007293689479448 1.6266935694767726 0.7976357457273336 -9.630529464690989
3.9839241564880705 1.6277854207350617 0.7999434649399403 -9.630684983960784
3.960532620485116 1.6288748577421452 0.8021977633963624 -9.630842536993043
3.93711965570892 1.6299633404684295 0.8043990332393964 -9.631003810519667
3.9136858338231257 1.6310518061384733 0.8065474117105672 -9.631170284720394
3.890231724209002 1.6321407036419346 0.8086428253907101 -9.631343023908524
3.8667578939220886 1.633229946341552 0.8106850558967044 -9.631522619032488
3.8432649072241527 1.634318991748597 0.8126738159541784 -9.631709072296495
3.819753324793299 1.635406864710432 0.8146088327253883 -9.631901814543403
3.796223702565197 1.6364921611291072 0.8164899344058814 -9.632099817180169
3.7726765902530346 1.6375743072676956 0.8183171040201963 -9.632300502183163
3.7491125302472437 1.6386432361420928 0.8200907226093532 -9.632510388996563
3.7255320560239853 1.639690955527743 0.8218126000724593 -9.63273263901619
3.701935670949683 1.640713821358168 0.823486471711866 -9.632964976747592
3.67832382644255 1.641738612431291 0.8251178561065222 -9.63317386145736
3.654696913889526 1.6427910909486243 0.8267146718089845 -9.633326927985173
3.631055253826826 1.6438880323544538 0.8282874845344512 -9.633401987102086
3.6073990644994667 1.6450250841898713 0.8298484598275698 -9.63339918313059
3.583728453582012 1.6461982093564014 0.8314107410075247 -9.633319455765426
3.560043406214113 1.6474503411900334 0.8329871328445296 -9.633117924785795
3.536343801429863 1.6487335954059599 0.8345915071015086 -9.632842807712171
3.512629407990794 1.650000596900326 0.8362351160125989 -9.632545282621367
3.4888998881655278 1.6511965177098638 0.8379259397499134 -9.632287115123502
3.4651548263748184 1.6523344602056422 0.8396663819800569 -9.632065169972734
3.441393778636133 1.6534344867538373 0.841454472358177 -9.631870162730745
3.4176163300965907 1.6544757689949423 0.8432838495528746 -9.631733555427923
3.3938221371939625 1.655468951084272 0.8451412476813707 -9.631654348580788
3.370010986469287 1.6563527547403347 0.8470078225666475 -9.631701586541183
3.3461828524488144 1.6571312801685867 0.8488566002123071 -9.631875682688177
3.3223379768612746 1.657890130276763 0.8506528130894958 -9.632092200226571
3.2984769314087856 1.6586745172536366 0.8523560142759673 -9.632301307522516
3.274600679115537 1.6594409552585467 0.8539241559595286 -9.632535498818852
3.250710562984789 1.6601695427523284 0.85531668632418 -9.63279606773576
3.2268082921718597 1.660753389526277 0.8565020843215729 -9.633169593398053
3.202895827950951 1.661201411365951 0.8574563299642849 -9.633627208518856
3.178975361900714 1.661588422359497 0.8581673099870418 -9.634079577320746
3.155049198552071 1.6618770534608032 0.8586368368294979 -9.634555241551801
3.1311195857755934 1.6621518232900074 0.8588789379663742 -9.634963652107352
3.1071886217317264 1.6624335978014053 0.8589182762785308 -9.635280889804141
3.0832581667325685 1.66272783692452 0.8587869116602566 -9.63550304860495
3.0593297810765576 1.6630419417030886 0.858522467856122 -9.635630858304415
3.035404679061396 1.6639022000027022 0.8581670592816619 -9.635153856814966
3.011483850279141 1.6664017842830345 0.8577678143463864 -9.633005771001844
2.9875682948534092 1.669345615846396 0.8573666396610482 -9.630414080214983
2.963658413545663 1.671648317282658 0.857004948400762 -9.628503690302855
2.9397538840808792 1.6733148198660737 0.8567278509343136 -9.627309958185407
2.915853861843917 1.6747979611612815 0.8565710694818595 -9.626412310950194
2.8919572283741957 1.676378875661381 0.8565583701470016 -9.625541787686497
2.8680627107283345 1.6780944215256393 0.8567005365339181 -9.624656585732163
2.8441689849345315 1.6798587590406064 0.8569987286125789 -9.62382886504302
2.820274729170539 1.681611248506418 0.857447277857631 -9.6231010835617
2.796378664209291 1.683366511825069 0.8580361880013715 -9.62243739424487
2.772479600315305 1.6849160915437884 0.8587528514750531 -9.622022809773666
2.7485763849624636 1.685931846668127 0.8595829165875215 -9.622160720528324
2.7246678495697023 1.6868149335836908 0.8605012964922817 -9.62241877720808
2.7007531322322067 1.6875386640493117 0.8614777557476451 -9.622801780441517
2.6768316334436166 1.6880642366979832 0.8624704126856342 -9.623334025861773
2.6529031193807615 1.6883750127310717 0.8634254826720923 -9.62401931463828
2.628967830012184 1.6885472447876226 0.8642811204196593 -9.624765043875042
2.6050265883289274 1.6887936968956179 0.8649764152989305 -9.625338318403939
2.5810808655614954 1.6888942534741884 0.865460968656967 -9.625938596006886
2.557132612984338 1.688783558979111 0.8656975408639035 -9.62660981755884
2.533184130723411 1.6885001648791775 0.865665250306 -9.627299391563364
2.5092379187937897 1.688101993057236 0.8653576024778218 -9.6279474288105
2.4852965530280544 1.6876471703365985 0.8647795917282106 -9.628504952554602
2.461362588770145 1.6871583390008722 0.8639447333557841 -9.628967265283759
2.4374384771470003 1.686656237367959 0.862867965681251 -9.629339609647465
2.4135265640105987 1.6861274859374753 0.86156293374749 -9.629669977717933
2.389629098689405 1.6854911080377888 0.8600373630319222 -9.630082100859195
2.3657482676968593 1.684875148656076 0.8582944842382384 -9.630496938691415
2.341886303634891 1.6843821281640654 0.8563370234454799 -9.630855947452647
2.318045489147971 1.6841016764934211 0.8541720445413636 -9.63110433402084
2.294228100264948 1.6844841630521374 0.8518237035305359 -9.630815096692617
2.27043635204629 1.6860945895739545 0.8493315583266744 -9.629434076593435
2.2466722968103716 1.688779939177505 0.8467271998873028 -9.62711590564309
2.222937672772389 1.692367046749888 0.8440483042273471 -9.624028294558839
2.1992338263618767 1.6973391568077902 0.8413602209320011 -9.619670712082701
2.1755616628128602 1.7035139228552127 0.8387195165294357 -9.6142067975247
2.1519215258471944 1.7090319047959113 0.8361388421104651 -9.609494756747749
2.1283130256344793 1.712654520431902 0.833657376094564 -9.606773239339699
2.104734900925025 1.7150432590437572 0.8313776266576581 -9.60533801327735
2.0811849899735675 1.716413787797763 0.8293778485999681 -9.604920666066912
2.0576603432494966 1.717018157888274 0.827727000529706 -9.605212983464195
2.0341573627856655 1.7178175050496065 0.8264849175425043 -9.605192035326544
2.010672177150606 1.7190548607172453 0.8256604984509615 -9.604572318277928
1.9872009129485027 1.720825721555481 0.8252348539375913 -9.603229821490288
1.963739928476432 1.7227628217621693 0.8251735152614608 -9.60151118164437
1.9402857926626953 1.7241579758121939 0.8254330013376204 -9.600110828711207
1.9168352237399384 1.7241303813542932 0.825962566501136 -9.599907656231792
1.893385058609873 1.7234283764389853 0.826699218553957 -9.600163368761702
1.8699329933854851 1.7224849093740908 0.8275673869541118 -9.600476140584949
1.8464776573703985 1.7212892909297108 0.8284827745176481 -9.600904527643864
1.823018536104161 1.71977666862778 0.8293559911516424 -9.6015549712595
1.7995560098806425 1.7174811960743017 0.8300838158229954 -9.602920807820162
1.776091274790387 1.7141453555043513 0.8305469501558141 -9.60528285785223
1.7526266237052943 1.7106526533026651 0.8306241666831827 -9.607772899991424
1.7291658519474848 1.7071004833606491 0.8302216048362092 -9.61029629373557
1.7057137035108334 1.7037447942742503 0.8292841557903643 -9.612575460885154
1.682275637877212 1.7006165290065585 0.8277886167956822 -9.61454668915888
1.6588573776106421 1.697518819033168 0.82573521204199 -9.616373875056022
1.6354645426130494 1.6948586753509163 0.8231619657844971 -9.61762711969597
1.612102632773079 1.6927017692227748 0.8201211892274393 -9.618226722048812
1.5887767740346077 1.6906660585862467 0.8166577651265062 -9.618556146374251
1.5654915498294506 1.68850591996482 0.8128190847746685 -9.618881425821606
1.5422509917372613 1.6862850086423893 0.808660407055503 -9.619180429462082
1.519058714527786 1.68577114144153 0.8043160546363286 -9.617756156180308
1.4959178845284617 1.6869371939593305 0.7998466660403588 -9.614693189068879
1.4728310229991224 1.6891084435979258 0.7952845036645076 -9.610712670240858
1.4498000090523255 1.6914667117139286 0.7906645967501723 -9.606654552600801
1.4268261051880593 1.6936342034399112 0.7860578019982472 -9.602898894861625
1.4039098551795395 1.6934113957122594 0.781448269224332 -9.60164058558039
1.3810507926149358 1.6922780838581617 0.7770211700942636 -9.601407125571676
1.358247589019072 1.690007118332885 0.7728749844335964 -9.60242429854929
1.3354978062946 1.6880719276106524 0.7691877844072883 -9.60320696538235
1.3127980651787639 1.6864489105581726 0.7660488017187623 -9.603748213962625
1.2901439010171425 1.6848205692720504 0.7635196558193684 -9.6043259965309
1.2675298206584191 1.683381195681019 0.7616559004861471 -9.60469493229577
1.2449500430972789 1.682358530199204 0.7604743044983587 -9.60456839516276
1.222398820227561 1.6829966457619259 0.7599611967270408 -9.602630923840614
1.1998711787757153 1.6852242689081185 0.7600509961844387 -9.598899434720211
1.177362742908702 1.6887668260599757 0.760662208271994 -9.593606480120135
1.1548697831995793 1.6905487409394475 0.7617072227781612 -9.589824634250446
1.132387533118945 1.6889349349719973 0.7630794285350808 -9.589172027857009
1.1099110365492812 1.68590444003099 0.7646237133166253 -9.58963174627924
1.0874379325147987 1.6819882058620412 0.7661815226908796 -9.590664677024092
1.0649685012329813 1.6765850771320325 0.7675678543015373 -9.592869041027985
1.0425050626205168 1.6709712638957066 0.7685885117566068 -9.594923746470132
1.0200529173667177 1.6656035172525085 0.7690986886604428 -9.596294575257113
0.9976194161687059 1.6602312084544129 0.769017998949053 -9.597132746525936
