7.829972720586744 -0.13114220700102486 1.6604148092996662 -32.98717107280887
7.807804272367558 -0.1294165619341364 1.6628153917093356 -32.986404645009195
7.785663892595224 -0.1294638110604402 1.6658641535973608 -32.987515668631445
7.763561843963228 -0.12640542224412202 1.669236290069294 -32.98553897705447
7.7414993141397845 -0.11988196962762135 1.6726547202104072 -32.98007776607837
7.719476217992695 -0.11879275045458974 1.6762025933569156 -32.98005569748213
7.697491885942659 -0.11752928639040025 1.6793607312123022 -32.97976558821212
7.675538279975082 -0.11752356845685943 1.6819493330566713 -32.98061309566276
7.653606339492045 -0.1174332789986685 1.6837303635919334 -32.98121569418668
7.631685363173434 -0.11689458827963313 1.68461022274005 -32.98118296065163
7.609764816619446 -0.11593760657927206 1.6845611490359715 -32.98052570637526
7.587833937486809 -0.11483146348871981 1.6835865211030434 -32.979499165602526
7.565881319937721 -0.11392141348475271 1.6817206828693096 -32.97844145905808
7.543894969475744 -0.11344803568821694 1.679026978320533 -32.97759375869168
7.521862865651859 -0.11345313303467412 1.6755989607671957 -32.97700909131166
7.4997738359956365 -0.11380477749570167 1.6715623426203605 -32.97657699944596
7.477617729410263 -0.11471873301356579 1.6670678998183424 -32.976533793621726
7.45538488676121 -0.11592239847693186 1.6623249567385778 -32.976633588752115
7.433065831378602 -0.11689286427465966 1.6575954147901022 -32.97638350320131
7.410651587819688 -0.11715249078213458 1.6531298489622588 -32.97533734890002
7.3881342778654915 -0.11726457869456633 1.6491096345217313 -32.974075748206744
7.365506798480055 -0.12027251843578522 1.645628981474263 -32.975615393704565
7.342760434873244 -0.12323953351688165 1.6429536301014787 -32.97709768040885
7.319891743157913 -0.12519672764239345 1.641188272859829 -32.97759839544553
7.296899911967929 -0.1266948396530081 1.640345266521204 -32.977681633701174
7.273785496556653 -0.12900563925884884 1.6403887684012781 -32.9786152833609
7.250549073246602 -0.132014471012537 1.641252789629658 -32.98029911214865
7.227192828606122 -0.13350998387411797 1.6427859674835794 -32.98056445112867
7.203722138009992 -0.13386065415285572 1.6448147295733855 -32.97977839617376
7.180143666532497 -0.134847715030779 1.6471560026836942 -32.979699861684246
7.156464817773601 -0.13636757737179098 1.6496162737106062 -32.980233533614715
7.132692880321844 -0.13819973617513504 1.6520185538364456 -32.98116246502276
7.108833267364615 -0.13968761509722463 1.6541865736949959 -32.9818376510919
7.08488998360789 -0.14114625656133017 1.6560096485763298 -32.98256704481715
7.060866359771745 -0.14261011655647282 1.6574146596958679 -32.983378738280365
7.0367657429166615 -0.14385558420180863 1.6583617795952403 -32.98404296285773
7.012591588200477 -0.14445374926188265 1.658843299326504 -32.98412377084739
6.988347472250123 -0.14485385124732272 1.6588844225503705 -32.98405229694764
6.964036303422268 -0.14592136200398192 1.6584993105565782 -32.98466922075854
6.939659488925271 -0.14721938894932543 1.6577071233310108 -32.985523103816966
6.9152155343849 -0.14872136288914015 1.6565661020529887 -32.98657002813418
6.890701403256173 -0.14967808359655826 1.6551325064337168 -32.98705242208687
6.866113211687954 -0.1501424564313372 1.6534623868034837 -32.987015099879
6.84144698230174 -0.1504667468541592 1.6515985575811407 -32.98680402159606
6.816698911903123 -0.15067478068083043 1.649586951193346 -32.986441999794806
6.791865094051935 -0.1507802495797958 1.6474733864422304 -32.985943362283166
6.766941596807704 -0.15082598416181925 1.6453004990949238 -32.98535285825987
6.74192454212718 -0.1507480493832468 1.643108934359267 -32.98461127202553
6.716810291647009 -0.15065769397354586 1.6409318454160247 -32.98383409108197
6.691595410390332 -0.15103939420563126 1.6387829506353544 -32.98350739457326
6.6662762256725285 -0.15212692977719608 1.6366692478897695 -32.98387109927681
6.640849278214385 -0.153396230281198 1.6345977423916054 -32.984418104588514
6.615312866135817 -0.15412024138346908 1.6325667919037932 -32.9844421005647
6.589667081490528 -0.1549404033107947 1.6305381133772485 -32.984587529555746
6.5639127865372595 -0.1560219513802953 1.6284750999946496 -32.985025976135006
6.538051268929469 -0.15727335394938916 1.6263615996020209 -32.985672238580925
6.512084142194649 -0.15865115419252468 1.6241918700752191 -32.98648577652113
6.486013121281227 -0.16016092645776667 1.6219681411577638 -32.98747264696256
6.459839871393553 -0.161753681342011 1.6196999468775193 -32.9885838715791
6.433566068863102 -0.16337666634038314 1.6173986280097319 -32.98976623124997
6.407193401311845 -0.16498408022132574 1.6150750263506475 -32.99097298277271
6.380723568286365 -0.16653650732734493 1.6127375116627962 -32.99216343674636
6.354158259849138 -0.16799930314211622 1.6103912292507432 -32.993301431554684
6.327499124479539 -0.1693438615181118 1.6080381116712703 -32.99435662806052
6.300747738710802 -0.1705000819693105 1.6056781893058463 -32.99525740354532
6.273905629033063 -0.1715401020275087 1.6033061569546898 -32.99607317302598
6.246974171713845 -0.17249971844814532 1.600918268312797 -32.99683730580999
6.219954611668745 -0.1733958472244223 1.598511513025173 -32.99756476252468
6.19284806889184 -0.17424060877188044 1.5960835289383575 -32.99826606407278
6.165655547942439 -0.17504296482332757 1.5936328468887448 -32.99894884766949
6.138377950689322 -0.17580937978458105 1.59115906286878 -32.99961847132298
6.111016090517198 -0.17654431259794062 1.5886628944333867 -33.000278461959525
6.083570706581821 -0.1772505791401129 1.5861461360881155 -33.00093084396591
6.056042477621676 -0.17792961491459244 1.58361153899544 -33.00157637541535
6.028432034872351 -0.1785818303343132 1.5810626314446194 -33.0022148816568
6.000739973861679 -0.17920683944795163 1.5785035136433059 -33.00284546685935
5.972966864998846 -0.1798037254596838 1.57593864517035 -33.003466765195824
5.9451132628195005 -0.18037122890884336 1.573372638148186 -33.00407711739498
5.917179713880304 -0.18090805029304424 1.570810066926765 -33.004674862741936
5.889166763308098 -0.18141284684764397 1.5682553117268643 -33.00525832871746
5.861074960031199 -0.181886265503307 1.565712381066646 -33.005827846758535
5.832904859213674 -0.1823307686982757 1.5631848202705159 -33.00638557404969
5.804657025054974 -0.18274801826266682 1.5606760896329255 -33.006932895351206
5.776332033145249 -0.183138027843734 1.5581896863638685 -33.00746957651833
5.747930472317652 -0.1835000516302969 1.5557289273650077 -33.00799463861818
5.719452946610217 -0.18383296513266587 1.5532967892465541 -33.00850672999736
5.690900076863799 -0.18413559770220053 1.5508957891167707 -33.00900445251775
5.662272501674688 -0.18440699817087236 1.5485279037068718 -33.00948662303554
5.633570877484129 -0.1846465290347005 1.5461945296042348 -33.00995236541762
5.604795877996505 -0.18485389426174673 1.5438964756792002 -33.01040113749637
5.575948192925111 -0.1850292250310737 1.5416339851288898 -33.010832816261505
5.547028526314469 -0.1851730320987797 1.5394067835186849 -33.01124765102378
5.518037594441136 -0.1852862159724427 1.537214144942325 -33.01164627434304
5.488976123550195 -0.18536998177019082 1.5350549740704993 -33.01202961832457
5.4598448474763535 -0.18542635583232964 1.5329278842596232 -33.01239943074472
5.43064450486341 -0.18545680265773998 1.5308313158589766 -33.012756897914294
5.401375836250034 -0.18546240916054516 1.5287636197982268 -33.013102827005966
5.372039582445032 -0.18544006760129686 1.5267232176647703 -33.01343384173651
5.3426364872204495 -0.18538290447076644 1.5247086700718715 -33.013742812399904
5.313167270551995 -0.18529163956203937 1.522718314032414 -33.01403015000605
5.2836326456658895 -0.18516899079531576 1.520750695844515 -33.01429825401038
5.254033325092433 -0.18501746779845413 1.5188047183855702 -33.01454931934699
5.2243700219261 -0.18483889198780257 1.5168796478849573 -33.014784857679146
5.194643449919773 -0.1846345103453368 1.5149750700664115 -33.015005809697016
5.164854323365236 -0.1844050521842572 1.51309083303878 -33.015212601179904
5.135003357231077 -0.18415019394423637 1.5112269977204624 -33.015404609234636
5.105091267800958 -0.18386695535071715 1.5093838092621172 -33.015578562609846
5.075118777753412 -0.18355375195499565 1.507561140149275 -33.015732577364155
5.045086612912332 -0.18321086371561232 1.505758489254789 -33.01586663255106
5.014995500311096 -0.18283987194170137 1.5039750758523136 -33.015982015692195
4.984846166658298 -0.18244320195917454 1.5022099527509074 -33.01608087056132
4.954639336686361 -0.182023628919797 1.5004621192566325 -33.01616570530365
4.924375731686771 -0.18158391781737532 1.4987306215742784 -33.01623903258001
4.894056068265334 -0.18112653047952879 1.4970146376486986 -33.016303075191544
4.863681057342272 -0.18065357120422418 1.4953135331007448 -33.016359709355406
4.833251403628208 -0.1801666362755171 1.493626898816034 -33.01641031212437
4.802767805420396 -0.17966682534063297 1.491954565363217 -33.016455770566665
4.77223095473941 -0.17915480942977713 1.4902965993915969 -33.01649654793284
4.741641537881987 -0.17863094578609462 1.4886532811266613 -33.01653279723584
4.711000236079549 -0.17809523972631341 1.4870250776079346 -33.016564322578134
4.680307726333857 -0.17754753511072904 1.4854126024846737 -33.01659076904752
4.649564682345832 -0.17698756133050883 1.483816575812661 -33.01661166990492
4.618771775487815 -0.17642938206793518 1.4822375531091496 -33.016640876988
4.587929666584859 -0.17587327757596893 1.480676313706794 -33.01667848057239
4.5570390151823625 -0.17531846748852892 1.4791336484157194 -33.016723515233814
4.526100481489985 -0.17476432989085808 1.4776103124312796 -33.016775178617976
4.495114727212587 -0.1742104574647399 1.4761069972317529 -33.016832888307164
4.464082416117328 -0.17365652318321487 1.4746243146417304 -33.01689614809199
4.4330042144783794 -0.1731023466658533 1.4731627867553467 -33.016964614573666
4.401880791359302 -0.17254782712398042 1.471722845271283 -33.0170380302681
4.370712818751593 -0.1719889378488172 1.47030489263394 -33.01711222183855
4.339500973884071 -0.17143258520651664 1.4689090986535145 -33.01719394423767
4.308245946013877 -0.17087796096616253 1.4675358646259147 -33.01728229116245
4.276948431577915 -0.17032543957243254 1.4661857635772102 -33.01737755201512
4.245609138732729 -0.16977568420100783 1.464859526169535 -33.01748031980055
4.214228788137408 -0.1692292088667739 1.463557985281888 -33.01759104780963
4.18280811255932 -0.16868636189982045 1.4622820138908896 -33.01771002655482
4.151347855988509 -0.16814694688431703 1.4610324786744253 -33.01783699951404
4.119848772721185 -0.16760457878548604 1.459810268418931 -33.017965518961
4.0883116289927885 -0.16705764407091958 1.4586161506685535 -33.018093894166334
4.056737191767074 -0.16650552121248308 1.4574511903055984 -33.018221400873635
4.025126230282269 -0.16594876473635883 1.4563166329087247 -33.01834847137324
3.9934795167050696 -0.1653870595461866 1.455213775974523 -33.018474654028324
3.961797827706727 -0.16482670278353867 1.454143696457453 -33.01860609395831
3.930081940139424 -0.1642696454508862 1.4531073087514805 -33.0187445826843
3.8983326251733827 -0.1637109698358327 1.4521055066452828 -33.01888502214722
3.8665506558264364 -0.16314742939720162 1.451139209878691 -33.01902396822362
3.8347368162780238 -0.16258304060661685 1.450209387845307 -33.01916524046306
3.8028919046158647 -0.16201925780668583 1.4493173602865117 -33.019310115267565
3.771016719632253 -0.16145642241111166 1.448464439178581 -33.019458744600314
3.7391120531439994 -0.16088953877034462 1.4476517069856516 -33.01960592374341
3.70717868705888 -0.16031447664972512 1.4468797521472099 -33.01974729005917
3.675217395422751 -0.15973243758131456 1.4461482174100155 -33.019883808614374
3.6432289443738655 -0.15914373438463816 1.4454554706545644 -33.02001557342449
3.6112140908410844 -0.15854864442187477 1.444798608282906 -33.02014266399875
3.5791735852402558 -0.15794768186451275 1.4441736511235679 -33.02026542890916
3.5471081762941186 -0.15734068449501667 1.4435758969518213 -33.020383585160516
3.515018616887439 -0.15672281251201822 1.4430003908238125 -33.020492226578384
3.482905669696178 -0.1560920276672762 1.4424421781951302 -33.020589302125565
3.4507701301983538 -0.15544234683566116 1.4418972371602297 -33.0206689021301
3.4186128464670564 -0.15478513822113343 1.4413631538078555 -33.02074255009304
3.3864347359925535 -0.15413220265395464 1.4408402438816308 -33.02082231346209
3.3542367645113425 -0.15349857945325981 1.4403313925170287 -33.02092351275535
3.3220199179773013 -0.1528932763505598 1.4398414779538369 -33.02105536126349
3.28978518844972 -0.15229234987008552 1.4393768770940953 -33.02119400465532
3.257533575636711 -0.1516949398300454 1.4389444756461198 -33.021338520973465
3.2252660940945654 -0.1510950262436171 1.4385518238200958 -33.02148277889916
3.1929837328212365 -0.15049209938204994 1.4382057277514289 -33.02162604179198
3.160687414958645 -0.14988288305404177 1.4379109026348094 -33.02176467145338
3.1283779607220095 -0.14925469809987185 1.4376686257564208 -33.02188547747666
3.0960560650986086 -0.1485900030445007 1.437475738435569 -33.02197028554443
3.0637223040207546 -0.14787521160637082 1.4373247680435817 -33.022004878676036
3.0313771370287843 -0.14708146788488569 1.4372042195050956 -33.021959913095664
2.999020901921758 -0.14624048470403228 1.4370985533933387 -33.0218668493739
2.96665370145312 -0.1453973978364952 1.4369910271850908 -33.02177058673223
2.934275344372235 -0.14460815449418735 1.4368643571709825 -33.0217266715047
2.901885334930286 -0.14384782316735195 1.43670096541564 -33.021709575584005
2.8694829829587936 -0.1430842891429512 1.4364833855347727 -33.02168666667276
2.837067539331175 -0.1423234247618806 1.4361976240438254 -33.02166364141225
2.8046383052669333 -0.14152974980117797 1.435836639394315 -33.021605398084134
2.772194733237813 -0.14067944355099898 1.4354016430761787 -33.021488968263576
2.739736530079768 -0.13981368274173325 1.4349043941555322 -33.021356893788315
2.7072637130559296 -0.13910053297085992 1.434367513901224 -33.0213790581378
2.674776667414311 -0.13864344587618666 1.4338214627355133 -33.0216615120879
2.642275988622178 -0.13829578710992013 1.4333068764835049 -33.02205956333686
2.609762568545344 -0.1378630997909783 1.43286692673077 -33.02237914122486
2.577237789968892 -0.13742165128000772 1.4325496891190737 -33.0226959709768
2.544703683880814 -0.1370761731801945 1.4324049709835376 -33.02311502057273
2.5121627755831457 -0.13680834266889386 1.4324768326994377 -33.02361873533596
2.4796177707463527 -0.13654802802812005 1.4327931969040826 -33.02413712412727
2.447071263039238 -0.13622079132285508 1.4333650347472153 -33.0245946998933
2.414525582208185 -0.1356866534879562 1.434187348608507 -33.024849322821254
2.3819827914307865 -0.1350144854309823 1.4352428960504948 -33.024967066803775
2.349444692329946 -0.13422066611867653 1.43650013029442 -33.024961654690486
2.316912782904136 -0.13261179146515895 1.4379057273416265 -33.02413693772533
2.2843883726494605 -0.13008422045460127 1.4394056910501623 -33.02238665482441
2.2518726958501514 -0.12713996869211702 1.440955233526942 -33.020211991243755
2.219366768684865 -0.12431601540890906 1.4425091050309065 -33.01815026826445
2.186871316227498 -0.1225998590642398 1.4440251770507369 -33.01718981203815
2.154386744975419 -0.12146582838264525 1.4454379862109683 -33.01680564453418
2.1219132090190733 -0.12037071496816036 1.4466972489850687 -33.01645374727164
2.089450675275927 -0.11909356779020211 1.4477851768124752 -33.0159111996858
2.056999137882862 -0.11743088823633342 1.4487064268562782 -33.0149731773441
2.024558704691066 -0.11551649181111383 1.4494815776594798 -33.01377329377513
1.9921295761110036 -0.11321870688815874 1.450134024884824 -33.01218076813619
1.9597120665485204 -0.1107530850391772 1.45069061630366 -33.01041293531856
1.9273065455390905 -0.10823807839701158 1.4511804162191044 -33.008590923267946
1.894913405772876 -0.10571028833134322 1.4516342082777711 -33.006754476971544
1.8625330026969846 -0.10374686931856579 1.4520848321370556 -33.00548376335125
1.8301655245588335 -0.1020533517364873 1.4525630215368712 -33.00448642745993
1.7978109846035144 -0.10052447491534708 1.4531012224570747 -33.003656952059124
1.765469228304461 -0.09912215569114739 1.4537325357034636 -33.00295529923444
1.7331400103149193 -0.09789861870970387 1.4544863425464916 -33.002431681457736
1.7008230241991857 -0.09691765531036865 1.4553843976625362 -33.00214805540124
1.6685179561681107 -0.096161371733174 1.456440898995915 -33.00208473565471
1.6362245369276032 -0.09557418296922675 1.4576639882625555 -33.00218406891344
1.6039425944425256 -0.09504294172276392 1.4590567497896092 -33.00233045335522
1.571672105572791 -0.09449817926917214 1.4606193174253546 -33.002451614478204
1.5394132218410679 -0.09392485402752648 1.4623498739804484 -33.002529467643434
1.5071662785073143 -0.09332859849693267 1.4642448539932056 -33.0025664595506
1.474931828942435 -0.09272779969125206 1.4662972710030355 -33.00257854626105
1.4427106422962275 -0.09216736448600944 1.46849633350408 -33.00260917035354
1.4105037181104798 -0.09169781171524603 1.4708274806084056 -33.00270821931713
1.378312324628658 -0.09135447027365518 1.4732723598491682 -33.0029110615431
1.3461380833856356 -0.09119126456208371 1.475810570162184 -33.00327219534034
1.3139830515065192 -0.0911907733235252 1.4784192229268598 -33.003775297942106
1.2818498142696795 -0.09109810392782905 1.4810764460740617 -33.00416648873764
1.2497414758410386 -0.09079671879393508 1.4837789340617382 -33.00432914871944
1.2176615463782843 -0.09038922414941525 1.4865451479842087 -33.00436563240771
1.1856137596567506 -0.08994844250582194 1.4893996705019974 -33.004349068777564
1.1536018505242345 -0.08952604937514393 1.4923633180153237 -33.004330530637404
1.1216293910361033 -0.08908221710304325 1.4954448308851958 -33.00426789694791
1.0896996837244302 -0.08774639096432764 1.4986212819581994 -33.00328515235863
1.0578156706929898 -0.08471555157448156 1.5018660947875973 -33.000572853927
1.0259798784710346 -0.08033881937132621 1.5051827282785546 -32.99647779190001
