7.875598844010989 -0.09178188001730789 1.4705290238692275 -27.050971959924837
7.804591558614757 -0.09446858004202034 1.4696069040167166 -27.052293687465074
7.733571929802032 -0.09618849505706388 1.4692238143407745 -27.052488372764053
7.662588497212715 -0.10106954870863237 1.4695045402988052 -27.05568648872611
7.591673901419774 -0.10341825878333007 1.4703369580072323 -27.056265436395982
7.520838872626351 -0.10425960241412037 1.471618017580517 -27.05530697458598
7.450087105559014 -0.1072678519136663 1.473199507549645 -27.056505106714887
7.379411582884675 -0.10954593457607001 1.4747910437040321 -27.057038984567228
7.308791191125759 -0.11035789821093842 1.4761484557080093 -27.056238086229037
7.238203929163909 -0.11058506826456366 1.4771472140125141 -27.055039230528017
7.167630388682713 -0.11153057723441188 1.4776975637926468 -27.05479953396874
7.09704868728216 -0.11392975994571553 1.4776798405930847 -27.05630805656903
7.02643574830442 -0.11781168121869005 1.4769578943873845 -27.059633349562986
6.955764830512157 -0.12231671280504887 1.4754513300582939 -27.063947253429333
6.8850043729702355 -0.12704245933937372 1.4731483324913601 -27.06887894556659
6.814121302197494 -0.13167955853921084 1.4700835794761646 -27.074151198163335
6.74308236165203 -0.1368769119866602 1.466301728943846 -27.080465947369618
6.671853426752274 -0.14226102538493463 1.4618672480916262 -27.08748242558385
6.600401534538583 -0.14664498901534057 1.4568877489145793 -27.09401265874429
6.528698263934746 -0.14987484405014517 1.451463370632363 -27.099920640960505
6.456720172941055 -0.15128196752105996 1.4457263226610755 -27.104523933203616
6.384449294039424 -0.15075197238062238 1.4398126851429924 -27.10770071828619
6.311872411940457 -0.1485352428579818 1.433865157264951 -27.109699142020105
6.238979849328926 -0.1434806416784235 1.4281039208634314 -27.109257446567597
6.165773542149216 -0.13299095087008175 1.4228237489669882 -27.103520398456745
6.092275265232499 -0.12479022748426369 1.4179400565311016 -27.100628766388937
6.018488219694329 -0.11732960996935274 1.4137719171291485 -27.098817532324162
5.944395384342172 -0.11057972199192215 1.410559680918499 -27.097901859983644
5.869957379985175 -0.10263329067301707 1.4083828603118616 -27.09567872829701
5.795145483722037 -0.08794433118326106 1.4071128595019793 -27.086109673868762
5.71997457988571 -0.06907868712223163 1.4065823496371408 -27.07191084193564
5.644457207444985 -0.05257841478582277 1.4068360741893509 -27.06004278791788
5.568592164860634 -0.03992261276652084 1.407949082076001 -27.05203578408895
5.49238623297112 -0.0327685370983902 1.4100598802481674 -27.049592417342673
5.415852894468241 -0.03161750171826693 1.4132717515848043 -27.053181821349973
5.339013039721111 -0.034659603941692804 1.4175071929643002 -27.06084846381055
5.261896662078028 -0.04214684492500263 1.4226754251619678 -27.072823527902713
5.1845396094652845 -0.03798424074178447 1.427448444107339 -27.07232963413344
5.10701538409705 -0.03221758682200827 1.4321360891368224 -27.069928003029496
5.02936244137089 -0.027917461797637703 1.4366421890325376 -27.068857122635393
4.951596072603294 -0.023454774803471422 1.440592151458247 -27.06747306749633
4.873723140259071 -0.018269860633420985 1.4437573982748155 -27.065239807062454
4.795747236088208 -0.013850004231588518 1.446089128174819 -27.06373886600874
4.7176731149473214 -0.010646177542460908 1.4474750854132927 -27.06347466256382
4.639502174995078 -0.007826715639627833 1.4477511361631168 -27.063620584497627
4.561231355406593 -0.0052667638590959244 1.4468340645124516 -27.064073695149453
4.482855697648438 -0.0028626314740029636 1.4447027816009994 -27.06474656053271
4.404369232197117 -0.0005777605155360093 1.4414017754388742 -27.06561694376237
4.325765654830245 0.002118464109385678 1.4370517960373643 -27.06615047934126
4.247039987201153 0.005743081212186861 1.4318424964856893 -27.065828258955193
4.16819076093212 0.009822890591419869 1.4259803047541935 -27.065160986245985
4.089220562238026 0.015440080839034627 1.4197591827430414 -27.06305228303865
4.010131210307683 0.022232007166287513 1.4134190634344321 -27.059888439678907
3.9309255295094387 0.029226420785846623 1.4071581185812916 -27.05668717443048
3.8516043247344336 0.035810665473590096 1.4011642447114612 -27.054090642750957
3.772161143908713 0.04228320132986643 1.3956287715344164 -27.051781607803754
3.6925843261232507 0.0484820899756198 1.3906721058203415 -27.049910389634547
3.6128618467190106 0.05416793595263963 1.3863609786025115 -27.048700497648596
3.5329813924519518 0.060038446928284396 1.3827162045252621 -27.04738796600649
3.45292805780605 0.0658215349960374 1.3797261955628943 -27.046215600738023
3.372689963130115 0.07168008457765544 1.3773699687727314 -27.044968938259508
3.292261032234545 0.07876546580968521 1.3755840162171094 -27.04240043419655
3.2116428245826265 0.08679169664519015 1.3742952639495072 -27.03877131988235
3.1308456265152924 0.09390400241239727 1.373463387456982 -27.035978778645436
3.0498845631739986 0.0983725762915469 1.373049684224374 -27.035780067750622
2.968775071485419 0.1001621768164821 1.3729180186398908 -27.038163736773832
2.887532128574388 0.10304534253831307 1.372766225388037 -27.03919204827441
2.806174629766954 0.1052741698796493 1.3724271045762535 -27.04066613324114
2.7247119595808713 0.10697706969815603 1.3717047823612782 -27.04243016635185
2.6431513725404088 0.10872394020722295 1.3704375065046834 -27.04387375511024
2.5615006584518416 0.11065868235742583 1.3685208353295952 -27.044829240510417
2.479769302063937 0.11261171246862337 1.3658992689254765 -27.045457099812836
2.3979686987784152 0.11493059049415019 1.3625618185460135 -27.045398123293012
2.316111758939949 0.11702938047429118 1.358529775041966 -27.045250295685797
2.2342121221160034 0.11860889116364251 1.3538440845273416 -27.045322379796687
2.15228406664744 0.119845842596993 1.3485757931000755 -27.045447441653657
2.0703416181457053 0.12024928643532422 1.3427985724814364 -27.046136543694665
1.9883981928019794 0.12019467276144323 1.3365919280253502 -27.04703697861663
1.9064657938272602 0.11985003844095347 1.3300145514868682 -27.048012689141558
1.8245541426901823 0.11989359219719971 1.323135051736919 -27.048423486109954
1.7426709433289471 0.11993497210928479 1.3159760635493665 -27.04870142246486
1.660823972245921 0.12271197441621734 1.3086340901972853 -27.046184345293767
1.5790184719295042 0.1267475272580078 1.3010478057809172 -27.042414240470904
1.4972584179565147 0.1294360575966697 1.2931059421858393 -27.040041617784297
1.415546121819197 0.1313194608819457 1.284780063141722 -27.038575721967725
1.3338820642666183 0.13261998991281954 1.2760132038127445 -27.03783409348967
1.2522653558119496 0.13361053941076304 1.2667497040360927 -27.03757451257721
1.1706964703659242 0.13451034663735909 1.2569129477100178 -27.037608459683142
1.0891773891001908 0.13558338215257476 1.2463970620327949 -27.037701879134666
1.0077120695980832 0.1370922409622768 1.2350491972723185 -27.037619435473424
