7.866949655040949 -1.344809298581957 2.2703436593500865 -6.820805452857972
7.780875410333835 -1.336882733528051 2.269293482833534 -6.820714390650873
7.694760005651001 -1.3287424034123831 2.265379538476615 -6.82078282060192
7.608599345722871 -1.3196207578157881 2.25887368138468 -6.819829985674292
7.522380458462599 -1.308572031906618 2.2502560028428067 -6.816545809497844
7.436091111074609 -1.2949475663505243 2.2402424715331235 -6.810060476308769
7.349728141837221 -1.279867389768024 2.2294821894855894 -6.801502404613671
7.263291250644063 -1.2709198985845285 2.2177438944047765 -6.798754599445902
7.176777778565745 -1.2596114099745208 2.206877802468815 -6.792983809613825
7.090177659314447 -1.2574905167642976 2.1964672922319144 -6.796088525638056
7.00346821231014 -1.254103337855771 2.1884536611527072 -6.79729395161634
6.916656550875747 -1.2523392733087664 2.183172950943706 -6.799525245501266
6.829761933657549 -1.2530734401096182 2.1810942725869107 -6.803656766193721
6.742820601322404 -1.2550621227791567 2.182384579770868 -6.808361770250493
6.655866866464027 -1.2584315902923988 2.1871112817244716 -6.813780932213923
6.5689338480826995 -1.262502806548316 2.1952582038848005 -6.819323248723313
6.482047864524278 -1.2668549567941128 2.2067545673861213 -6.824720404689543
6.395233366615311 -1.273178994912694 2.2217872746845577 -6.831854550991907
6.3085217507943625 -1.2823522499946418 2.240571318224642 -6.8418876710054795
6.221950411672676 -1.2933361513361088 2.2630481709408827 -6.8541808570035
6.135564709050345 -1.3038281478333713 2.2888278027021576 -6.866988113067155
6.049411067323104 -1.3016948338827932 2.3147765119308414 -6.868725795921766
5.9635061483615175 -1.3012872975249885 2.344617067485386 -6.874523332972628
5.8779060569862285 -1.3014093784010419 2.3784528365455184 -6.884239728258904
5.792664590299087 -1.2976222129877784 2.4151746403308203 -6.8943717015976445
5.707822569761594 -1.2918380545034043 2.455900176510514 -6.908611898445982
5.623430996941298 -1.27458475384767 2.4963935690789096 -6.9170878049697
5.539482330506796 -1.2384107106897044 2.531405731823889 -6.909311952834483
5.4559089993381775 -1.1837106698696065 2.5585866602010476 -6.882296833633845
5.372608723570817 -1.1272889324952988 2.586713570501155 -6.859767112494281
5.289591785735202 -1.0638949660552501 2.6114345429414305 -6.8323843833587485
5.206816722802226 -1.0001675914335988 2.6360572336163712 -6.811572391097116
5.1243199908366535 -0.935151538378466 2.659084470779374 -6.796436638269703
5.0421456717896405 -0.8682660749968931 2.678864583147823 -6.785668482783994
4.960318637068502 -0.798934191422637 2.694129034035239 -6.776159211052972
4.878818513525612 -0.728639862713792 2.704881015659167 -6.7673618393036445
4.797618314647464 -0.6594815135692806 2.7114834223499744 -6.759303546173092
4.716691108038617 -0.5937945066917469 2.7145072830283414 -6.7524843175253615
4.636016673677752 -0.5340665483611527 2.7144798791571816 -6.748448302585859
4.555576338376554 -0.490054722856166 2.711618439987422 -6.763024442721446
4.475377727572552 -0.4563821473843578 2.7062996036344797 -6.780554762886013
4.3953862287721845 -0.4311397528241383 2.699502897204802 -6.796784670872143
4.3155567808733 -0.4130624486192671 2.692003897325686 -6.810510820823355
4.235842243201611 -0.39719564618129455 2.6845561817295938 -6.816622302848142
4.156192850060285 -0.38950474435718435 2.677018697181055 -6.823775489811681
4.076567727734238 -0.3884218398491545 2.6695676285358507 -6.830869676351556
3.9969298976339935 -0.3835753681016345 2.662678252583487 -6.828409670750802
3.917249433490166 -0.38096714957439637 2.6559600072880634 -6.824330780747316
3.837509389549688 -0.37298181607640357 2.6497216583452468 -6.813194468893043
3.7577003228090344 -0.37222338150049206 2.6433630918137703 -6.807989543232588
3.677812501097452 -0.3747153994862868 2.6370195573278044 -6.805707860939626
3.5978380945109905 -0.3744267796239664 2.630914732370966 -6.801402585519445
3.5177830923752795 -0.36967383206146304 2.6251202101482107 -6.794196563034959
3.437660815060544 -0.37140767759071797 2.6193394228695674 -6.795421364505193
3.3574874402792214 -0.3707350454710457 2.6140182711660302 -6.797171145051006
3.2772778379813166 -0.36641838425562084 2.609355685404679 -6.798590797160853
3.1970483400582705 -0.3604031868126589 2.605510223903042 -6.80197282327831
3.116819977489165 -0.3513771279313965 2.602712839864832 -6.806120363573916
3.0366204166828155 -0.34083127135131774 2.601094778427341 -6.812977075596582
2.9564826306177956 -0.3270192846644682 2.600687028046782 -6.820785583893989
2.876439594201412 -0.306217278143032 2.601270139798084 -6.824900363952579
2.796518018779386 -0.2798568489374866 2.602619512809155 -6.826915505892093
2.716743210165817 -0.25039256622802847 2.6045310057898376 -6.829944416984621
2.637142356356418 -0.21458744948575606 2.6064383618289404 -6.828506289002883
2.557729604118249 -0.1760931437765386 2.608207188869451 -6.8268865808931505
2.4785241079633877 -0.1328558481997052 2.6093119959148514 -6.82006542774258
2.3995251464567255 -0.09240292235519447 2.6098431196319565 -6.818607424046634
2.320747602455897 -0.050273750970076046 2.609245804642468 -6.813012070375262
2.2421738817109778 -0.009599528553856217 2.607500137233623 -6.806549016112857
2.1637912171339306 0.02734871791302634 2.604492963173359 -6.801048246366448
2.085587298191427 0.05944741612916766 2.6002253895584664 -6.7965808449454395
2.0075449399065532 0.08479443826145068 2.594844460702909 -6.794473705570379
1.9296415383453653 0.10352984560299108 2.588529397697144 -6.794059286001648
1.8518504264157503 0.11600184920944785 2.5815189876539604 -6.794874343984083
1.7741419445702304 0.12333154301096896 2.57410606715367 -6.795802872496228
1.696485270499427 0.12553830022722134 2.5664937498399016 -6.7971176086294385
1.6188504471407508 0.12299427645558485 2.5588533240746147 -6.798736445695276
1.541209730722055 0.11623354596271888 2.551296603956218 -6.800494605704004
1.4635383921951353 0.1060706241013995 2.543884344382644 -6.802051801736843
1.3858146346607474 0.09550202484714611 2.536697748985436 -6.801254013582758
1.308021479667565 0.0825587628961526 2.529619973285202 -6.8006400455250615
1.2301456128396127 0.06849182230830374 2.5226345824697476 -6.799808681692932
1.152177547378634 0.055176232925158976 2.5157798811342937 -6.79769864398338
1.0741118272864312 0.04122205314031867 2.509078935510317 -6.7960258067527795
0.9959465970564961 0.02770017646544202 2.502660284376283 -6.794396241869675
