7.749682477712011 -1.4271541227414073 0.9272335327253202 -31.580884820944753
7.712131294447745 -1.426149367523643 0.9250849079722795 -31.580121183812075
7.674555889427538 -1.423139227802546 0.9225765209019713 -31.57751719498509
7.636953687352334 -1.421581926345726 0.9197460997879017 -31.576538671109674
7.599323638358444 -1.420590981818274 0.9167721857723115 -31.57631730590886
7.561665451747759 -1.4202051636410091 0.9138629097717615 -31.57687248863747
7.523979022434914 -1.4197814573683536 0.9112781169903444 -31.57753526203335
7.48626449220967 -1.4180195163374187 0.909315240479706 -31.57696551564731
7.448522863546206 -1.4153958705155718 0.9081723611381463 -31.575603134412717
7.41075781656537 -1.4137251761157572 0.9079886002325315 -31.57525501917292
7.372975909246722 -1.4125986527831165 0.9089067815707613 -31.575509960005675
7.335185859577832 -1.411669265120644 0.9110223765122214 -31.576011288241475
7.297398011647803 -1.4106310640620339 0.914378008198374 -31.576431302778794
7.259623726961969 -1.4094888014241813 0.9189754310205535 -31.576737242200146
7.221874930030968 -1.4082210899753225 0.9247841125955093 -31.576849261707885
7.184163928338915 -1.4068117414811572 0.9317522231940338 -31.576684200670897
7.1465031326303485 -1.4062461217146092 0.9398888019079573 -31.577160856145603
7.108905380180287 -1.4063336584742185 0.9491077098923093 -31.578019231397164
7.0713818526778685 -1.406479308623597 0.9592566540521211 -31.578602378205005
7.033942356466856 -1.4064694419132104 0.9701880100687829 -31.57865351205507
6.996595825924088 -1.4064945550412347 0.9817713959556165 -31.578324314064908
6.9593499711290505 -1.4057299834095736 0.9937429996263171 -31.576767608682218
6.9222111169209555 -1.4044667519177019 1.0059635008870376 -31.574255430901225
6.885184271208595 -1.4029829412622867 1.0182891017824285 -31.571085951130122
6.848272714963385 -1.4055221066361294 1.0310624646142867 -31.571387687034836
6.81148170895775 -1.409740934876031 1.0437821914108931 -31.572848648173938
6.7748091838184274 -1.4142717760437318 1.0560871983163471 -31.574124828226232
6.738249149024644 -1.4192271169688444 1.0678211128827255 -31.575331919101423
6.701794788067747 -1.424214907797833 1.0788465407015246 -31.57613606650783
6.66543920265593 -1.4289304989871916 1.089094419654813 -31.57630491150865
6.62917634841347 -1.4335816713467682 1.098586613757382 -31.576100064401615
6.593002695549459 -1.4382358676891762 1.1073511698564882 -31.575657357115574
6.55691605037118 -1.442203214743662 1.115372490234041 -31.574406120187987
6.520914141454015 -1.444301368142068 1.122626633854057 -31.571322670696908
6.484994595954788 -1.4457112022008964 1.1292552529103983 -31.56762335987993
6.449156083931918 -1.4460933639733893 1.1352552489366767 -31.563112888530945
6.413395889578792 -1.4456520610791486 1.1406597081512906 -31.558106657105775
6.37771164655948 -1.4496810702449383 1.1457983567670564 -31.557741626277497
6.342104990676045 -1.4535101532728316 1.1505963816743132 -31.557668871728566
6.306572786237349 -1.4564498235397152 1.1552616932137214 -31.557270074073656
6.2711102245864 -1.4587169386358716 1.160052226762753 -31.556737565197274
6.235711963661181 -1.4617980385143166 1.1652604543475973 -31.557485177995495
6.200373283720265 -1.4652363233702839 1.1710488769661793 -31.559083724743807
6.165090550359105 -1.4687372031491117 1.1775067845269618 -31.56126127915534
6.129862628972361 -1.4721850311418239 1.1846516918798442 -31.563916076082336
6.094690146540599 -1.476999329388449 1.192559954056527 -31.56844744651145
6.059575742953744 -1.4818372857384523 1.2010692743367306 -31.57349617633627
6.024522284949201 -1.4804309426119135 1.2095452612581459 -31.57272800396406
5.989529126534986 -1.4791243425686509 1.2184047705773922 -31.572353058514615
5.954600437509107 -1.474233342139841 1.2272007660027437 -31.568531460154027
5.919738254313612 -1.4631864647435968 1.2356080689709674 -31.558515570424596
5.884944268912058 -1.455454966893166 1.2444687546579578 -31.551665915489117
5.850229294781028 -1.4554895774447536 1.2541934820268708 -31.552265083857463
5.8156054100991685 -1.4567927931286506 1.2640990147973286 -31.553699755076956
5.781075068682293 -1.4584895928441615 1.2740432075099033 -31.555030189546144
5.746639087543103 -1.460528318502897 1.2839688751418674 -31.55618300113973
5.712298185306263 -1.4626503104040331 1.2938220107651073 -31.556920842774254
5.678053011978848 -1.464838228148793 1.3035981440355893 -31.55727135380254
5.643904763571735 -1.4673022555672195 1.313338040349083 -31.55750164344321
5.609855492309259 -1.470054720178297 1.3230813352190367 -31.557696682413642
5.575907909080684 -1.4724829742101344 1.332812691945738 -31.55734830005172
5.542064177520253 -1.4751790653755767 1.342615314929738 -31.557124632047305
5.508327700921704 -1.4788891317483088 1.3525649748821686 -31.557848200367914
5.474702477824301 -1.4829225277496425 1.3625916923290282 -31.558948370885012
5.441190145415465 -1.48637264264287 1.3726311327125593 -31.559614476208083
5.407790276704826 -1.489016009841105 1.3827114564010197 -31.559674675314284
5.37450188382087 -1.491270524810742 1.3929078346507318 -31.559577157386485
5.341325458741063 -1.4937923121810133 1.4033447082256034 -31.559984808004515
5.308261843915009 -1.4986865325911496 1.4142880131944395 -31.56296723825313
5.275312880574348 -1.503958821390266 1.425508413657669 -31.566597110183665
5.242477719160238 -1.5074143752641764 1.4366870861130467 -31.568719845595197
5.209752762143238 -1.5079066550501976 1.4475792687706357 -31.56817927978598
5.177132720949846 -1.5077966569263177 1.4583221871269914 -31.567254979095118
5.1446137625123125 -1.5077204149975632 1.4688799624106879 -31.566528564397835
5.112193009411867 -1.5073151903845485 1.479138802405635 -31.56559432288273
5.079868071049211 -1.5064942740993816 1.4890339807308097 -31.564324923608964
5.047636379536202 -1.5069576836780445 1.498657407950239 -31.56438043620046
5.015495303673182 -1.5081832754261277 1.507841271544213 -31.565239340790278
4.983438842326935 -1.5089503503621982 1.5163665610284263 -31.56569193784756
4.95145850586756 -1.509707826659442 1.524181621104814 -31.566184017406144
4.919546279300367 -1.5104544828932465 1.5311913762266518 -31.566722115164573
4.887693883436481 -1.5110956926898014 1.5373162815759902 -31.567223039094202
4.855892834221864 -1.5116451223200804 1.5425223347880967 -31.567710624910106
4.824134766427286 -1.5121729619573012 1.546846760057308 -31.568257796743318
4.792412130354682 -1.5123453040299277 1.5503723780141423 -31.56852768487454
4.760718540663085 -1.5117287492970306 1.5532313244025542 -31.56807701072777
4.729049700051083 -1.5083123142481205 1.555543404680306 -31.564888153088916
4.697403162116798 -1.5020318920749862 1.5574893114918873 -31.55888317649749
4.66577820433283 -1.5013100898360336 1.559381453036837 -31.558451900029972
4.6341772142901165 -1.5026889018970389 1.5613076094004936 -31.5601413768914
4.60260211538354 -1.5065521444606365 1.5635101819000372 -31.564316574744915
4.571055210385446 -1.5100479161393072 1.5662261198505454 -31.568105437705142
4.5395389136767195 -1.51181778427725 1.5696658756967061 -31.57012694944413
4.508056893562082 -1.5129171698196386 1.5740085765543865 -31.571414154054644
4.4766154842435615 -1.5150244714776169 1.5794048276204355 -31.573626491874876
4.445223064895519 -1.5192030995869403 1.5859591258333 -31.577810735513054
4.413889549807614 -1.5279498131026001 1.593836321274676 -31.586435963206313
4.3826263639032215 -1.5345604993784365 1.6024610531697596 -31.59282941868888
4.351440289495108 -1.5367518633837818 1.6114371676689858 -31.59471640314174
4.320334136872673 -1.5368925122343593 1.620771471333738 -31.594434782593595
4.289311265709641 -1.5369126610728938 1.6304647463281505 -31.59388932013197
4.25837573566213 -1.5325868882361318 1.6399323491681295 -31.588913310310787
4.227526884552585 -1.519818308726089 1.648643336792149 -31.575497477391643
4.196760659330325 -1.5168075732068231 1.658329456859907 -31.571634618299136
4.166087676393742 -1.5187884236015334 1.6683390442167265 -31.572674501025887
4.135510330115822 -1.5212078117806513 1.6780769632981745 -31.57418501532718
4.105024982865553 -1.5235025994395521 1.687383422084135 -31.57567110856757
4.074626680798402 -1.525653802774771 1.696196464733341 -31.57716462422332
4.04431017292004 -1.527523690385664 1.7044791074491645 -31.57856572096658
4.014070290357578 -1.5286578067216463 1.7121966693644348 -31.579446161315047
3.9839022040751004 -1.529426280209545 1.7193905108502687 -31.580184262973397
3.9538023471882604 -1.5298422418860849 1.7260737071498118 -31.5807990087942
3.9237675457251235 -1.529759755040076 1.7322525066810102 -31.581141712922012
3.8937946850342176 -1.5268294519939642 1.7378162468845635 -31.578842900343467
3.863879744804215 -1.5212395455558592 1.7428198757667 -31.57405801838376
3.834019024397638 -1.515021513185254 1.7473940578153204 -31.568790604904457
3.8042100118318394 -1.5111040156195397 1.7517031081065997 -31.56595073889737
3.7744512755135244 -1.5114730649445 1.7558527818243739 -31.567496829757452
3.7447417163889667 -1.5118025644067126 1.7597799073104936 -31.56901908626901
3.715078817045909 -1.5128842194273364 1.7637068867560972 -31.57126051189553
3.6854614251920452 -1.5152146786679024 1.7678310016464245 -31.5746775266931
3.6558889919126116 -1.517346291686007 1.7722306174839333 -31.57777026075894
3.6263613507877963 -1.5204650977238392 1.7770372043160443 -31.581678925412028
3.5968793757168025 -1.523848387605797 1.782254769689843 -31.58563077645016
3.5674441818610236 -1.5269169396198405 1.7878523526449484 -31.589006202495952
3.5380574537295493 -1.5285528095628165 1.7937223940635911 -31.59066682354542
3.508720726354711 -1.5293765176989875 1.7998242045089587 -31.591224670759367
3.479435724227624 -1.5304889071661216 1.8061323209833595 -31.591784673885968
3.450204200619381 -1.5312126361948621 1.8125084518276473 -31.591715464513555
3.4210271382467483 -1.5226142525681867 1.818331514475543 -31.582284140762006
3.391902073816729 -1.5171295233535411 1.8243640477428131 -31.575833875378194
3.3628319677231873 -1.5181717566526216 1.830715690487916 -31.5758133259948
3.333819337344163 -1.520477158797188 1.8369527793998337 -31.57712238887526
3.3048623096205665 -1.5226479891423084 1.8429150935699212 -31.578454295414573
3.2759578532027622 -1.5244521686413626 1.848546835535999 -31.579633095949703
3.2471027686928697 -1.5257271623405853 1.853819948014452 -31.58053149170113
3.218293999311835 -1.5264761099146358 1.8587315114437826 -31.581166100895622
3.1895288950568257 -1.5269201028255348 1.8632937876057658 -31.581756305449353
3.160805155146918 -1.5272219014063286 1.86751453275553 -31.58245510419497
3.132120558810788 -1.5267142870397366 1.8713644609642792 -31.582576885747457
3.103472616088351 -1.5251392265793782 1.8748341398894146 -31.581836194551947
3.0748585562717787 -1.521685318514749 1.8779087449620946 -31.57937991268839
3.04627544125455 -1.5166614198049295 1.8806208093328893 -31.575474318648318
3.017720535082089 -1.5130792273044482 1.8830800290707619 -31.573112123967917
2.9891916186242784 -1.5126611732372575 1.8853526676524035 -31.57398318866654
2.960686542651969 -1.5128167849606504 1.8874511363481645 -31.575421916421732
2.932203399771231 -1.5133692282093916 1.8894767880307082 -31.577204702718433
2.9037409838646115 -1.5148068622827617 1.8915537189846883 -31.5797898550955
2.875298993489085 -1.5166806180390784 1.8937853051251974 -31.582695518281575
2.8468779910595527 -1.518342819438712 1.8962538825326996 -31.585245313160414
2.818479406401901 -1.5193169068000194 1.8989999342432948 -31.586935141652518
2.7901052469546683 -1.5201618863751252 1.9020495720646757 -31.5883018961363
2.761757831469688 -1.5210297399313355 1.9053964804974806 -31.589480349861653
2.733439544158443 -1.5220502612165807 1.909021263278621 -31.590593953241786
2.705152636516252 -1.5232784850916605 1.9128952053224757 -31.591705706330252
2.6768991079441293 -1.5247400986433066 1.9169830807448656 -31.592861835112274
2.6486806754048327 -1.5258644718104466 1.9212209826726632 -31.5935279300418
2.6204986746406984 -1.524453887043004 1.925473482523095 -31.5915689115134
2.5923539045425805 -1.519959956270401 1.9296619485455722 -31.586492597167208
2.564246798839973 -1.5179824702794884 1.9339677377122741 -31.583895417318814
2.5361780770318094 -1.5195617692032177 1.9383581790864695 -31.584867102806598
2.5081476716841613 -1.521455491222845 1.942607016152084 -31.586247543377333
2.480153935105266 -1.5231266078653445 1.9466150055947073 -31.587527336648144
2.452194498699512 -1.524434554644721 1.9503106410867515 -31.5885879592783
2.424266531888106 -1.5253711379846822 1.9536468066577375 -31.589433343266002
2.396366921556372 -1.5259968284045429 1.956592082090936 -31.590128870652222
2.368492302858565 -1.526368793312664 1.9591210685393436 -31.590729192301957
2.3406390258530827 -1.5261797841032807 1.9612045721209725 -31.590915659689145
2.3128031582352877 -1.5254839727125664 1.9628313267187196 -31.59072108327748
2.284980592279262 -1.523765628374632 1.9640028578393962 -31.58960142304094
2.2571672608465545 -1.5209722242640926 1.9647510416623952 -31.5874709256872
2.2293593042638022 -1.5181779537218854 1.9651385331394151 -31.585374057086085
2.2015530834493307 -1.5171234139156777 1.9652275527638163 -31.585030594543184
2.1737449986890174 -1.5168567150737289 1.965080357340489 -31.58545503163232
2.1459323340589083 -1.5167195755068845 1.9647792369248742 -31.585961794262467
2.1181133489207715 -1.516913115431122 1.964418962019619 -31.586736465041874
2.090287182893787 -1.5175280105407503 1.9641029933987906 -31.587862076554252
2.062453959108994 -1.5191320346343278 1.963938404806032 -31.589894447237654
2.034614654544875 -1.5212721529733655 1.9640289588256727 -31.59235828974211
2.006771473512807 -1.5237053561348455 1.9644551364330731 -31.594992851527174
1.9789275580227441 -1.526284981101907 1.9652704654788447 -31.597644617692133
1.9510866334517267 -1.5288285285372187 1.9664992561846388 -31.600125992922692
1.9232527235387984 -1.5310947189676878 1.9681391466973848 -31.602194312297577
1.8954299158244765 -1.5329203575523915 1.970167312168289 -31.603690084690008
1.8676221395206758 -1.5343560455988192 1.972545786791319 -31.604672879146044
1.8398329421466202 -1.5357162765726513 1.9752312173778712 -31.60547231751199
1.8120653485703493 -1.536912100001194 1.9781686002399759 -31.606024469774525
1.7843219203529734 -1.536939265419963 1.9812769066963944 -31.605358468182835
1.7566048500442617 -1.5348104659331196 1.9844718370895897 -31.60252093929482
1.72891585889155 -1.5318656767603547 1.9877297516566435 -31.598871773239026
1.7012558416743653 -1.5295075536594256 1.9910100097916292 -31.59583704493115
1.6736247503580661 -1.5293934057528846 1.9942573045732823 -31.595096986390168
1.6460213804372132 -1.5302981155001332 1.9973090532414008 -31.5954604465067
1.6184435797860264 -1.5309803457992135 2.0000246848060823 -31.595694288478334
1.5908884007790298 -1.5314336427226518 2.0023089374384715 -31.595780018577145
1.563351838423947 -1.5318043672295538 2.0040819766291698 -31.595853451361194
1.5358289510640948 -1.5319329387022107 2.0052859458370125 -31.59574013052101
1.5083143030298387 -1.5317807343659369 2.005914070701848 -31.59538028901264
1.4808023588969808 -1.531280441265579 2.0059937555270997 -31.594681734180817
1.4532877876045778 -1.5305635313631845 2.0055731051146974 -31.59374987020778
1.4257655183836617 -1.5297695111781922 2.0047090181853204 -31.592698601028466
1.398230865273353 -1.528954642034495 2.0034658773216756 -31.591560922524657
1.3706796939720676 -1.5281321814357576 2.0019120420236045 -31.59033090672765
1.34310852266661 -1.5274242376900429 2.0001171916463893 -31.58911894291886
1.3155144284278248 -1.5273461089559552 1.998148325709558 -31.588441043662797
1.2878947732496986 -1.5279310011036922 1.9960931322044126 -31.588338060073838
1.2602480010577506 -1.5287417386230744 1.9940634069772585 -31.588375799658102
1.2325740858888816 -1.5296321098798067 1.9921601316025013 -31.5884037333227
1.204874005539605 -1.5313169171306176 1.9904483918479605 -31.58912539543882
1.177149005179883 -1.5338406161378775 1.9889954279092124 -31.590563962777118
1.149401016747711 -1.5369248773337123 1.9878597693634141 -31.59241849705709
1.1216327456409292 -1.5402803135444543 1.987084181212662 -31.594382910902112
1.093847612518 -1.5437551174014505 1.986695427794861 -31.596293659848534
1.0660494329657866 -1.547223377460489 1.9867053270748583 -31.598017998332146
1.0382422393824613 -1.5505513828812925 1.9871118041151892 -31.599419132946693
1.0104301447126136 -1.5535769463095677 1.9878999636625125 -31.60033367181773
