7.927163504104408 -1.9225239311108153 1.7386173381239858 -12.392344143695865
7.837760103625918 -1.911102021530699 1.7433361894271704 -12.38338509941175
7.748343633805149 -1.9026239692745608 1.7482637473459794 -12.377377053880172
7.658978502965738 -1.9005771285280484 1.7532912564495764 -12.377836598555607
7.569694856662216 -1.8988335828137106 1.757787616914902 -12.378690276108085
7.480485239876996 -1.8976956181590257 1.7614494449123592 -12.380235698847557
7.391328594513297 -1.8961208494915909 1.7638957581769341 -12.381418120493196
7.302191112957234 -1.8946209124844322 1.764820844497748 -12.382736808253519
7.2130401674835785 -1.891978975830845 1.7639669136489697 -12.382989362977868
7.12384385743747 -1.8899481198074075 1.7611192994742269 -12.383954076134987
7.034579986501484 -1.8883271603500515 1.7561529532089557 -12.385469670083191
6.945239397652927 -1.8869330870948111 1.7490103196567683 -12.387403034887924
6.855814125513131 -1.8857789474798246 1.7396135653008453 -12.38981981620978
6.766295800447655 -1.8864659542342226 1.7276732903506922 -12.394387573869356
6.676673019032981 -1.889362002443911 1.712947490909805 -12.401550270644874
6.586931113931494 -1.8939555846555063 1.69531170564108 -12.410874257395418
6.49705252207591 -1.8996431965138783 1.6747229043476233 -12.42183782286171
6.407015596766416 -1.9057455939411152 1.651227618666888 -12.433849607276322
6.316794757325999 -1.9114817040678271 1.6249802260886572 -12.446220015220012
6.226360920589811 -1.9152378918754467 1.596459144728789 -12.45739324536189
6.13568441630729 -1.9148436378284723 1.5664907995109898 -12.465188569743926
6.044733082722299 -1.9112875238270763 1.5351282926962704 -12.470675956054459
5.953470536835608 -1.9016042922549241 1.5037697922372326 -12.470722062237373
5.861872827626099 -1.8872388841750347 1.4724154635769966 -12.466806319655666
5.7699287581080485 -1.8728956715987697 1.4397260702919528 -12.464007509295763
5.677624583484774 -1.8581909970860682 1.405974429527221 -12.46205103799098
5.5849297024705225 -1.8426151057525006 1.3715128687067186 -12.460510897435205
5.491809404443611 -1.8250047590225218 1.3369897196511877 -12.458199594092834
5.398232164048115 -1.798067028378096 1.305743263363953 -12.44671763002369
5.304190914542603 -1.7709603986541858 1.2742597993326699 -12.436420078145005
5.2096448293133895 -1.7477464177046849 1.241153275410391 -12.432121346618988
5.114543704087844 -1.7253825079824685 1.2081300065464642 -12.430215346496574
5.0188602977244905 -1.7019497664687684 1.1764430560946801 -12.428201032010374
4.92260152114745 -1.6813601916926921 1.144978037171579 -12.430704765311534
4.825798376959338 -1.6638982271065175 1.1140704189792998 -12.438083786738646
4.72851589185872 -1.6476452072671852 1.084798275623436 -12.447935652092678
4.630838004123923 -1.6245797476533572 1.0600713560680906 -12.449815792147065
4.532873601391018 -1.5971649212971846 1.0389251667281536 -12.446423114129498
4.43469284753961 -1.5702886828678875 1.019850556262427 -12.443626936535921
4.336320308416495 -1.5441869983895444 1.0027983127299454 -12.441347848345927
4.237770175125978 -1.5192598318965844 0.9875900224873804 -12.43976409633537
4.139046974844351 -1.4953038116801554 0.9741412168776855 -12.438334768611615
4.040152356645994 -1.471956491285468 0.9623474026349143 -12.43636702158836
3.941089580981447 -1.4494034054102027 0.951986972099939 -12.433922215533972
3.841864662094014 -1.428496624099541 0.9427680221998487 -12.43193708277586
3.7424839662457767 -1.4091314903255714 0.9345655589611084 -12.430260006645872
3.642952126966004 -1.3911446406022956 0.9272620794717326 -12.428710448370621
3.543275405093449 -1.3741743111192541 0.9207566911697626 -12.426936259592294
3.443461338662139 -1.3575985091010223 0.9149721441208017 -12.424352226226928
3.3435186148112317 -1.34197601061385 0.9097341546024803 -12.421725489369287
3.243455957887186 -1.3268296787652618 0.9049808105368193 -12.41871433999741
3.1432876752269507 -1.311315635532276 0.9006930364026383 -12.414633592453152
3.043033137160285 -1.2958158497296994 0.89677191833473 -12.410128862525951
2.9427171668219594 -1.2817472046141847 0.8930599763450026 -12.406961946862358
2.842364601504194 -1.268493991339593 0.8895292098185458 -12.404735401577673
2.741996354452027 -1.2563241085493457 0.8860534959222715 -12.403975992653685
2.6416180074094022 -1.2444172918297856 0.8825780479900356 -12.403947920013412
2.54122546622765 -1.2321687180317449 0.8790642437871848 -12.404107600012251
2.4408100742052534 -1.2193380813067016 0.8754722622851631 -12.404252906463919
2.34036229271436 -1.2056627806220337 0.8717881317130327 -12.40413389841657
2.2398733535169737 -1.190887390582122 0.8680254809212217 -12.40349374502729
2.1393372835565594 -1.1748649181325832 0.8642282116811947 -12.402157816368444
2.038752937499364 -1.1576405263006662 0.8604618774441656 -12.400120347261206
1.9381253182295848 -1.140352507064119 0.856733705808475 -12.398498617761957
1.837465362497156 -1.1227356185491455 0.8532433840987774 -12.396911656672152
1.7367782902414142 -1.105829462779356 0.8501020718442802 -12.396304143212806
1.6360760915538461 -1.0900900605683448 0.847517996241542 -12.397008644882872
1.5353782418692223 -1.0728115390491013 0.8460004468950852 -12.396074601878487
1.434708988673499 -1.053820989567303 0.8457919769309452 -12.393257850642398
1.3340973095694761 -1.034655392837557 0.8469743654731602 -12.390174195613687
1.2335798292393791 -1.0166395871926444 0.8497031059197738 -12.388337258246345
1.1332134595497825 -0.9977031973419699 0.8544391505848473 -12.386172118393672
1.033089891217037 -0.9803449271109006 0.8615551256799424 -12.386725765196664
