7.844324668119407 -3.074300404368159 1.487660486881104 -49.04817424572995
7.802903258192919 -3.067878040259167 1.4845670540623104 -49.043003154803216
7.761525048632368 -3.0606880147672197 1.4817128103088677 -49.037111574266994
7.720202906637936 -3.0580414625894807 1.4790102182736153 -49.0358336401693
7.678944496107262 -3.057236329594627 1.4765764781324355 -49.036398682832655
7.637747483555435 -3.05729902811867 1.4745283763903514 -49.03776949057593
7.596603229067377 -3.0564863047673794 1.4729686409129736 -49.03814013692666
7.555499703947505 -3.0547346722520414 1.471907591547914 -49.037408573054066
7.51442359939141 -3.053009691052466 1.4713290435166642 -49.03650925679936
7.473360385778655 -3.0516147298363445 1.4712227037082435 -49.035713239453614
7.432292749111702 -3.051848772277713 1.471570004872291 -49.03629128946781
7.391201921133999 -3.0533059337324233 1.4723008288324217 -49.03781413551074
7.350069927881888 -3.0553679517666197 1.4732800119283995 -49.039658346813646
7.308880242788722 -3.0577234141218477 1.474341463244751 -49.0415144528981
7.267617828497147 -3.0608133147720014 1.4753069032264543 -49.043818607413705
7.226268486215077 -3.0644561068379645 1.4759802300285338 -49.046389840532996
7.184816455185456 -3.0687677298447724 1.476166106375007 -49.049339723515196
7.143245129882795 -3.073814682059043 1.4756743683463052 -49.05273047318039
7.10153720906792 -3.079389782529026 1.4743579392065747 -49.05636016936776
7.059674320782134 -3.0853364355575996 1.472126695259617 -49.06008454579391
7.0176402315407 -3.0916889267525387 1.4689428266000557 -49.0639606883124
6.975420375322771 -3.097070748119837 1.4648456465209365 -49.06669695058391
6.933002135318963 -3.0995517009495996 1.4599766554169773 -49.066472884130256
6.8903770159572755 -3.100720779358498 1.4544049546972542 -49.06488036500024
6.84753570463178 -3.1012391389949165 1.4483146302677345 -49.06260502635146
6.804467105603693 -3.102126422342256 1.4418359829357166 -49.060672114338225
6.761164666844652 -3.1052072152780217 1.4349869640129276 -49.060886480225044
6.717626065200448 -3.1126409982305163 1.4277607131874257 -49.06537890480564
6.673852609569358 -3.122241566669424 1.4204402539055494 -49.07205852540632
6.629860704798221 -3.12826618801613 1.4135196110879533 -49.07536799756806
6.585680004903378 -3.1318986358877825 1.4070622883830515 -49.07646782459237
6.541330753815797 -3.1348323689614794 1.4010865960263854 -49.07700589276979
6.496825736449849 -3.1377981045953005 1.3956542189740626 -49.077688109464425
6.452175075167419 -3.1405781888998447 1.3908354076198068 -49.07829367718055
6.407388680206023 3.140532580532693 1.3866648487673652 -49.07830320780983
6.3624768253534825 3.139482983865575 1.3831261727992317 -49.077390689502366
6.317450494179416 3.139354824694549 1.3801593749271288 -49.07564206316886
6.272320571270411 3.1403074330804848 1.3776917737710574 -49.07288270347725
6.227096834772735 3.14080047591963 1.3756240458492615 -49.07060022951334
6.181786415857775 3.14003118096048 1.3738936151357017 -49.069548255250496
6.136391231209981 3.1388190491698427 1.3724318002380949 -49.06888329554629
6.090908398576942 3.13765322284414 1.3711319038008376 -49.06809020498286
6.045331895355488 3.1364489712274093 1.3699304260312302 -49.067234055896485
5.999654306912865 3.1350763251025264 1.3687937910890295 -49.06643079753416
5.953867536288986 3.133565798391945 1.3676987929153657 -49.06564161963319
5.90796314754278 3.131861299802455 1.3666286747277752 -49.06491414573279
5.861933079270637 3.130037949010823 1.365568981601403 -49.0641703721164
5.815769736612025 3.128164747684637 1.3645079729700063 -49.06334193740943
5.769466300456826 3.1262969091283024 1.3634356058355503 -49.06237764845876
5.723016963784359 3.124417334225269 1.362342420340639 -49.06130019572566
5.67641698439586 3.1222480512891924 1.361218667271566 -49.0603884111378
5.629661858582062 3.119883268525221 1.3600610820160692 -49.05956321933707
5.582746636190969 3.1174100909570743 1.3588926990318544 -49.058757467804625
5.535667109694966 3.1149010386511238 1.3577598118968384 -49.05792012782656
5.4884205690866175 3.1128695224846417 1.3567212056757851 -49.05657381213109
5.4410062143796605 3.1110197885282225 1.3558090839499988 -49.05502896906555
5.393425755165643 3.1091262878975354 1.355017652024224 -49.05352920013102
5.345681171302985 3.107172142053045 1.354324435909397 -49.052111145005554
5.297774657368881 3.105223091491764 1.3537023676899798 -49.050729353502774
5.249709958602078 3.103124228315423 1.3531064473216976 -49.04955239652639
5.2014920396227 3.1008764803638393 1.352500699294993 -49.048594557762755
5.153127198526803 3.0985044469485876 1.351860675976976 -49.047842288168134
5.1046225080815075 3.0959469003520415 1.3511742932866562 -49.047361112877525
5.0559853822317065 3.09317610913225 1.3504398255410797 -49.04718021277155
5.007222999433163 3.0902018718762996 1.3496639893629123 -49.04728810131643
4.958341857328204 3.087172129663022 1.3488590855794496 -49.047534381429344
4.909347969582285 3.0841321934577315 1.3480459752508005 -49.047866038541585
4.860246838915429 3.081240745648766 1.3472504757743047 -49.04811763111712
4.811043505891963 3.0784724234568572 1.3465019216687057 -49.04830288313536
4.761742197478625 3.075935458884411 1.3458298285596737 -49.04830369342431
4.712345492144766 3.0735878235407332 1.3452707236228916 -49.048147958742824
4.662854563304487 3.0712850396662734 1.344871290447658 -49.04796412250498
4.613269836166292 3.0687556788336137 1.3446812605949892 -49.04800542035371
4.563591328184983 3.0661105971901845 1.3447289788340224 -49.04815421284207
4.51381830786005 3.0635157346971633 1.3450286080485554 -49.048241942275084
4.463949983871889 3.061015634902093 1.3455800476023536 -49.048221661019774
4.413985814642497 3.058636171486138 1.3463660860662474 -49.04806669920433
4.363925572774002 3.056428316046443 1.3473568451958386 -49.04772750478717
4.313769375480256 3.054269197986876 1.3485186350771137 -49.04732637700769
4.26351758223562 3.0520487306329165 1.349811116483405 -49.046974205818756
4.21317025915851 3.0497735394972034 1.3511901509498263 -49.046669086941726
4.1627270311445095 3.0474887389343728 1.3526127401433163 -49.04637258475031
4.112187409150876 3.0452728433570946 1.3540368338622963 -49.04601211994668
4.061550947267476 3.0431258468525852 1.3554259487657112 -49.045589003855355
4.010817391512697 3.041070925376887 1.3567469999256685 -49.04507856047158
3.959986627406333 3.0391644834445155 1.3579725081436724 -49.04442096500327
3.909058727670025 3.0376156254003557 1.3590784769505218 -49.04340542334051
3.858034117326131 3.0361443757155087 1.3600538972020537 -49.04230183430542
3.806913751845576 3.0344618357694624 1.3608930098371996 -49.04139143548771
3.7556984089699803 3.032493082199111 1.3616005773179982 -49.040749548073464
3.704388305965836 3.030544714347346 1.3621907387853285 -49.04008221995713
3.652983500273847 3.028740870937366 1.3626873572445706 -49.03927956303812
3.6014847359715136 3.0272905126037344 1.3631120869480458 -49.0381534057739
3.549894180144092 3.0253164643401993 1.36350318749573 -49.03758640781144
3.4982154846747804 3.021760289967125 1.3638785707554815 -49.03864064313627
3.4464533625656317 3.0170341831106056 1.364218046526553 -49.04093218139468
3.3946122326651738 3.0115941043530237 1.3645137070111073 -49.04403483664354
3.3426966753350746 3.005607929149115 1.364768970902793 -49.04780797964838
3.290712020508336 3.0003383015074783 1.3649731105218479 -49.0510301253967
3.238664890301249 2.9960664562887644 1.365116840641485 -49.05344233671375
3.186563404038438 2.992611413534712 1.3651750729338559 -49.05523331286466
3.134416950981051 2.9898048141004177 1.365112291795357 -49.05656993108744
3.082235433477722 2.987096407439267 1.364897830969166 -49.057991595357805
3.0300283384268676 2.984451741843869 1.3645068156967721 -49.05951891587973
2.977804301994729 2.981817573693378 1.3639388703657833 -49.06118489629803
2.925570799332754 2.9796003124459016 1.3632203951121307 -49.06255846373782
2.8733339169844676 2.9783571802233793 1.362406406281553 -49.06305517650663
2.8210989590448334 2.9772927306839976 1.3615625397477504 -49.06344646960795
2.7688703787727644 2.9775452723078475 1.3607351969155472 -49.06256315226511
2.716650578431476 2.9794454043286973 1.3599752694286826 -49.06005005617376
2.664439736448968 2.9817304818943864 1.359358171319203 -49.05715068053812
2.6122364077328064 2.9836473888252604 1.3589626441353315 -49.05459028646848
2.5600376854907525 2.9838711413818726 1.3588359290496497 -49.05366458040994
2.5078394778354727 2.983116389931925 1.3589559694587712 -49.053619294126875
2.455636990450964 2.98248173330605 1.3592819744749893 -49.05332694660827
2.4034245486751957 2.9820688213964295 1.359780147416973 -49.052677315640494
2.351196764333923 2.9818350312336914 1.3604091996044416 -49.05171264882205
2.2989489484232144 2.981656890507899 1.3611192768759433 -49.05056099640442
2.2466771737459834 2.9813142070454735 1.361857310394833 -49.04945038595067
2.1943782085065857 2.9808044190592247 1.3625670395866114 -49.048395081827096
2.142049145064724 2.9800359478011855 1.3632100694657001 -49.04750306529266
2.0896878652524813 2.9786198545080684 1.3637751673996195 -49.04717856593848
2.037292900844536 2.9769555286072324 1.3642424551970134 -49.0470467043532
1.9848631851875358 2.97502642937189 1.3645853252737785 -49.047154404857444
1.9323989177430527 2.972701210283051 1.364737111163638 -49.047665733110094
1.8799016688751127 2.9702395178817587 1.364614440919949 -49.04836154323383
1.8273741766468075 2.968695390726254 1.3641521655487814 -49.04823737479565
1.774820311588195 2.967749348503791 1.3633215256613835 -49.04765580779729
1.7222457250893732 2.9671368595060486 1.3620756673227499 -49.046912090654835
1.669657594236369 2.9667445608349006 1.3603526075073011 -49.04613906746071
1.6170639241401354 2.966661550603768 1.3580942850601787 -49.045257067701264
1.5644730392103976 2.9666841351090776 1.3552597625999152 -49.04447204891752
1.5118936032311359 2.966692533501942 1.3518276219881167 -49.04389326819946
1.45933400281531 2.9665047823297597 1.3477994188006612 -49.043682998072924
1.4068019056092276 2.9662340221721273 1.3432163910592705 -49.04369855985826
1.3543039233000447 2.9659468111990304 1.338144432478337 -49.043841084112394
1.3018455251722638 2.965519960576677 1.3326655622660804 -49.04420505615516
1.2494308831259422 2.9653139780072713 1.326906530433725 -49.04440265923065
1.197062687603388 2.9661840247313713 1.3210359367537823 -49.0435621298584
1.1447431493493796 2.966654073624051 1.315127505065424 -49.04318900381997
1.0924753900337503 2.9669931710594324 1.3092820032831844 -49.043005407954965
1.040262152416076 2.967354099808992 1.3035511142015288 -49.04284550479212
