7.896935202390617 0.4919394065053021 0.49217947525049915 -9.254539644420483
7.879233714199336 0.49378721141601534 0.49264529812953617 -9.254072672597577
7.861523289108873 0.4947614135612246 0.49300751487800965 -9.253976745849602
7.843807136899632 0.49501425169636015 0.49326912604761425 -9.25407437227968
7.826087914781847 0.4946052509835132 0.493425697900586 -9.254286220323863
7.808368170167461 0.49355795328764 0.49346985038122804 -9.254573694302673
7.790650496780825 0.49187011189418556 0.493393704855362 -9.254928476284647
7.772937578099645 0.48955185133131074 0.4931898012442842 -9.255335121724876
7.7552321712422225 0.4866887009385472 0.4928506363905854 -9.255709327786795
7.737537104034343 0.4832726738631755 0.4923692131622623 -9.256062626954229
7.7198553293205014 0.47930076605297195 0.4917388544003265 -9.256405950715887
7.702189872202854 0.47479197303892523 0.49095324227104514 -9.25673437029614
7.684543778741367 0.46977371802241646 0.49000643557311685 -9.257040840344725
7.666920072212196 0.4642803906538241 0.48889316419195483 -9.257317392601916
7.649321714181251 0.45900912600500804 0.4876147015450543 -9.256937689782177
7.631751434065172 0.4545790381031016 0.48617616192951363 -9.255362426327064
7.614211829440399 0.45088340149692857 0.4845833688449847 -9.252746502552426
7.5967053659080435 0.4481258543220892 0.4828516786284928 -9.248965137593194
7.579234112789318 0.44668276621448944 0.4810058247512503 -9.243746645149155
7.561799560647694 0.4455812876581772 0.4790561414226664 -9.238084180001351
7.54440308413975 0.44472539331476163 0.47702718888574913 -9.232167336459327
7.527045492369388 0.44311820920080436 0.47492511964888434 -9.227040825790628
7.509727229540885 0.43971025240199985 0.47274898036423824 -9.223829196147054
7.492448201213678 0.43511333489074444 0.4705593775400774 -9.222124559397379
7.475206875041474 0.43015447431329895 0.46842935663716045 -9.221286666644229
7.4579997953445245 0.424893332870266 0.4664116388607251 -9.221373936638937
7.440822443986594 0.4207264847224492 0.4645709897823261 -9.221148032045656
7.423669319105688 0.41808635658671234 0.4629378802573698 -9.22020781806717
7.40653555785767 0.41677138193011193 0.4615210734120872 -9.218713808059757
7.389417035269929 0.41628555867414074 0.460320070732946 -9.217084089656218
7.372310296288598 0.4162871270535674 0.4593351632879391 -9.215571466406551
7.355212348777892 0.41645259235643384 0.45855938862245765 -9.214396570607743
7.338120669580845 0.4156795870300781 0.4579699006554017 -9.214534962856385
7.321033295906627 0.41472426674612534 0.45753327650510334 -9.215100925217222
7.303948867367371 0.41377927182386637 0.45719494672508726 -9.215746421941748
7.2868669780311075 0.41250636015797726 0.45687800346638713 -9.216647547152643
7.269788355904731 0.4098480246934866 0.4565238674536372 -9.218651853764044
7.25271465851751 0.40515716914540434 0.4560674529273374 -9.222135387398653
7.235648134504366 0.39923143673139155 0.45545526557331417 -9.226016096382727
7.2185924848923 0.3923992932845056 0.45466032977566884 -9.229719356483852
7.201552576514984 0.38495977203685916 0.45370569073348477 -9.232776162768538
7.184533635649003 0.376741775089215 0.45263749499755607 -9.235253225473738
7.167541444433706 0.36740001274303247 0.45151202904916893 -9.23744710940349
7.150582079134316 0.3570661680637113 0.4503865815202262 -9.23926293920983
7.133661450183916 0.3459472747246464 0.449306985637627 -9.240601071974718
7.116784682748785 0.3342517816515273 0.44829442150010984 -9.241406458820062
7.099955957096019 0.32158312153309904 0.44733944102080314 -9.242188489883874
7.083178756139392 0.30806907881905565 0.4464112009686717 -9.242988344896244
7.066455932234173 0.2968652810440035 0.44547690235061316 -9.24118271313949
7.049788629455658 0.2886096724266062 0.4444827898433462 -9.236384559513148
7.033178329918258 0.2807829928574775 0.44336932381555905 -9.230972111505402
7.016627576616984 0.2719205875459626 0.4420981329312865 -9.226409548233882
7.000138497690816 0.25863990659400926 0.44060753800487756 -9.225888296434864
6.9837134394118845 0.2431932649525466 0.4389014533878678 -9.227739494098884
6.9673509597567405 0.2290544381811068 0.4369954232441889 -9.229199043544494
6.95104604063546 0.2164815978074245 0.4348584854176708 -9.230270711468247
6.934793595786849 0.20581769065884398 0.4324805953307739 -9.230839541977534
6.918588209971052 0.19702343397976524 0.4298679139461789 -9.23109641367868
6.9024242022312805 0.1899172628601506 0.4270522566948676 -9.23131636541617
6.886295452305082 0.18445511955086843 0.4240934689788684 -9.231607387672367
6.870195245998743 0.18199682909230241 0.4211095355900088 -9.230677828065339
6.85411613184461 0.18314958522123026 0.4182082316939763 -9.227807566355088
6.838051289109389 0.18716768813981538 0.4154548127499922 -9.223501231130099
6.821995039586161 0.19204075977503698 0.4128796235332316 -9.219476589864053
6.805943229850784 0.19424655726111342 0.410479268263375 -9.218995103795335
6.789892691136844 0.1958078974204856 0.4083751581691583 -9.219656250235364
6.773841479893634 0.19680693762592383 0.40659971828730895 -9.220957205538813
6.757788950888753 0.19570589736555818 0.4051084813594144 -9.224013675264676
6.741735077209664 0.19324815194326908 0.40387580411924917 -9.227550831206123
6.725681555254337 0.1902404957887495 0.4028728701360381 -9.23031047765792
6.709632554658123 0.18627381725967046 0.4020956551639169 -9.23240845678069
6.693593290740155 0.18085225436012392 0.4015496965679185 -9.234143793179406
6.677569891566514 0.17360432743950882 0.4012430387938527 -9.235771079615697
6.661569173346707 0.1643419794390651 0.40118258259325584 -9.237450309071562
6.645598126519107 0.1529719031939321 0.401367573103672 -9.23932461707805
6.629663581474602 0.1396583048261013 0.4017888157398889 -9.24135976267219
6.613772049260113 0.12542207318644558 0.40242057989935603 -9.24281490606093
6.59792921498929 0.11059507156503579 0.4032303259978586 -9.24361242848937
6.582139580874734 0.09467650412847346 0.4041664968909662 -9.244397521812866
6.566407092028177 0.0786005684763721 0.40514546840259197 -9.244548729762105
6.550734776600992 0.0662542302143339 0.4060410742681162 -9.24091038327906
6.535124105893654 0.0559083358833534 0.40680664802192057 -9.235173008110682
6.519577455523282 0.04412488322499797 0.4074162068843344 -9.23047029355542
6.504097929337424 0.0279444072051332 0.407841403303902 -9.229562587007187
6.48868858875353 0.009452951572721023 0.4079936958409972 -9.230994658875932
6.473348722318617 -0.008802169510426654 0.40778373148440783 -9.232905063332929
6.458074317161733 -0.02571329102408823 0.40712106558047556 -9.234588558109769
6.442860204605253 -0.04048641781361148 0.40594964737536465 -9.235531983668597
6.4277004994116815 -0.05298595255785658 0.4042675801185619 -9.235740314042921
6.412589464467853 -0.06331541893317413 0.4021059891934125 -9.235430257872459
6.397521234088471 -0.07218380639615157 0.39951419838577507 -9.23536558740384
6.382489657720582 -0.07938475002902125 0.39658183761340826 -9.23547328083145
6.367487486773482 -0.08270697122989969 0.3934841893446123 -9.233706607222194
6.3525065028505034 -0.08262996610550888 0.3903443800624134 -9.230404014597362
6.337539251056719 -0.07970884504832151 0.3872802177930631 -9.225903253638918
6.32257930547054 -0.07567013729059427 0.38436859340929347 -9.221631754992934
6.307622080862803 -0.0749126158906541 0.38162854686416986 -9.221721756018423
6.2926640761237005 -0.07432244366307111 0.3792672736909619 -9.222622295310886
6.277703371310679 -0.07436696186748719 0.37735562795727495 -9.224330798547804
6.262739096779975 -0.07678331358882293 0.37590669511216296 -9.228122111332638
6.247771102014951 -0.07942458352777458 0.37495584624884587 -9.231284892549795
6.232801277660801 -0.08210513622936275 0.37449751433343603 -9.23321810667418
6.217834043633637 -0.08601837993007846 0.3745207195796046 -9.234868305790844
6.202875231248855 -0.09140641917827137 0.3750113348166879 -9.236309327789252
6.18793130469555 -0.0986535845542828 0.3759482852833296 -9.237825454668442
6.173009198890799 -0.10823334053261112 0.37730626981994786 -9.239845920996547
6.158116022564587 -0.11979226758206914 0.37903978597396654 -9.242085600883117
6.143258490525273 -0.13276046226805596 0.38109250119463206 -9.24412836980491
6.128442977665616 -0.14652981275464494 0.38340438534041993 -9.245587421729818
6.1136752252256485 -0.16083511941719575 0.38591233240201966 -9.246412361961639
6.098960033703139 -0.17602221438516896 0.3885544624831325 -9.247076923388878
6.084301723773151 -0.19046988917602062 0.3912114330107805 -9.246322762733701
6.069703528508177 -0.20188845608826134 0.39374797062926153 -9.24233081813693
6.055167771804193 -0.21180419076194845 0.3961409621457208 -9.236622776569554
6.040696989348941 -0.22364408903427382 0.39841052691125745 -9.232338052910713
6.02629426576273 -0.2397177623147672 0.4005338598690888 -9.23169854656216
6.01196214724829 -0.2581212691924694 0.4023709872549649 -9.233380052841369
5.997699544274273 -0.27613331883422937 0.4037613090945509 -9.235318512797148
5.983502097829251 -0.29263701804322934 0.40458495285257257 -9.236738588498214
5.969364312619983 -0.3072008376291926 0.4047723876785186 -9.237402733566308
5.955280259607137 -0.31959850830466446 0.4043134567057557 -9.23724357665116
5.941243816642123 -0.33073795887165164 0.40322777234222196 -9.237220171762738
5.927248836023807 -0.3405655875409648 0.40156420877946997 -9.237447751656163
5.913287983487452 -0.3485999802658981 0.3994097080535796 -9.237637239630406
5.89935280326269 -0.3523574680141739 0.3969367028581363 -9.235494701168415
5.8854345047694006 -0.3532228897453417 0.39426352281939986 -9.232247971450153
5.8715255093432726 -0.3506707845517531 0.39155287955076096 -9.227238072766937
5.857619533381279 -0.3478362450126449 0.38886806167216326 -9.22333131426824
5.843712029228088 -0.3478323053884097 0.386291554848453 -9.223428709412584
5.829799395929498 -0.3478357282421425 0.38404841245494037 -9.224348492942179
5.815879849632984 -0.34842792022135 0.3822398860298035 -9.226263647617404
5.80195258409968 -0.3511658320708908 0.3809259875701837 -9.230300688475936
5.788017669913887 -0.3530182739207024 0.3801872681680915 -9.232873640079074
5.77407807654381 -0.3550103756804214 0.38003901655135736 -9.234627586419204
5.760138873762543 -0.35799482833099416 0.380487010012367 -9.23617585746022
5.746206229158831 -0.3623398856515008 0.3815277501508165 -9.237703843173094
5.732286960100922 -0.36860257521372214 0.3831508507601116 -9.239645737491319
5.71838823998708 -0.376692328939475 0.38532350096485785 -9.241872222113024
5.704517141619715 -0.38629352360334307 0.38799234240062624 -9.244110238845348
5.690680508964216 -0.3971204039428181 0.3910975731481838 -9.246181021976682
5.676884965505182 -0.4085767553888014 0.3945628790425236 -9.247675736765501
5.663136507199932 -0.42038873236248414 0.3983098417506733 -9.248510050111026
5.6494401134495 -0.43291836101000003 0.402269140346382 -9.249154379693664
5.635800162229043 -0.44406257767544244 0.40626887984698445 -9.247855934263042
5.622219663860382 -0.4520240469893613 0.4101487822673158 -9.243157207708443
5.608700783051916 -0.4589627669106277 0.4139105437852967 -9.237148751286956
5.595246034799777 -0.46916423622732034 0.4176335359809936 -9.233778630973532
5.581858721303428 -0.4831090751250206 0.4212200375214309 -9.233681742255165
5.568540361644437 -0.499156656305062 0.4244808131215688 -9.23566737664197
5.555289178919766 -0.514501083099378 0.427188116956564 -9.237460587291508
5.542100478344726 -0.5284497234430479 0.4292136094690448 -9.238578497196816
5.528968634128749 -0.5408334848795749 0.43049289075471686 -9.238987061180467
5.515887709481736 -0.5517274414712658 0.43100980463300975 -9.238885745411828
5.502851394251113 -0.5618300413212352 0.4307806312672648 -9.23905594105547
5.4898528898804075 -0.5707429964705192 0.4298435418867936 -9.239306464186011
5.4768841417072105 -0.5778065177073375 0.42829069322381874 -9.239157632711738
5.463936398368235 -0.5808058722920476 0.42628596027495685 -9.236559434536879
5.451001120219683 -0.5812921948277875 0.4239588247206413 -9.232947932764981
5.438071060110813 -0.5787212728912887 0.42148219470328374 -9.227697031988574
5.425140538808687 -0.5780958594981803 0.41889355525183974 -9.22559115558025
5.412204893052885 -0.5787055157697544 0.41638730793299583 -9.225801056667166
5.399260815188504 -0.5792744669182655 0.41416416564027825 -9.226782058267844
5.386306863504013 -0.5806414211835935 0.4123392997776936 -9.229061521576956
5.373342372040912 -0.5830548507682338 0.4110257310884862 -9.232515688203488
5.360368044478009 -0.5845861936144198 0.41032864234772687 -9.234765133833715
5.347387723017149 -0.5862085731228038 0.4102887462445657 -9.236487235225312
5.3344068222787175 -0.5884582798014031 0.4109294738620269 -9.238016789623439
5.321431638137467 -0.5919193280625055 0.41226239683490534 -9.239778178909853
5.308469055880083 -0.5967527841155413 0.4142781502279427 -9.241828115559384
5.295526135985809 -0.602944324162258 0.4169444608788121 -9.244104999708943
5.2826098890049895 -0.6101832155644955 0.4202005927511908 -9.246314323157307
5.269727102029383 -0.6182522845908077 0.4239764174620845 -9.248308063435013
5.256884271995719 -0.6265846863390262 0.4281759087244816 -9.249649230349265
5.244087124290896 -0.6351899435102464 0.4327111256403112 -9.250456488194601
5.231340470247559 -0.6441630017705592 0.4374879956174476 -9.25090417646297
5.218648445598874 -0.6508630151219825 0.4422777650705185 -9.248633897642565
5.2060137206979515 -0.6542875016750209 0.44693009691523794 -9.242837745729929
5.193438300315837 -0.657985400494594 0.4515163576361219 -9.236896125824789
5.180924904930114 -0.6664101974217758 0.4561477462793121 -9.235006020226795
5.168476857376951 -0.6778261329919507 0.46059405015201654 -9.235746346953594
5.156094331123229 -0.6904398790168629 0.4646291001457306 -9.237676050863406
5.143774459015369 -0.7023405355173952 0.46802978409299006 -9.239181897968095
5.131512391831333 -0.7132605657525087 0.4706845345714681 -9.240113400597682
5.119302675372435 -0.7229350161491127 0.4725325532072453 -9.240327258062926
5.1071393701785155 -0.7317876352711292 0.47356482304459135 -9.24033253381427
5.0950162415526545 -0.7401638229129008 0.4737952617377165 -9.24058914729574
5.082926264624632 -0.7476091431316323 0.473258083725434 -9.240839311586925
5.0708613164042 -0.7527571996656536 0.47205614429081955 -9.239913992524496
5.058812914807897 -0.7545582947021273 0.4703408503637987 -9.236853231528979
5.046773315614883 -0.754070440049922 0.4682535944987493 -9.232660366290117
5.034736074803192 -0.7517536112315855 0.46594271059700376 -9.227728244871923
5.022696242627779 -0.7532780181382881 0.4634424636114107 -9.227591014636019
5.010648995898689 -0.7544637995523064 0.4610367201634237 -9.228038482776002
4.998591655540196 -0.7555965742080433 0.45889242262568597 -9.229167394107334
4.9865230438091634 -0.7579075637125852 0.45712302946096894 -9.231980122993603
4.974442534482324 -0.7601174845086844 0.45588392989998916 -9.234897845923404
4.962351562828589 -0.7615480926787738 0.45528098586725424 -9.236913434414864
4.950254417611575 -0.7629746759747956 0.45536891125584994 -9.238594935552975
4.938156614835022 -0.7647626293328612 0.4561782196396578 -9.24015577284763
4.926064356797405 -0.7674557419576483 0.4577233255632961 -9.242015079274736
4.913984302167465 -0.7711405571717376 0.4599923435272705 -9.244167154061412
4.901923232134141 -0.7757263482608172 0.46294549140790053 -9.246466151332083
4.889887833517222 -0.780868082834885 0.46651294676270577 -9.248556427551879
4.877884583466994 -0.7863640965888605 0.47061424873371605 -9.250268257470562
4.865919473178187 -0.7918964322643608 0.4751471850387742 -9.251336959918518
4.853997778343789 -0.7977661816466135 0.48002754684637433 -9.252096085738462
4.842124080474762 -0.8034523403758441 0.48512668273369214 -9.25208039205835
4.830302174744115 -0.8061489960745557 0.4901940939861371 -9.248671257928752
4.818534545950368 -0.8063844354477925 0.49515151662567064 -9.242457838967624
4.8068234062752575 -0.8080281369470637 0.5000950478740397 -9.2371681431361
4.795171504302645 -0.8142255115900123 0.5050775614465989 -9.235866426225018
4.783581377987293 -0.8232999203393432 0.509858332151719 -9.237108633010042
4.772052499244944 -0.8329569065186203 0.5141760774448676 -9.238892436980969
4.760581393197682 -0.8419094022500101 0.5178387883885907 -9.240104793292208
4.74916318808152 -0.850229325434134 0.5207494267387919 -9.240897361637296
4.737792564249358 -0.8577129969445748 0.5228447923672772 -9.241163601896158
4.726463522232841 -0.8647249404600235 0.5241126616243049 -9.241347434167938
4.715169603597485 -0.8713550263843811 0.5245641162744648 -9.241657286810721
4.703903583136573 -0.8772461639800362 0.5242374431882552 -9.241893084165692
4.69265750773519 -0.8803750349668689 0.5232408851825713 -9.240219987270226
4.681423527069108 -0.8807965367969163 0.5217142832399946 -9.236726329863085
4.670194786213985 -0.8789282634133905 0.5198093401084629 -9.231816111821221
4.658965808688017 -0.8781921595721195 0.5176097847243156 -9.228805150010384
4.64773195654325 -0.8796977454586347 0.5152464046033374 -9.228810740649802
4.6364889273392595 -0.8810704261295598 0.5129510010186581 -9.22943002393215
4.625234369062877 -0.8824746966634262 0.5108852386034702 -9.230697924402023
4.6139672481401615 -0.8853759083172066 0.5091676632702954 -9.233909059353866
4.602687147682245 -0.8873708507909389 0.5079794983867006 -9.236421853141806
4.591396239964479 -0.8888744526196323 0.5074234560569673 -9.238419895775234
4.580099121353016 -0.8903034916225684 0.5075620194510788 -9.240180872995541
4.568801323142364 -0.8919655882512741 0.5084301255660005 -9.241903467128427
4.557508898029329 -0.8942218769903296 0.5100415976740612 -9.243855358937344
4.54622825380848 -0.8971730670840828 0.5123835007435484 -9.246061342842864
4.5349658875959244 -0.9006282564843334 0.5154099889152158 -9.24827662279591
4.5237282021280105 -0.9043610963427053 0.5190513765133375 -9.250252624019442
4.512521236100639 -0.9080998066767745 0.523216344398858 -9.25171677285434
4.501350555455406 -0.9117181538307382 0.5278047713168494 -9.252553221562772
4.490221013394863 -0.9156754680323611 0.5327377092154368 -9.25321237656485
4.479136906540649 -0.9187093867960648 0.5378482769953619 -9.25246735030972
4.4681016602644945 -0.9184682522849749 0.5429066509248285 -9.24807061081751
4.457117643339575 -0.9166845021635872 0.5478960606478808 -9.241754254344995
4.446187193139021 -0.9169932761029415 0.5529048099252291 -9.237078902483248
4.435312736234302 -0.9216655310345038 0.5579295347241948 -9.236303954562814
4.424495935656407 -0.929051890327032 0.5627318822682085 -9.237958601342404
4.413735625282357 -0.93634420790044 0.5670260379678432 -9.239463180192207
4.4030279206900005 -0.9431265624432433 0.5706715042221762 -9.240488803783627
4.392368138155274 -0.9494868416187906 0.5735783464373516 -9.241188954825567
4.38175103209073 -0.9553870757517868 0.575688070199799 -9.2415959851009
4.371170668495593 -0.9609026756096551 0.576984091062015 -9.24186641401013
4.360620534300688 -0.9660899983944155 0.5774784508083558 -9.242157949327005
4.35009354023887 -0.9704933868376127 0.5772142449537471 -9.242143539557802
4.339582192553474 -0.9719136724982256 0.5763005370179655 -9.239780811904957
4.329079554159322 -0.9709114006295994 0.5748719291087752 -9.235642020618625
4.31857969284401 -0.9687799948848843 0.5730639416853951 -9.230995799180272
4.308077910249226 -0.9703069884540392 0.5709258047529918 -9.230559547214291
4.297569264074382 -0.9717854602064432 0.5686813369874439 -9.230717340203835
4.287050320297776 -0.9732132953417151 0.5664952856908777 -9.231427184668405
4.276519071870345 -0.9749567904058591 0.5645122364716829 -9.232962816506213
4.265974601207289 -0.9778704403383226 0.5628650307245041 -9.236043700056964
4.255416887697367 -0.9797339212085109 0.5617334089897867 -9.238269457623545
4.244848607395947 -0.9813248839329867 0.561219586990883 -9.240253846945372
4.234274419408386 -0.9828197839586051 0.5613846066957202 -9.242085007375884
4.223699680073299 -0.9844733258348596 0.562262568546873 -9.24394010416402
4.213130158476954 -0.986484685124988 0.563863229535129 -9.245947511395812
4.202571908995322 -0.9889721687293396 0.566170729296696 -9.24816364994376
4.192031044161701 -0.9916173062306878 0.5691325175664574 -9.250219522042233
4.181513437006029 -0.994305445401627 0.572678862376104 -9.251966232883849
4.171024652703487 -0.9967915577702561 0.576718496424021 -9.25313715492878
4.1605697879246835 -0.999277715360454 0.5811673694303996 -9.253915826701142
4.150153332398076 -1.0018763176935512 0.5859345843801467 -9.254389749658976
4.139779250450696 -1.0030520295177894 0.5908463695709301 -9.253033940634953
4.129450732562912 -1.0006809803563839 0.5956891401551065 -9.24778854432926
4.119170028261581 -0.9976135757040793 0.600502293280553 -9.241474714103205
4.108939497703164 -0.9973072835559897 0.6053624501317848 -9.237516111968207
4.0987612199389245 -1.0008168858323108 0.6101948814908265 -9.2370025888146
4.0886359656354685 -1.0067688721287087 0.6147854776060616 -9.23869055167371
4.078562127256009 -1.0123175396379926 0.6188612705761367 -9.239902839703408
4.068535814504625 -1.0175567112604749 0.6223135496763114 -9.240789909722
4.058552544297631 -1.0225314738337454 0.6250580264097018 -9.241458169730903
4.048607118610825 -1.0272268450617639 0.6270372064196993 -9.241950671391711
4.038693614580571 -1.0315882224288362 0.6282331826743867 -9.242285453249359
4.028805559033859 -1.0355958847205244 0.628655751965435 -9.242529408714049
4.018936023551945 -1.0382590847225772 0.6283550428158754 -9.241804983196493
4.009078078372992 -1.0384361569198688 0.6274386294538088 -9.239059014220707
3.999225577412004 -1.0364099846578347 0.6260427939429628 -9.234594322441211
3.9893734554839937 -1.0347751369404938 0.6242664902005068 -9.230971394681236
3.9795172534864913 -1.0365728225222748 0.6221786779615697 -9.23122902482288
3.96965216954334 -1.0378570810394798 0.6199975031536497 -9.231498194448433
3.9597752565838453 -1.0391392754320912 0.6178621095010823 -9.232258126840273
3.9498847357780336 -1.0410827426497244 0.6159065104310061 -9.234091511804497
3.9399798016710217 -1.0438549623683602 0.6142790499371715 -9.237049501804389
3.9300608770400585 -1.0457968644484938 0.6131557684327469 -9.239333119873749
3.9201312095288174 -1.047537428656187 0.612635850598428 -9.241462466926983
3.9101953987357185 -1.049181526246739 0.6127776010449574 -9.2434812706094
3.90025865130457 -1.050863375192751 0.6136133625731103 -9.245467508921855
3.8903265647937633 -1.0527486061374154 0.6151500932303301 -9.247534711158282
3.8804049621695507 -1.0549334716221526 0.6173688786560392 -9.249730932748363
3.8704996127168374 -1.0570933358257264 0.6202151924855688 -9.251684680316409
3.8606160721287486 -1.059066325783032 0.6236172457130174 -9.25319924197613
3.8507595901857212 -1.0607657991895594 0.6274900622173212 -9.254160039124852
3.8409349222004536 -1.0625569140880502 0.6317581993813003 -9.254900941568
3.831146282858477 -1.0642884637527126 0.6363228996262041 -9.255237387114498
3.821397374660123 -1.0639612681006283 0.640994224360906 -9.253168217840798
3.8116911934044535 -1.0599966854650922 0.6455869973963643 -9.247151271398733
3.8020299148249954 -1.056253600143194 0.6501859315777403 -9.241014361996926
3.7924157490562496 -1.0559397830980444 0.6548446402435966 -9.237948548534945
3.7828503562640097 -1.058979015902549 0.6594244906297348 -9.237926425200971
3.7733337091924968 -1.0637110652156132 0.6637082778404747 -9.239400422686082
3.7638636442589855 -1.068071328919155 0.6674748590746117 -9.240411766782003
3.754436379665362 -1.0723087028092004 0.6706298847150699 -9.241260672341006
3.7450474945664913 -1.0763163734858368 0.6730922432370535 -9.241901820621067
3.7356917131215535 -1.0801208750280207 0.6748139662130347 -9.242413696604455
3.7263631253747205 -1.083591405974356 0.6757782900394917 -9.242732027654785
3.7170553130076933 -1.0865486526730364 0.6760022395229827 -9.2427519487522
3.707761605049883 -1.0876001966190199 0.6755487639705345 -9.241177026232162
3.6984757732584366 -1.086596892715598 0.6745295925463879 -9.237902731964029
3.6891923776740647 -1.0840550200702759 0.6730690582261243 -9.233461899100014
3.6799069856576487 -1.083508625221783 0.6712342895113762 -9.23136877274877
3.6706149438443116 -1.0849567758276046 0.6691420903199647 -9.231674466414326
3.661311988759811 -1.0860450134932689 0.6669733215747121 -9.232066961418287
3.651995487148371 -1.0871862520744382 0.6648651380019438 -9.232925003727072
3.6426640038338167 -1.0894177997419328 0.6629418464096226 -9.23520710425623
3.6333168994165974 -1.0916725378607106 0.6613752220865873 -9.23773733289471
3.623955422042552 -1.0936080693318613 0.6603161761158076 -9.240070928663222
3.6145831900877825 -1.0953745667210708 0.6598531523439898 -9.242288710157531
3.605204806515428 -1.097076825222487 0.660036842340063 -9.244448568648743
3.595825387521697 -1.098746503983341 0.660892006121411 -9.246537532259872
3.5864503880575764 -1.100578757715436 0.6624187862323866 -9.248708164353175
3.577085365858929 -1.1024847984882495 0.6645875553008258 -9.250825417593749
3.567735805149797 -1.1043313868249136 0.6673454086325225 -9.252714682401841
3.558406969571921 -1.1058031480590889 0.6706152823898966 -9.254024328472955
3.549103806305788 -1.1070179444749892 0.674320169772383 -9.254842627061214
3.539830742363912 -1.1083471303924533 0.6783879395929041 -9.255503805197385
3.5305917167053273 -1.1094412263361006 0.682717204691592 -9.255622704249973
3.5213902010770806 -1.1075553150374602 0.6870911572513854 -9.252454912214272
3.5122290017782554 -1.1024786848704866 0.6913902559388253 -9.245812824104107
3.5031102246854955 -1.0987326641470392 0.6957216512262497 -9.240192853832745
3.494035747376557 -1.0987018883029247 0.7000863744691284 -9.23798096175162
3.4850065461628 -1.1015288577642692 0.704310573734598 -9.238376244243081
3.4760218067115902 -1.1053756430538273 0.7081833320734282 -9.239637197493675
3.4670788884405184 -1.108975377706131 0.7115403582526196 -9.240569857196807
3.458174041993315 -1.1124299251531062 0.7142947099787387 -9.241328460137236
3.4493027304918003 -1.1157278867227227 0.7163790128990714 -9.241957439011529
3.440459616567664 -1.1187791755837415 0.7177515890890958 -9.242421282318606
3.4316387709154728 -1.1214340463501955 0.718396906641156 -9.242630229192397
3.4228338107252085 -1.1233465282940507 0.7183432439278206 -9.242298879552187
3.414038371253551 -1.1229258725759772 0.7176725957319461 -9.239908915759663
3.405246933635148 -1.1209595078655417 0.7164945462217944 -9.236265222794962
3.396454700937331 -1.1188921932266764 0.7149076849531975 -9.23282497762479
3.387657304108808 -1.1199144056249772 0.7129661383464294 -9.232787110062226
3.3788497324458167 -1.1208572258657366 0.7108434575306711 -9.233047804698307
3.370028725366414 -1.1216182169028102 0.7086711637726562 -9.23350788969804
3.361192081783163 -1.1225549273066915 0.7065827775343111 -9.234477900463045
3.352338815255695 -1.1244848394227567 0.7047036371962033 -9.236691564174183
3.343468816867512 -1.126235430564987 0.7032037371908825 -9.23887660551571
3.334584233969205 -1.1279518419479955 0.7022082472852752 -9.241109321308466
3.3256888578066195 -1.1297601281720662 0.7017899113740516 -9.243464197538792
3.3167872105770497 -1.1314487165834444 0.7019946005257256 -9.245683817078266
3.3078843856445492 -1.1332171959033535 0.7028418780911334 -9.247930792180858
3.2989857335715986 -1.1350474632787537 0.7043254967269121 -9.250150339582904
3.290096670173284 -1.1367911876230992 0.7064119530958317 -9.252158751647556
3.2812225252033063 -1.1383673826451814 0.7090484179605848 -9.253845807782893
3.2723683808212964 -1.1395703853648227 0.7121616834691336 -9.254978886268646
3.2635389323629336 -1.140642549120482 0.7156812596041595 -9.255774114257164
3.254738351153985 -1.1416803079540576 0.7195283540472446 -9.256295017906488
3.2459703286664743 -1.1417928137809632 0.7235828131387947 -9.25562312149104
3.2372381025402133 -1.1385693092661744 0.7276454906157036 -9.251352052778746
3.228544308257643 -1.1330383332187404 0.7316513568503265 -9.244530068845496
3.2198908355168 -1.1297214997797553 0.7356933038938532 -9.239659044732456
3.2112789881269266 -1.1299581463757757 0.7397117980832453 -9.238088285576705
3.2027088817149156 -1.1322188234618547 0.7435178320599612 -9.238363749359802
3.194178947537088 -1.1353384406620761 0.7469431618792417 -9.23938529180377
3.185686256446553 -1.1383561196855494 0.7498523747724934 -9.240254455736224
3.177226898047938 -1.1412233581498281 0.7521660897258939 -9.240974140843832
3.16879611974698 -1.1438745099815668 0.7538263752804224 -9.241532263074284
3.160388449576627 -1.1461434252665503 0.7547991301772762 -9.241817467080823
3.1519978787232774 -1.1478062157198214 0.7550872714546514 -9.241654311627382
3.1436182304103535 -1.1479074499247304 0.754740742987539 -9.240139394973797
3.1352438638470397 -1.1465629861576625 0.7538498629986092 -9.237420066965168
3.126869769350311 -1.144481977339033 0.7525128948107518 -9.234228078379111
3.1184915034475047 -1.1432862748483636 0.750808012571616 -9.232203205795479
3.1101046054033814 -1.1438560640128204 0.7488168271870327 -9.23225668199268
3.101704720694399 -1.1443376958686848 0.7466853279449169 -9.23256180761937
3.093289004675726 -1.1447873637587287 0.7445373245758004 -9.233154784573646
3.0848557264184535 -1.1458093979333106 0.7424955958296147 -9.23457424117295
3.0764042247565464 -1.1472098163768427 0.7407034971560557 -9.236533156565084
3.067935368187401 -1.1488549795992238 0.7393014958595093 -9.238829406756327
3.059451811693946 -1.1505936709999403 0.7383908154470301 -9.241259156753628
3.0509573677693265 -1.152566362193538 0.7380322227375212 -9.243909723345475
3.042456519025364 -1.1545328322452013 0.7382656744995773 -9.246493697051541
3.0339542934526698 -1.1564073254283116 0.7391044112465026 -9.248889618096204
3.0254560187845967 -1.1581745970426973 0.7405368907820675 -9.251055967544632
3.0169670721966457 -1.159869440156291 0.7425317828766065 -9.253008368633878
3.0084926642575383 -1.1613174582057664 0.7450347147123814 -9.254554553527628
3.000037720459426 -1.16241136103129 0.7479758212253893 -9.255571270941596
2.991606705287984 -1.163497037565771 0.7512902541709624 -9.25638375314868
2.983203542806196 -1.1642257390524036 0.754887416949084 -9.256618039702307
2.974831701323921 -1.16324077853656 0.7586333736133434 -9.254901889799456
2.96649425719975 -1.158938736080429 0.7623635251553698 -9.249651323801807
2.9581936245267393 -1.1529441030806915 0.7660331162307893 -9.242511544614604
2.949931310897823 -1.1507335377247916 0.7697513351806371 -9.238926277371043
2.9417079041739767 -1.1516455595909245 0.7733656355129193 -9.238257218624135
2.933522583498497 -1.1538776361720846 0.7766902827932214 -9.238780482708592
2.925373084358805 -1.15653458017044 0.7795874201641992 -9.23965653789004
2.9172561099198657 -1.1590532622141048 0.7819566075161037 -9.24037753665313
2.9091674854304945 -1.1614030280664 0.7837327579145491 -9.240964511267299
2.9011022523260097 -1.163403029686332 0.7848697600621234 -9.241292061671446
2.893054824707815 -1.164820228259801 0.7853548785740364 -9.241177892468215
2.88501931293886 -1.165309925750713 0.7852196158993889 -9.240319895593572
2.876990037791235 -1.1644186049225977 0.7845378854322173 -9.238303756641209
2.868961954948956 -1.1624632709117955 0.7833988531261818 -9.235472723355485
2.860930584751686 -1.1609088268706138 0.7818752861800663 -9.233309433101827
2.852891407481143 -1.1609408548213136 0.7800330004065914 -9.233023879881918
2.8448397996124664 -1.1608771916605771 0.7779949665502374 -9.232959393959552
2.8367725548698846 -1.1607737404197098 0.7758613179476258 -9.233162234841023
2.8286873286025833 -1.1609208763909076 0.7737437799942124 -9.233879029599276
2.8205828169543814 -1.1613727622435754 0.7717669252949381 -9.235073502424083
2.8124590722673477 -1.1624039073695582 0.770058801457103 -9.236935728375027
2.8043175719243054 -1.1640107581815853 0.7687383680450658 -9.239414232456959
2.796161108139203 -1.1658673626642846 0.7678881642473597 -9.242134509043476
2.787993462309388 -1.1678305464778813 0.7675631138292475 -9.244891707924154
2.7798191834107095 -1.1697668839939173 0.7677970079989623 -9.247508520977478
2.7716433489332855 -1.1716409952227138 0.7686005593355342 -9.249922840714744
2.763471277939866 -1.1734161519690787 0.7699613509263372 -9.252082431386128
2.7553082899853893 -1.1750704202014552 0.7718466715967406 -9.25395727652311
2.7471594996359006 -1.1764825923981028 0.774203485100272 -9.255420869460515
2.739029679717957 -1.1775194759266205 0.7769623220854852 -9.256335232211104
2.7309230934351767 -1.1785008349309491 0.7800583342826425 -9.25700667083252
2.722843442082686 -1.1789527518392193 0.7833996368919965 -9.256945407658556
2.7147939874727767 -1.1767345442592128 0.7868248099446821 -9.254014991851525
2.7067776342244128 -1.1708206569913833 0.7901873831639978 -9.247223636800026
2.6987965107502965 -1.1656576078160328 0.7935403840618438 -9.241015990260943
2.6908515218456506 -1.1643017679644303 0.7968747020918076 -9.238430322813006
2.682942230300969 -1.165233378775584 0.8000206260072046 -9.238000098651149
2.6750669350380645 -1.167568250949579 0.8028384167807748 -9.2388934964256
2.6672228015047477 -1.1697412446741662 0.8051942880294503 -9.239605000633677
2.65940619409504 -1.171763941394649 0.8070188197198034 -9.240192367557302
2.6516126711542283 -1.1734822088701296 0.8082568475825833 -9.240553534813166
2.6438371092726864 -1.1746767163730398 0.8088807130837466 -9.240519418025684
2.636073963982687 -1.1752802913553375 0.8089048872222568 -9.240062693691694
2.628317637938743 -1.1748330269789642 0.8083831184293736 -9.2387608576067
2.6205630038480883 -1.1731280039580474 0.8073919338613103 -9.236433763752679
2.6128055625337883 -1.1715625030672288 0.8059950765484843 -9.234495142249344
2.6050406902918546 -1.1707383148924861 0.8042590701953597 -9.233567664007403
2.5972639068111976 -1.1701928749467698 0.8022700435025427 -9.233208234484175
2.589471500548715 -1.1695242595526343 0.8001195465954914 -9.233011227122475
2.5816606920646095 -1.1691396445677604 0.7978966092614932 -9.233350418733467
2.5738294543247453 -1.1688244752811954 0.7957172002322052 -9.23393694712544
2.565977175634312 -1.1688482966994904 0.7936933742554365 -9.234945994799698
2.5581045380382954 -1.1696022837460027 0.791932293929798 -9.236718236632598
2.5502132217679083 -1.1711933708324058 0.7905348343771051 -9.239323811439682
2.542305877502652 -1.1731631796592354 0.7895830086498108 -9.242256500314792
2.5343862133710675 -1.1751645387482286 0.7891347637772277 -9.245113548939706
2.5264588289712884 -1.1771264593083464 0.7892255434401858 -9.247786753063501
2.518528846260298 -1.179011254365347 0.7898682573363159 -9.250221594397159
2.510601608226841 -1.1808008867830726 0.7910523229792915 -9.252395357289757
2.5026824134225274 -1.182454139158875 0.7927448242212229 -9.254267464928411
2.4947763146303497 -1.1838586731983742 0.7948927315696408 -9.255727808296475
2.4868879793879843 -1.184930772658042 0.797427935395023 -9.256693086277576
2.4790215537290186 -1.1857455245110438 0.8002779393011105 -9.257229339313467
2.4711806330278567 -1.186021092863732 0.803357024259344 -9.257042993526614
2.4633683440039698 -1.183105778813523 0.8064897139316322 -9.253499231356823
2.4555875817549717 -1.1764821546958295 0.8095450815040699 -9.246116396018575
2.4478403890375198 -1.172012477712243 0.8126061849266771 -9.240740036937474
2.440127022978856 -1.170914305801395 0.8155867069032129 -9.238583301476288
2.432446363236986 -1.1718940836746363 0.8183355305152947 -9.238410772392957
2.4247961760469665 -1.1738450764034325 0.8207219470117755 -9.239163912853035
2.4171733299112326 -1.1756243123414436 0.8226395984163499 -9.239753427645425
2.409574020284565 -1.1771868071504228 0.8240259868408897 -9.24018170713871
2.401993684919438 -1.1783482168672725 0.8248343740720613 -9.240316127558852
2.3944271647365807 -1.1788869520563239 0.8250546535326427 -9.239979058930551
2.386869073918068 -1.1788662570029156 0.8247177191850577 -9.239267373373075
2.379314072224445 -1.177849531729791 0.8238839012093082 -9.237772195687029
2.3717573816080257 -1.1764369009270184 0.8226150781165942 -9.236113454541709
2.364194364587265 -1.1752896839100884 0.8209726300399944 -9.234971337693903
2.3566204711262064 -1.1742428782721877 0.819027891110407 -9.234194441193715
2.3490317325663246 -1.1731568613948675 0.8168583331202814 -9.233647604694973
2.341424866010834 -1.1721090449532747 0.8145442149357756 -9.233388480862901
2.3337973311569304 -1.1714871829051345 0.8121733479442066 -9.233757151079963
2.326147385492788 -1.1707112278729723 0.8098650532842915 -9.234084508683743
2.31847503219605 -1.1706176100813106 0.8077104294148679 -9.235136460279495
2.3107810044261625 -1.1712612057137184 0.8058134981986953 -9.236926346215142
2.3030670608026753 -1.1728442420628744 0.8042689255893267 -9.239623806035183
2.2953357806177634 -1.1748259458276464 0.8031589062858462 -9.242644501498702
2.2875908789672352 -1.176790787677742 0.8025419557865957 -9.245526775302134
2.279836996503479 -1.178697199125635 0.8024531158680791 -9.248198542854567
2.2720792532779934 -1.1805055069902826 0.8029047735716565 -9.250609812969756
2.2643229538191916 -1.1822107333987295 0.8038855200882752 -9.25275642379906
2.2565733143513915 -1.1837593121616299 0.8053607947997269 -9.254588782946247
2.248835280557143 -1.1850356433086693 0.8072763421544706 -9.255995633735893
2.2411134002989814 -1.1859942799607108 0.8095644171082979 -9.256932335328944
2.2334117079372793 -1.1865898598027347 0.8121493771440372 -9.257345126370229
2.2257337185547117 -1.1863797664745364 0.8149405846572141 -9.256784682635672
2.218082508184341 -1.1829430893286619 0.8177734446333386 -9.252852506444185
2.210461003024502 -1.176284839342305 0.8205333462260971 -9.245587471492037
2.2028711630965927 -1.1724496383589929 0.8232865846265792 -9.241013690437889
2.195312565908012 -1.1715827772120273 0.8259087007998901 -9.239279141562523
2.187783575029646 -1.17247367699958 0.8282606205347128 -9.23922807930698
2.180281623910222 -1.1740632875447239 0.8302305261331725 -9.239848550067949
2.172803437768057 -1.1754608326876066 0.8317309737767522 -9.240301282049128
2.165345163218099 -1.1765696468322626 0.8327071172226329 -9.240538863229762
2.1579022576036637 -1.1772098634403794 0.8331268743665258 -9.240430520677176
2.1504697254665737 -1.1772511648062536 0.8329926997950374 -9.239887919244813
2.1430424145260645 -1.1767895307148009 0.8323412348013831 -9.239038574627276
2.1356152253980225 -1.1756697258910047 0.8312279574942372 -9.23775219859838
2.12818345406332 -1.1744352291840534 0.829708836070571 -9.236591996251242
2.120742466782951 -1.1731503696787169 0.8278472219748696 -9.235638605576014
2.11328803716186 -1.1717220678272038 0.8257082976778092 -9.234806397514017
2.105816493449239 -1.170163475203614 0.8233638661519354 -9.234101297946932
2.098324801568814 -1.1688636288896082 0.8208854543429822 -9.233882150865021
2.0908104786539443 -1.1679295983064515 0.818366373601284 -9.234195361662081
2.0832721021506977 -1.1667886999665646 0.8159215754434995 -9.23437584225481
2.0757100448255614 -1.166445373244572 0.8136276338807077 -9.235378096512038
2.068125003607504 -1.166875718721799 0.8115834271351117 -9.237141124140427
2.060518678018673 -1.168163046714272 0.8098807505921461 -9.239716291259125
2.052893603455557 -1.1699843034496178 0.8085964956898138 -9.242743490472165
2.045253318375272 -1.1717761164377811 0.8077897935140883 -9.24561654532913
2.037602390473769 -1.1735126487534902 0.8074945418596646 -9.24827726286127
2.0299458565464623 -1.1751544363440842 0.8077232483062016 -9.250674738369591
2.0222889429056954 -1.1767003503970013 0.8084654148228314 -9.252808466398715
2.0146367904970277 -1.178103973908644 0.8096878840598812 -9.254636291112302
2.006994278286174 -1.1792500166584459 0.8113380957609129 -9.256047888286218
1.9993659095713452 -1.1799903484071936 0.8133478720835586 -9.256897409782196
1.9917557469557678 -1.1804285677744457 0.8156460720499781 -9.25728214294788
1.984167282281569 -1.1800582146271537 0.8181425264872366 -9.256696651505598
1.9766035940486342 -1.1764008511660975 0.8206776549989212 -9.252691052954384
1.9690678116133622 -1.1700092770608281 0.8231510451512589 -9.245851669156982
1.9615618775359822 -1.1662374239286457 0.8255885878977842 -9.241517192947075
1.9540849418139528 -1.1655133235065291 0.8278745058251019 -9.240120630265416
1.9466348664644872 -1.166057764483971 0.8298640152986712 -9.239941394289058
1.9392089491792 -1.1672700905052678 0.831465798953122 -9.240423831893613
1.9318037645500568 -1.1682849582911554 0.8326022329223594 -9.24075361169378
1.9244154271520675 -1.1689275224459161 0.8332237864663445 -9.24080601662316
1.91703945577137 -1.1690455487562923 0.8333101023438346 -9.240474392285847
1.909671025048855 -1.1686319535062557 0.8328712917004234 -9.239793038471795
1.902305130645294 -1.1677324258952524 0.8319435755078157 -9.238836245129878
1.8949368452235997 -1.1665349040071697 0.8305763911120633 -9.237813776876255
1.8875613898276078 -1.1650390451721735 0.8288288155653705 -9.236744128579527
1.880174389085649 -1.163328989860869 0.8267592288911727 -9.235722675664798
1.8727718565442137 -1.1614585914701454 0.8244265469215762 -9.23480580204147
1.8653502506491275 -1.1594968343752194 0.8218994018201595 -9.234045146156642
1.8579066555199555 -1.1578594196477052 0.8192470888911147 -9.233816234862754
1.8504386941164734 -1.1564963064854055 0.816564465543574 -9.23399836705433
1.8429452288103692 -1.1550022196486787 0.8139563510185637 -9.234094962773481
1.8354267704486755 -1.1543328675880538 0.8114878463272895 -9.23502334646897
1.827883924762906 -1.1545038488752737 0.8092513982906637 -9.236765817908697
1.820318217919814 -1.1554721562053971 0.8073387994631257 -9.239247534388943
1.8127320853491264 -1.156986353267777 0.8058258211637128 -9.242185432733828
1.8051289237203059 -1.1586084416392122 0.8047715079103679 -9.245105337908669
1.7975130871350242 -1.1601646900359477 0.8042116035777509 -9.247802582896357
1.7898894966607128 -1.1616295748396814 0.8041598302766766 -9.25023708278826
1.7822632773672549 -1.1629919512757267 0.8046078330048361 -9.252396511042097
1.7746394992828454 -1.1642315960399663 0.8055255004290656 -9.254264555419923
1.7670229824384758 -1.165236035617277 0.8068629810541333 -9.255733250137665
1.75941820599976 -1.165721972070642 0.808552308738747 -9.256522497998503
1.751829334287881 -1.1660245647805811 0.8105275076126046 -9.256962366608441
1.7442598374617087 -1.1657502369527135 0.8127044591455748 -9.256665085104496
1.736712771066587 -1.1621076896302902 0.8149263634341856 -9.252872880847306
1.7291916622054482 -1.1559299636456233 0.8170971405405273 -9.246454408622345
1.7216986205203506 -1.152024424630383 0.8192114170978498 -9.242208048007882
1.7142325446564879 -1.1510238357390372 0.8211577098861312 -9.24077160422397
1.7067909403577195 -1.1512560406302053 0.8228027530101854 -9.24053103770586
1.6993709541356898 -1.15206941286053 0.8240612654269971 -9.240884482756815
1.6919691093823408 -1.1526443277258105 0.8248620726455465 -9.241067419910717
1.6845815523016312 -1.1528088801421519 0.825160613544517 -9.240960124549417
1.6772038823016342 -1.1524270022736636 0.8249430089660127 -9.240472792348495
1.6698314034460935 -1.1515414102369106 0.8242219795749219 -9.239685494449645
1.6624592265431475 -1.1502265690955724 0.8230333833286898 -9.23869785758326
1.65508252074196 -1.1485952048402037 0.8214249709017969 -9.237642751599713
1.6476966377402142 -1.146627072148082 0.819452725696015 -9.236514772906663
1.6402973472247264 -1.144406992836684 0.8171721977248765 -9.235405116632052
1.6328808037060758 -1.1420079493172526 0.8146414322541162 -9.234381052254083
1.6254436133824353 -1.1396248528015631 0.8119245811544279 -9.2336114063503
1.6179829062951794 -1.1375652063023383 0.8090928174325811 -9.233352582837403
1.6104964769658585 -1.1357062122444461 0.806239167092781 -9.23340264754345
1.6029834510669778 -1.1338330399230565 0.8034531329200096 -9.23346866883892
1.5954442960566915 -1.1328003536938294 0.8007924013264536 -9.234370489664702
1.5878794674896093 -1.1326115381580342 0.7983463607830681 -9.236078905872738
1.580290339526052 -1.1331874179095949 0.7962052759022903 -9.238483986744654
1.572679198886161 -1.1342643343667733 0.7944450521870374 -9.24129472722717
1.5650493175313316 -1.1356402213611532 0.7931222605284822 -9.244280109197426
1.5574047232131853 -1.1369324749220526 0.7922756641063541 -9.247028255223974
1.5497502010489868 -1.1381343663565202 0.7919194919866083 -9.249512791933048
1.5420907505201997 -1.1392280856555754 0.7920473945389609 -9.251711201139852
1.5344313538056102 -1.1402199786596576 0.7926322731122815 -9.253632008512339
1.5267767561236767 -1.1408958304913075 0.7936260437008659 -9.255064003365035
1.519131482246252 -1.141045856357434 0.7949641654866145 -9.255801277239847
1.511499769360916 -1.1410622933425827 0.7965816784599328 -9.256236421717505
1.5038850669697768 -1.1405763637268405 0.7983976308771081 -9.256011186214934
1.49629045218986 -1.1370242435809945 0.8002716938677658 -9.252597125646226
1.4887197669578116 -1.1311084010265449 0.8021039346757618 -9.246736515800778
1.481175354430993 -1.127434607380038 0.8038678932850225 -9.24302991414492
1.4736557044545138 -1.1258566735920472 0.8054378474971922 -9.241344531072553
1.4661583458136815 -1.1255686830385383 0.8067052762172332 -9.240928538931158
1.4586802036157334 -1.1258591749626734 0.807591528182333 -9.241126747563062
1.45121771288777 -1.1258677413845657 0.8080315104131749 -9.24113988433143
1.4437671039935522 -1.125444793722349 0.8079882905049587 -9.240873149415712
1.4363241152332589 -1.12446074227848 0.8074522732728573 -9.240243794836271
1.4288842343781993 -1.122983986537319 0.8064374030516076 -9.239354824867995
1.421442731251722 -1.1211335802316826 0.8049780388839228 -9.238347935336506
1.4139948791328227 -1.1189223573697036 0.8031210065799179 -9.23725410169532
1.4065362216128925 -1.1163432155263573 0.8009191325379417 -9.236075911489936
1.3990627071462283 -1.1134633564379668 0.7984249775504714 -9.234882133429345
1.3915706721047616 -1.1103984295343898 0.7956957388268748 -9.233774410202617
1.384056877001387 -1.1075015706410487 0.7927891014177376 -9.233070434932793
1.376518420671962 -1.1048335903994988 0.789781218740411 -9.23276576724963
1.3689533967836522 -1.1023037532606794 0.7867574307338228 -9.232686326107267
1.3613611511537824 -1.0998670428287824 0.7837918011407061 -9.232721510552363
1.3537420347542921 -1.098256798380687 0.7809363373176665 -9.233571151226627
1.3460963329577122 -1.0975070319149656 0.7782756173366614 -9.23523563821653
1.338425209733077 -1.09747881774768 0.775899838992292 -9.237545459222648
1.3307307982618024 -1.0979310677772636 0.7738841854068332 -9.24023481712614
1.3230161980165305 -1.0987204872042435 0.7722839466812239 -9.243135131867504
1.3152852066080079 -1.0995862049037088 0.7711367558168024 -9.245959771120663
1.307542289507886 -1.1003481899312346 0.7704587029080504 -9.248507568250684
1.2997923050649136 -1.1010032855638847 0.7702442983015636 -9.250764160255398
1.2920401168527968 -1.1015654145450595 0.7704689587308986 -9.252741598286896
1.284290382787888 -1.1016934458817387 0.7710872919519426 -9.254099501054188
1.2765477401999608 -1.1013289708587541 0.7720383582727364 -9.254783604360902
1.268816484658073 -1.1008703231266161 0.7732579010151127 -9.25520020197122
1.2611000425354748 -1.1000189987799636 0.7746694200053996 -9.25506690101095
1.253401489241637 -1.0964569276941027 0.7761494494715822 -9.25210415929488
1.2457250202861052 -1.0905808920242936 0.7775929776463365 -9.246756235707448
1.2380733966959385 -1.0870037777080783 0.7789565220452669 -9.243634426092058
1.2304445254732375 -1.0845615085274822 0.7801037217969506 -9.241599593174382
1.2228363284296102 -1.0834490413049 0.7809462055974261 -9.240897934469636
1.2152454326588529 -1.0830047849219515 0.7814150808082108 -9.240932329098804
1.207668064250993 -1.0822411320310654 0.781452852245749 -9.240784992584796
1.200100580320404 -1.0810174881747767 0.7810296433127737 -9.240373800711899
1.1925389089101923 -1.079221989318961 0.7801394766237773 -9.239634123702531
1.1849787634580042 -1.0769581194548032 0.7787971099040089 -9.23870404018131
1.1774155786184202 -1.0742809735400503 0.7770370518539664 -9.237660806988185
1.1698448438045834 -1.071205939866205 0.7749045227951666 -9.236534162483297
1.1622623155337946 -1.0676992209477205 0.7724499651499714 -9.235295989200647
1.154664184401001 -1.0638421094632002 0.7697248603965273 -9.234023671426542
1.1470470086844209 -1.0598436737445278 0.76678326118686 -9.23290393636065
1.1394076403932483 -1.056153392157125 0.7636771086856238 -9.2323399558556
1.1317431007181915 -1.0525093227660278 0.760486832970539 -9.231989419120955
1.1240519430875957 -1.04894928467371 0.7572868330393301 -9.231805154531695
1.1163336874048622 -1.0455604350002752 0.7541354105641895 -9.23181845101923
1.1085885196604373 -1.0429209294183799 0.7510803431034607 -9.232572468005646
1.1008165832865697 -1.0411911905611515 0.7481966238360922 -9.23419103518966
1.0930186958532462 -1.0401286424434213 0.7455754736767141 -9.236397445577959
1.0851968358845607 -1.0395259006913204 0.7432909425802938 -9.238959983222436
1.0773538962894895 -1.039248865294308 0.74139742516817 -9.241720885510404
1.0694934696092921 -1.0391294479021873 0.7399301945468768 -9.24448818404067
1.061619732611847 -1.0390222661192612 0.7389049178700658 -9.2470959979091
1.0537372433900192 -1.0387909597444664 0.7383172739186676 -9.249392726512227
1.0458507541648037 -1.0383148672696494 0.7381431098048958 -9.251249468445632
1.0379650115792773 -1.0374212675609709 0.7383392493369855 -9.252493531190567
1.0300846637398022 -1.0360813033705143 0.7388470057386712 -9.253106441077335
1.0222140229920567 -1.0346522592183665 0.7396025035478297 -9.253460492997803
1.0143564787697703 -1.032901999897988 0.7405338585099857 -9.253345611716217
1.0065150936896505 -1.0289029025245018 0.7415355478920748 -9.250876560271784
0.9986943430313928 -1.022950644375444 0.7425033211825727 -9.246401949384971
