7.840889505467011 2.7853340352213665 1.8223405424261176 -55.67739730364101
7.832955677246753 2.7854981553836606 1.8216011371789202 -55.676823999781774
7.825031670965988 2.7860081278867455 1.820852921869063 -55.6758482910512
7.817119353637613 2.788718139749409 1.820115752385687 -55.672642673994815
7.809220137063986 2.7918779898638046 1.8193962425265633 -55.66897936809191
7.8013343251728475 2.7920317978383022 1.8187192307850286 -55.66834242402262
7.793460735341472 2.791498588309656 1.8181690762119587 -55.66847662741173
7.785596416725657 2.791112647965662 1.8178009651381786 -55.66859681735343
7.777736844203899 2.7908895000349885 1.817641502774877 -55.668721128609675
7.769876473175567 2.7908339396806574 1.817708964777642 -55.66887082533839
7.762008996960565 2.7910443135605516 1.8180164122427929 -55.66897007516739
7.754127482330029 2.79166242900203 1.8185710905916135 -55.668897740541645
7.746224466297349 2.7930385742270527 1.8193720094905428 -55.668319445371644
7.7382922152242175 2.795008915671845 1.8204133850804285 -55.66741533670172
7.730322727023062 2.797501191033228 1.8216902439316134 -55.666271155747495
7.72230776487074 2.8004335198845576 1.8231947804998876 -55.664979226470905
7.7142389343894795 2.8037024573074665 1.824911585104233 -55.66364997278742
7.706107780689249 2.807222571935359 1.8268203792348496 -55.66236991594439
7.697905961202269 2.8109556577666597 1.828897275638474 -55.66117170672772
7.689625448630873 2.8148958983678227 1.8311147306960471 -55.66004997673133
7.681258710225113 2.8189997964965023 1.8334427365527948 -55.6590337146817
7.672798813028523 2.82367174910705 1.8358346344133283 -55.65768423147059
7.664240067541918 2.8288277436495446 1.8382461752313888 -55.65605990611284
7.655577773773676 2.834256655301651 1.840637979094983 -55.654346212259014
7.646808127135754 2.839316475531669 1.8429746698144982 -55.65317264990226
7.637927658470422 2.8439312671803445 1.845214978533836 -55.652567208874636
7.628934323105347 2.848672025267991 1.8473419686545167 -55.65187236630649
7.619828428212602 2.853166501282937 1.8493871750079902 -55.65142079821497
7.610611283568261 2.856844828938768 1.851382549759471 -55.651769500596444
7.601284412445942 2.85987273366242 1.8533197529139191 -55.65272732279969
7.591849902636608 2.86246675154633 1.855188508221603 -55.654058586911965
7.5823102540944705 2.8648118776839335 1.8569845425566713 -55.655566867975026
7.572668181654495 2.8670702795010476 1.8587117416695444 -55.65708520875404
7.562926443593858 2.869387652811943 1.8603833631607054 -55.65846875641933
7.553087698208698 2.8718850848622792 1.8620225282252798 -55.65960239367025
7.543154378325092 2.874666836036974 1.86366064437093 -55.66039195810837
7.533128596568973 2.877654450065874 1.8653379386855502 -55.66093579996423
7.523011941518792 2.8805767752827705 1.8671016406408023 -55.66153453355298
7.5128052281146624 2.8833992166012505 1.8689821015400332 -55.66224759643471
7.502508577341833 2.8862767865782737 1.8709774639914374 -55.66293970848164
7.49212161447513 2.8893460706789043 1.8730669370264743 -55.66349200127883
7.481643509145776 2.8926811664649814 1.8752226717526128 -55.663843066107994
7.471073184435432 2.8960095065707745 1.8774253640328487 -55.66428395649687
7.4604092225448495 2.8992943947949783 1.8796567315019064 -55.66485235731264
7.449650244032526 2.9025542811739204 1.8819022603294708 -55.665526283520215
7.438794996270015 2.9058345106323986 1.8841508742628308 -55.66625503049983
7.427842388387552 2.909187412355156 1.8863945574105914 -55.66698029542709
7.41679148448726 2.912638575861889 1.8886286154115912 -55.66767118557195
7.405641468038092 2.9162279190805305 1.890850553776 -55.66828135206894
7.3943916757294135 2.9199428182389497 1.893061052946948 -55.66881948546861
7.383041550433838 2.9237497207422027 1.8952627571691756 -55.66931593276158
7.371590620940615 2.92762438592689 1.8974588547026914 -55.6697911264311
7.360038505623256 2.931548940839675 1.8996524631097085 -55.67025898350824
7.34838490960306 2.935510156926589 1.9018462333297095 -55.67072886668803
7.336629618942788 2.9394982170743376 1.9040421333330464 -55.67120693045855
7.324772493851054 2.9435059572447835 1.906241365405719 -55.671696910048986
7.312813462130489 2.9475282637172824 1.908444381832995 -55.67220071693908
7.300752513333977 2.951579400235464 1.91065057319039 -55.67270020716171
7.288589716515902 2.9556528860909093 1.912859256079785 -55.673199209342606
7.276325191370096 2.9597392030918415 1.9150693636416842 -55.67370537496377
7.2639590869551 2.963836334319477 1.9172790482611537 -55.67421914789326
7.2514915735712515 2.967945342106993 1.9194857527306677 -55.67473819984455
7.238922836161367 2.972068417042981 1.9216864170941623 -55.67525930459008
7.226253069902741 2.9762078733853388 1.923877717940322 -55.675779254775605
7.213482477762258 2.9803657216774604 1.9260562925352198 -55.67629521078299
7.200611269560553 2.9845434496237986 1.928218919931004 -55.67680486309232
7.187639662043587 2.9887419513040534 1.9303626530491982 -55.677306466382404
7.174567879591941 2.99296150754333 1.9324849052995732 -55.67779884157596
7.1613961551406895 2.9972018818511854 1.934583487904906 -55.67828127143635
7.148124731175101 3.0014604517185615 1.9366566558792835 -55.67875547242093
7.134753858194097 3.0057367025498216 1.938702997516341 -55.67922088687995
7.121283797200331 3.0100316245640917 1.9407214400669286 -55.679675349616566
7.107714821964921 3.014344289095659 1.9427112835524152 -55.680118708515096
7.094047217755833 3.018673003325183 1.9446720975091016 -55.680551612186015
7.080281280659388 3.0230158021964715 1.9466036348130833 -55.68097499837658
7.0664173171318465 3.0273706962133864 1.9485057670617605 -55.68138983820215
7.052455643620539 3.0317358190847865 1.950378435203685 -55.68179698459767
7.038396586287052 3.0361093772285024 1.9522216227483797 -55.68219722914345
7.02424048065644 3.0404883973730366 1.9540353582338443 -55.682592621239614
7.009987669673958 3.0448697313555853 1.9558196860951893 -55.6829854149242
6.995638502119463 3.04925295608963 1.957574460899397 -55.68337501598853
6.981193334390324 3.053637714222958 1.9592992193663437 -55.683760766217866
6.96665253076271 3.0580237217105166 1.9609932894979853 -55.684141932539696
6.952016463769729 3.062406848764977 1.962655957952183 -55.684521825136784
6.93728550989415 3.0667831181739302 1.9642864912678808 -55.684903601051964
6.922460050939521 3.071152245509666 1.9658840853099755 -55.685286615515786
6.90754047735063 3.0755145984286703 1.9674479770730586 -55.6856696430902
6.892527186305741 3.0798705345985598 1.968977583734349 -55.68605152155632
6.877420580641912 3.0842201610898465 1.9704725573903394 -55.68643137531105
6.8622210682908955 3.0885632628868125 1.971932796701489 -55.68680867538716
6.846929061999976 3.0928994139160557 1.9733584302326486 -55.687183117635705
6.83154497922739 3.0972279492099886 1.9747497916870955 -55.68755465194907
6.816069242018643 3.101548066527507 1.976107385193703 -55.68792337815455
6.800502276882709 3.1058589029487558 1.9774318495855585 -55.68828947000668
6.784844514653836 3.110159529635137 1.9787239226236397 -55.688653184652814
6.769096390274277 3.11444904596389 1.9799844065716306 -55.68901476759419
6.7532583425709225 3.1187265459826765 1.98121413803426 -55.68937449065798
6.737330813968324 3.1229912109458753 1.9824139606431495 -55.689732557039
6.7213142502408445 3.1272422552614842 1.9835847039754084 -55.690089158463074
6.705209100217965 3.1314789616420384 1.9847271668275186 -55.69044443751273
6.689015815535768 3.135700953761361 1.98584210202221 -55.690798202628365
6.67273485069195 3.1399082292245817 1.9869302103808666 -55.69114989054428
6.656366663640793 -3.1390858407066005 1.9879921887058398 -55.69150033390797
6.6399117154616825 -3.1349116317893686 1.989028826791492 -55.691850015463295
6.623370470457862 -3.1307552976905346 1.9900409678483408 -55.69219927560984
6.606743396042043 -3.1266175528197095 1.991029471999942 -55.69254833070393
6.590030962608156 -3.1224993007281943 1.991995189490243 -55.69289761449662
6.573233643007477 -3.1184001902782903 1.9929389241332227 -55.69324626752089
6.5563519116928575 -3.1143204762512546 1.993861439707475 -55.69359399419501
6.5393862464010715 -3.1102607414844288 1.994763391823243 -55.69394079370698
6.522337129456482 -3.1062215341152797 1.995645311284518 -55.69428661278715
6.505205048503162 -3.102203352723329 1.9965076215001527 -55.69463135155853
6.487990496680722 -3.098206566202756 1.9973506682886575 -55.6949747944209
6.470693972587775 -3.0942314647689844 1.9981747525608007 -55.69531667457976
6.4533159799720075 -3.0902782437485055 1.9989801591354452 -55.695656663416194
6.435857027325489 -3.0863470993779663 1.999767178969575 -55.695994474388264
6.418317627311431 -3.0824381810894477 2.0005361250521694 -55.69632981522689
6.4006982962243 -3.078551664053476 2.0012873407984304 -55.69666246401256
6.382999553374561 -3.074687695536115 2.0020212041528502 -55.69699221239077
6.365221920504045 -3.0708464604510683 2.002738128035144 -55.69731893247231
6.347365921217225 -3.067028092250261 2.0034385561017793 -55.69764248218601
6.329432080450866 -3.0632327861817914 2.004122958372071 -55.69796281998949
6.311420923934107 -3.059462525055249 2.0047918307654253 -55.69828180215844
6.293332975911243 -3.0557187388507625 2.0054456739750575 -55.69860074037146
6.275168758490882 -3.052002766846815 2.006084856624202 -55.69892086169192
6.256928792292324 -3.0483154360750793 2.00670933330398 -55.699242797183146
6.238613597431124 -3.0446571448562 2.007318768567666 -55.69956667481475
6.220223694477316 -3.041027885138464 2.0079126508259515 -55.699892154680214
6.201759605380348 -3.037427442892306 2.0084903903702203 -55.70021865401461
6.183221854093901 -3.0338553040729805 2.009051405676086 -55.700545267892856
6.164610967093823 -3.03031087184058 2.0095951933689675 -55.70087101351477
6.145927473535426 -3.02679340096396 2.0101213793816886 -55.70119478001383
6.127171905237731 -3.023302117433241 2.0106297583732364 -55.701515468912454
6.108344796389245 -3.019836250133623 2.011120315861184 -55.70183204010284
6.089446683059909 -3.016395103671826 2.011593234912013 -55.70214359656443
6.070478102500735 -3.0129780063903766 2.012048892598121 -55.70244933641952
6.051439592371445 -3.0095809924398442 2.012487840384452 -55.70274510984239
6.032331693133134 -3.006198262214877 2.012910787605794 -55.70302493169825
6.013154942509682 -3.0028274492167193 2.013318741792743 -55.7032863490673
5.99390987545475 -2.9994689963391084 2.0137128533627857 -55.703529787165955
5.974597026820743 -2.9961242744921694 2.0140942320026407 -55.70375663385293
5.9552169319537 -2.99279468726648 2.0144638954255187 -55.703968324892585
5.935770126672785 -2.989481535317714 2.0148227643041103 -55.70416620985963
5.916257146892831 -2.9861859506187045 2.0151716720743345 -55.70435148525621
5.896678528187741 -2.9829088875215755 2.0155113774669657 -55.70452518490934
5.877034805407478 -2.9796511229627805 2.015842576019242 -55.704688179894035
5.857326512293546 -2.9764133224027383 2.016165908294309 -55.704841245237226
5.837554181112761 -2.9731960711825507 2.0164819687243525 -55.704985088835954
5.817718342421817 -2.969999876321213 2.0167913079557067 -55.705120351618
5.797819524810382 -2.966825177840528 2.0170944373609023 -55.705247617246904
5.777858254711025 -2.9636723711626343 2.017391830407174 -55.705367431564206
5.757835056275883 -2.960541836729306 2.0176839242965863 -55.70548033131782
5.737750451281826 -2.9574338965819225 2.0179711218542935 -55.70558679683382
5.71760495908743 -2.9543488540163896 2.018253792701328 -55.70568729034272
5.697399096623217 -2.9512869679753835 2.0185322751097705 -55.70578222760346
5.677133378454282 -2.9482484913188656 2.018806876690276 -55.70587201607147
5.656808316815086 -2.9452336355185147 2.019077877128132 -55.705957016947856
5.636424421720565 -2.9422425998986457 2.019345529037311 -55.70603757384668
5.61598220105363 -2.939275525254337 2.0196100619722466 -55.706113965116
5.595482160702364 -2.936334324049161 2.019871686593941 -55.70618828872757
5.574924803247603 -2.933418205404895 2.020130595070497 -55.70625985474912
5.554310628218307 -2.9305257504671327 2.020386944975729 -55.70632733457938
5.533640132727933 -2.9276561591701613 2.020640853784401 -55.706390045927414
5.512913811653585 -2.924808996881212 2.0208924098404717 -55.706447687065875
5.492132157726943 -2.9219840123960408 2.0211416871430035 -55.70650014685936
5.471295661633077 -2.9191810760004175 2.0213887597608515 -55.70654743847618
5.450404812132197 -2.916400152971953 2.0216337091190635 -55.70658967098844
5.429460096162306 -2.9136412492876413 2.0218766315277534 -55.706626992390845
5.408461998982492 -2.91090411585966 2.0221176418845146 -55.70665928497718
5.387411004551845 -2.90818772123724 2.022356876092962 -55.70668562263652
5.366307596902093 -2.9054908008691975 2.022594635727831 -55.70670491866981
5.345152259061849 -2.9028125739568837 2.0228314397455986 -55.70671666811822
5.323945471535273 -2.9001528806925347 2.023067982024187 -55.70672105639607
5.302687711435268 -2.897512044008562 2.023305064987378 -55.7067187910133
5.281379452019916 -2.89489076469847 2.023543529088571 -55.70671097085668
5.260021162467329 -2.8922898805662496 2.0237841884678227 -55.7066988214139
5.238613307890932 -2.8897103171406284 2.024027777747002 -55.70668362952788
5.217156349488107 -2.8871529311641324 2.024274910859346 -55.7066665728347
5.195650744873814 -2.884618452678865 2.0245260574549295 -55.70664865356851
5.174096948534785 -2.8821074329250154 2.0247815310161594 -55.70663064153981
5.152495412357274 -2.879620215842009 2.025041490126873 -55.706613045271574
5.1308465862068475 -2.877157010430146 2.0253059515370304 -55.70659618778765
5.109150918532268 -2.8747177543084868 2.025574810564555 -55.706580072501644
5.087408856984645 -2.872302274669864 2.0258478690863044 -55.70656455387545
5.065620848971496 -2.86991025287058 2.0261248638646077 -55.70654930802739
5.043787342187932 -2.86754128085207 2.0264054970336995 -55.70653389850053
5.0219087850544435 -2.865194881028391 2.0266894649785834 -55.70651780403769
4.999985627099702 -2.862870573614764 2.0269764837598303 -55.70650049410015
4.9780183192622545 -2.8605678694745587 2.0272663095676635 -55.70648142822245
4.956007314113211 -2.85828629276751 2.0275587553543963 -55.706460084134896
4.933953065985612 -2.8560334557348033 2.027853703073955 -55.706444207750984
4.911856025667779 -2.853810259852146 2.028151094941788 -55.70643471310186
4.889716644910303 -2.851616407666643 2.0284509461186513 -55.7064313029821
4.867535377379006 -2.8494516335504856 2.0287533452858866 -55.70643372633129
4.845312678706858 -2.8473156757999623 2.0290584519026105 -55.706441749729436
4.823049006512055 -2.8452082861209127 2.0293664874920516 -55.706455166985
4.800744820369707 -2.843129238795849 2.0296777266228765 -55.70647380868992
4.778400581707607 -2.841078248823459 2.029992487442578 -55.70649745669152
4.756016753741512 -2.8390550115018143 2.030311117233267 -55.70652588239435
4.733593801383948 -2.837059223204124 2.0306339828030735 -55.70655886599619
4.711132191162164 -2.8350905551671604 2.0309614556484603 -55.70659616805403
4.688632391062506 -2.833148646608156 2.0312939044693303 -55.70663752013893
4.666094870450082 -2.8312331067835985 2.0316316844310442 -55.7066826249834
4.64352010000082 -2.829344415401509 2.0319751307725817 -55.7067320714139
4.620908554226668 -2.8274835296508036 2.0323248091133315 -55.70678688240803
4.598260712970285 -2.8256506135462587 2.0326814076417077 -55.70684723662011
4.575577061639317 -2.823854426316189 2.033045469285452 -55.70692195498615
4.552858086933256 -2.82209380527604 2.0334173192147773 -55.70700968759992
4.530104279246966 -2.82036785583963 2.03379711458436 -55.707109155989826
4.507316138486302 -2.8186766810400217 2.0341847926616636 -55.70721991371232
4.484494177680885 -2.8170206826789723 2.034580078654088 -55.70734168447876
4.461638924890351 -2.8154002549733748 2.034982537630467 -55.70747410032748
4.438750924199077 -2.813815652825586 2.035391638665747 -55.70761662073751
4.415830735808694 -2.812266880888914 2.035806824539956 -55.707768471179726
4.3928789354557125 -2.8107495564447054 2.0362275717850746 -55.70792449319526
4.36989611545148 -2.8092621739751045 2.036653464302486 -55.70808255657694
4.346882878441476 -2.807804085672072 2.0370839588154728 -55.70824149256522
4.323839834583878 -2.8063746873258775 2.037518434832943 -55.70840028323799
4.300767599951673 -2.80497336738231 2.03795631647174 -55.708558041155264
4.277666794572974 -2.8035995914293648 2.0383971772254386 -55.70871412287567
4.25453804020322 -2.802252829612051 2.0388408193854426 -55.70886808080175
4.231381957733087 -2.8009325591818293 2.039287331587784 -55.709019682452606
4.208199164341238 -2.799639463340763 2.039737121009662 -55.709170131546905
4.184990269899334 -2.7983749078986984 2.040190913080821 -55.709321535745225
4.161755874015537 -2.7971363990513454 2.040649794986485 -55.70947231280622
4.138496565904506 -2.795920751024912 2.041115361188817 -55.70962037660778
4.115212923574356 -2.794726590614741 2.041589950950245 -55.709765511639624
4.091905517209888 -2.793553537968212 2.0420764098225352 -55.70990848986302
4.0685749112334895 -2.7924018700098356 2.0425778369139773 -55.71005067302037
4.0452216657713524 -2.791272235608145 2.0430973156314076 -55.71019367143212
4.0218463378026135 -2.790165457811597 2.043637649802459 -55.71033909757202
3.9984494820431533 -2.789082494328895 2.0442011175340724 -55.710488490684185
3.9750316514868693 -2.788024194057996 2.044789261950837 -55.71064305012522
3.9515933975865445 -2.7869911785392008 2.045402737695283 -55.71080351108361
3.9281352700694483 -2.785983819749981 2.0460412225840154 -55.71097013407978
3.9046578163455443 -2.7850021065399364 2.0467034022407145 -55.71114259843295
3.8811615805575466 -2.78404558071544 2.047387031026802 -55.711319980822886
3.857647102307724 -2.7831160696394583 2.048089078218467 -55.71150356512053
3.83411491407094 -2.782209301565458 2.0488058802593354 -55.711688448549864
3.810565542947919 -2.7813345645472745 2.049533228477069 -55.71188349237918
3.7869995031971406 -2.7804899891692094 2.0502652063043874 -55.71208684144844
3.763417273315902 -2.779651039456203 2.0509946160270602 -55.71227447396743
3.7398192840844304 -2.7787975390764883 2.051713813461739 -55.712427569716056
3.7162059078829226 -2.7778938497816394 2.0524159502607935 -55.71251289201962
3.6925774360581403 -2.7769344658479915 2.0530952006863616 -55.71252844396301
3.668934058802034 -2.7759141244607535 2.0537464852247442 -55.71247315810814
3.645275851367813 -2.7748297110664644 2.054365877568518 -55.71234865386664
3.6216027670812547 -2.7736533218655337 2.0549508092847852 -55.71213186742991
3.59791464881362 -2.772404548652913 2.055500615508291 -55.71184751041022
3.574211235759035 -2.771141160885914 2.056017614311491 -55.71155834316612
3.550492174093772 -2.769905844012971 2.0565082751573796 -55.7113111677775
3.5267570424736925 -2.7686678446209614 2.0569823187114524 -55.711077522213614
3.5030054130421076 -2.7674596193990886 2.057450914487514 -55.71089075358986
3.479236895698023 -2.766290803307785 2.0579262440642845 -55.71075887440796
3.455451191952761 -2.7651906948080454 2.058420228380856 -55.71070684540074
3.431648144452989 -2.764226398174098 2.058941722307194 -55.710794609342244
3.4078277952818192 -2.763393669560378 2.059497125979231 -55.71100716517805
3.3839904578799342 -2.7625845304396157 2.060090445480021 -55.71122164745195
3.3601367909714877 -2.761817767236311 2.060720703035403 -55.711438594837446
3.336267844314095 -2.7611241390292145 2.0613787454064116 -55.71166876213207
3.3123850401411334 -2.7605513494231997 2.062048592759027 -55.71194040912023
3.288490131418745 -2.7601495401635203 2.0627117846510354 -55.712287457062665
3.264585116132808 -2.759901104562845 2.063350403749954 -55.71268007055427
3.2406721822954876 -2.7598165834767667 2.063951121616312 -55.71312276999186
3.2167535668062524 -2.7598186909716156 2.0645021570455895 -55.713538753054664
3.1928314133141105 -2.759851621164646 2.064994432177349 -55.713878138904306
3.168907668290141 -2.759886988075355 2.0654228006177653 -55.7141227742082
3.1449840144494075 -2.759925083898199 2.0657886333634803 -55.71428736406531
3.121061803286678 -2.7598277386289376 2.0661006579609644 -55.71425116197136
3.097142074788234 -2.758660399368431 2.0663799033295893 -55.713100756493965
3.0732258143946214 -2.7563606918242587 2.0666587293865413 -55.71079405038875
3.049313790761054 -2.7542360652389752 2.0669742683442114 -55.70865883328962
3.0254061008036155 -2.752880543864043 2.067365807259669 -55.707316117065425
3.0015022039468415 -2.7520030196561334 2.0678676710110917 -55.70650145508211
2.977601219751388 -2.7511688102623406 2.0685001293881915 -55.70579901549051
2.953702037103551 -2.7502121204754815 2.0692661355538466 -55.70505142402863
2.92980345137658 -2.749142060657043 2.0701561285299293 -55.70426846664636
2.905904248124054 -2.7480417115775655 2.07115415876174 -55.70352969635983
2.8820032429506153 -2.7470253645632132 2.0722411962758276 -55.7029436515329
2.8580992956213453 -2.7459720901458766 2.0733935526070875 -55.702380923649976
2.834191396355178 -2.745380793778478 2.074591017462299 -55.70233131477253
2.810278491435167 -2.745004036700168 2.0758027131105514 -55.702535183409
2.7863597001653386 -2.7447048521094723 2.076999400495596 -55.702839514777665
2.762434418737305 -2.7445455157738854 2.078160392277716 -55.70328829326954
2.7385023171628147 -2.744567888534985 2.079269232665747 -55.7039004778677
2.714563444788432 -2.744763711136477 2.08031169886874 -55.704640757057426
2.6906183113825057 -2.7448600134386933 2.081270631682332 -55.705206017179655
2.6666680359234336 -2.744987542606474 2.082128751759152 -55.705698917334715
2.6427142279426103 -2.7452876079214836 2.082864327083801 -55.706238140705494
2.6187588571217044 -2.745753841012528 2.0834579787485925 -55.70680263336864
2.59480410370947 -2.7463393348932104 2.083901376044054 -55.70733863689173
2.57085224740236 -2.7469960317025697 2.0841997193292645 -55.70779849834275
2.546905575477357 -2.747705729602987 2.0843689298711965 -55.70817008786926
2.522966304378414 -2.748470146612064 2.0844343457904353 -55.708465661875294
2.499036526096231 -2.749242844425682 2.0844310257390384 -55.708653197890804
2.475118186859722 -2.7500394831796124 2.0844061131719385 -55.708762179647664
2.4512131466633145 -2.750941172713516 2.0844158206792067 -55.70888498417096
2.4273232648550866 -2.7519358685216284 2.0845213309022435 -55.70901906631915
2.403450486958986 -2.7529729419114513 2.0847683875603966 -55.70912315966393
2.3795967814373085 -2.7539628376867773 2.0851877435960042 -55.70911717986265
2.355764075296091 -2.754120946932572 2.085793586377396 -55.70823311583081
2.331954254985689 -2.753538294287553 2.0865910427545304 -55.70656862789148
2.3081689864652755 -2.7524290265707303 2.0875760350683303 -55.704344067238196
2.2844096431955414 -2.75059197797134 2.0887317050020666 -55.70137047216321
2.2606772774191493 -2.747786518955907 2.090034131987997 -55.697421556887505
2.2369725473537954 -2.7439578442228765 2.0914593206063956 -55.69245726568392
2.213295633205776 -2.740675905568057 2.0930039289121365 -55.688048843771405
2.1896460356873764 -2.739000320571388 2.094655085851594 -55.68527237358408
2.166022496671449 -2.7382671840657062 2.0963492529158025 -55.68349948533505
2.142423066757547 -2.7383926025737457 2.098023109168651 -55.68266788653228
2.1188451519078604 -2.7388896298544196 2.0996075700684513 -55.68231219152066
2.095285646631425 -2.739362033937322 2.1010384800209443 -55.68204504211504
2.071741144062937 -2.73922680857281 2.1022664443986554 -55.681280127245394
2.0482082952163774 -2.7387892710452304 2.103271010153761 -55.68030438107457
2.024683869309595 -2.738158564458525 2.104041780753676 -55.67920738798301
2.0011649214580367 -2.7382431865224026 2.1045842849311116 -55.67887592032575
1.977648598347955 -2.738794450982922 2.1049094076818733 -55.67904325262791
1.9541326113292719 -2.739489069214569 2.105047872722333 -55.679365957701386
1.9306153902303809 -2.7402722168096427 2.105050906128615 -55.67976471189211
1.907096140333876 -2.7411999880372964 2.1049685928244575 -55.68026820094123
1.8835748310267348 -2.742475437074857 2.104839729168887 -55.68104655064899
1.8600521916911932 -2.744744160815623 2.1047010267576707 -55.682703930784506
1.8365297231265163 -2.747726419599707 2.1045829839071293 -55.684917117151755
1.8130101617241192 -2.7510560672012425 2.1045067184253066 -55.687274659291596
1.7894973892165291 -2.7546215149326314 2.104476202619662 -55.68963001974132
1.7659960570413102 -2.7582794302447806 2.1044738938553733 -55.691816305322305
1.7425113087650566 -2.76199451593577 2.1044740585509785 -55.69378521506997
1.7190484314063312 -2.7654526190971764 2.1044519188886315 -55.69522500765141
1.6956126753761285 -2.7685491692892015 2.1043923708818593 -55.69604091969911
1.6722090052592655 -2.771548481335668 2.1042946984359587 -55.69650845981304
1.6488419364802442 -2.774714845642098 2.1041726844744155 -55.696908309096976
1.6255154916533416 -2.7781238851836 2.104055565848621 -55.697339885926084
1.6022332696928419 -2.780940477328161 2.103987535735879 -55.69701319437241
1.5789984859501054 -2.781876790702235 2.104025228915488 -55.69469461989238
1.555813841167047 -2.7814694984744532 2.1042209203092663 -55.69092931549958
1.532681420705014 -2.780794922613012 2.104609320238748 -55.68679411112814
1.5096027143928221 -2.7800581987640522 2.105188408376456 -55.68252330701369
1.4865785604479371 -2.780887286127899 2.1059495210890593 -55.67974458204488
1.4636089325654573 -2.783691767069216 2.106872516127362 -55.67891456670858
1.4406927788007111 -2.787670640581593 2.1079180305033947 -55.679313131066074
1.4178280612882104 -2.7919302345775145 2.109045837070505 -55.680122609896124
1.3950117214258062 -2.7957819755889424 2.110216029371462 -55.68071025646994
1.3722397196792055 -2.799446747898379 2.111392500691393 -55.681321221223804
1.3495070190816587 -2.8027010750187302 2.112528329615721 -55.68175610454817
1.3268081044949642 -2.805250089078969 2.113577549095284 -55.68172346055043
1.3041373526951325 -2.806480737275 2.114499530027483 -55.68059015870609
1.2814894652251811 -2.8057519003843554 2.115263080318961 -55.6776710624714
1.2588599134985758 -2.803237543221309 2.11586267854345 -55.673078139557624
1.2362448090460638 -2.800685294103718 2.116315030625889 -55.668495003455696
1.2136401370498189 -2.800983046988831 2.1166313431926898 -55.66676183323924
1.191040987462665 -2.803244918213857 2.11677878047547 -55.66695045417259
1.1684440463001644 -2.806190611387602 2.1167504005170645 -55.667722644078296
1.1458484402679348 -2.8100601929836233 2.116567599161419 -55.66924102662329
1.123255432339549 -2.815211386303116 2.116233398830853 -55.67177123288263
1.1006681212982192 -2.819970072554824 2.115731486972218 -55.673550044448874
1.078092626628125 -2.8248097696902046 2.1150124695033785 -55.67496876552842
1.055536001791892 -2.8297849602626264 2.1140150574664083 -55.67602903507717
1.0330062235643416 -2.8348274351324125 2.112688028999483 -55.67662892522849
1.0105116405299823 -2.8401710037438 2.110987686266516 -55.676984014481455
