7.757087924565721 -1.2365836163967863 0.6430875315744299 -34.72015484113329
7.685716107881478 -1.2482742117210925 0.6440527525400903 -34.72240056025345
7.6143432969928035 -1.2611269618521608 0.6466525359213208 -34.725044822413764
7.543007272608048 -1.2785056030370399 0.6508316005868414 -34.73198025763618
7.471745176369386 -1.2860109682106744 0.6555357314918435 -34.73048351800064
7.400570364211454 -1.292453490474857 0.6606508001346514 -34.729345495572865
7.329479045386692 -1.2997481612844266 0.6658018763571677 -34.7306566087238
7.258457332505579 -1.30517610916012 0.670354246436075 -34.731868963641475
7.187486570841158 -1.3062780717101898 0.673648178903726 -34.73060416869796
7.116540979191636 -1.3060846057536704 0.6752455981736337 -34.729883910383194
7.04559659752904 -1.3047918455234364 0.6747515561664793 -34.72980513897476
6.974633768244494 -1.3050019282994003 0.6718093663416057 -34.7329511894192
6.90363001401966 -1.306748481237227 0.6660131731944813 -34.73936288327809
6.8325571678047305 -1.3089645193833441 0.6571243953894848 -34.74791942283973
6.761384273773976 -1.3104043892562922 0.6450697454193315 -34.757267588568055
6.690082473185548 -1.3101506210869127 0.6298943316224729 -34.76637449351328
6.6186171719254885 -1.3085752163137456 0.6115223113495063 -34.775676584169275
6.546951917408863 -1.304892121278344 0.5901392745331384 -34.78426541782684
6.475052539954953 -1.2977835329602065 0.5662143583267067 -34.79054031950349
6.402889395613866 -1.2882839172340197 0.5397143053366862 -34.79567182921506
6.330432071338959 -1.2760707285068777 0.5110399563530107 -34.799226146521626
6.257653532646572 -1.259859839898791 0.4811460628442509 -34.79944234789019
6.184542633277412 -1.237272204146396 0.45176198243253424 -34.79292587368187
6.1111145277949666 -1.2146958644495192 0.4211133607125922 -34.787702847331744
6.037362418855847 -1.192452886768153 0.38953181657823566 -34.78507121064849
5.963271515390349 -1.1663277315568172 0.35946154568389865 -34.77986939391013
5.888822969045088 -1.1336827168485597 0.33259424849213043 -34.768305122922456
5.814040718546621 -1.095966473933935 0.30860073963938556 -34.75231837462008
5.738956051479073 -1.0556282340944767 0.2865473459470229 -34.7358680749353
5.663584816410564 -1.0115328494190572 0.2667580993966491 -34.71801766967015
5.587939977900972 -0.9643977491494853 0.2486936103337662 -34.70116682202443
5.512028499579131 -0.9145734557986623 0.23186772757707852 -34.68808111547445
5.435857518088048 -0.8591775698675593 0.21699352477578054 -34.67542696855368
5.3594464008047344 -0.7974754298391966 0.20413659525290848 -34.66292563234552
5.282817775505405 -0.7296457332028328 0.19312599274735648 -34.65215263339326
5.205992593590378 -0.6559069036990762 0.18377786374923138 -34.64565947396936
5.128988917707329 -0.5761605340516825 0.17612456094331416 -34.64491853751597
5.051819550980195 -0.4907867211500729 0.1704535766734652 -34.646366469283905
4.974498017956099 -0.401622510077957 0.1667117893254452 -34.64463886151744
4.897041669536077 -0.3110115253635671 0.16434314447363912 -34.64302516476175
4.819463946418975 -0.22049241274016948 0.1629133958028456 -34.642608337394684
4.741769298649659 -0.13019348805021042 0.16209046200627145 -34.64363322827617
4.663955203864584 -0.03978213620562835 0.16168581815580862 -34.64633711748267
4.586013628758488 0.051242907331590745 0.16156613805353348 -34.65006183382789
4.507933647359841 0.14337987511500844 0.16165997388384634 -34.654415310412844
4.429702164359992 0.2370304759391111 0.1619524782801089 -34.65892487088029
4.351306235891331 0.33242681530998647 0.16246071035415435 -34.66289340304751
4.272735725933184 0.4295671951073807 0.1632177376548477 -34.6653776859124
4.193985750004902 0.5281550293242857 0.16430558150829414 -34.666478557011494
4.115055189360648 0.627188766702411 0.16600359566973172 -34.66858059727181
4.035944104061149 0.7254186283706857 0.1685137083769918 -34.67025632718015
3.956657428755044 0.8215697270965243 0.1719188247674883 -34.66964369840813
3.8772065157234072 0.9140796244526324 0.17640638338830197 -34.66849501477264
3.79760208642344 1.0013878285870161 0.18210975314508301 -34.66767725453304
3.7178512544269857 1.0820964331308425 0.18904674652781145 -34.66720040782836
3.637956178111155 1.1551177406523268 0.19719137555600938 -34.66720576391365
3.5579186316724316 1.2198704764884807 0.20643588406879687 -34.667758036448234
3.477738368787152 1.2764723425924442 0.21656585170057446 -34.668467616929746
3.397413197042246 1.3252617834535922 0.22738421239944862 -34.669408428063704
3.3169401249697827 1.3672134771991251 0.23861212838612114 -34.670050357328
3.2363168094325907 1.4030136273288782 0.2500608341155984 -34.670568779890026
3.155542533118872 1.4335652765412674 0.2615285600866852 -34.670774682194136
3.074618202532111 1.4596706195446834 0.2728574047585976 -34.67059040685167
2.993547146120933 1.4820651393789326 0.283916586382886 -34.67000224804809
2.9123353734938457 1.5002994012448465 0.2947322908482701 -34.6703556995538
2.830990746422793 1.513249375801245 0.30536696903220056 -34.67360596639809
2.7495219356147724 1.5235335005740582 0.3153976547838352 -34.67757652182729
2.6679414824498635 1.5329499050316224 0.32457265283024794 -34.68112177322107
2.58626013704899 1.541946677246461 0.33279361379655303 -34.68444225727779
2.504486407100706 1.5501453472330233 0.34003028071060765 -34.68848076166186
2.4226277441659128 1.5595524828268497 0.3460713743253439 -34.69152058307418
2.3406937329332624 1.570482077172481 0.35088875459708474 -34.69351805804572
2.258695358569149 1.5826282657528017 0.3545142763740175 -34.69500004585091
2.176644786335871 1.5960975761120317 0.3569724567140688 -34.69594405299901
2.0945549963694026 1.6107193098624348 0.35832261909405333 -34.69656052934264
2.0124393487017893 1.6258002577733934 0.3586397243451768 -34.69758187773882
1.9303111905865862 1.6413539829269712 0.35798766160933165 -34.69891676700085
1.8481834396315875 1.6574657806185598 0.356456120420375 -34.700367416463386
1.7660678007345534 1.674261157673479 0.3541656392440236 -34.701730861360474
1.6839735834150393 1.6923975452769886 0.3512775832128033 -34.70221450048288
1.6019081720313253 1.7115357665271675 0.34793890185237636 -34.702163891241696
1.5198785206826062 1.7324093729827297 0.3443654760176762 -34.70073411091753
1.4378888726469543 1.7539638979957546 0.3407128593023296 -34.69916557704136
1.3559415825638008 1.7756928250207928 0.337110939119797 -34.698143416155624
1.274037007429307 1.7972690822401556 0.3336774188901748 -34.6981008239879
1.1921747165246062 1.8191903880871663 0.330535388935913 -34.69852968108836
1.110353491089445 1.8418879411004443 0.32777950609303563 -34.69899922209375
1.0285710754632043 1.8652457789672394 0.32545874025517696 -34.69963089641121
