7.766790068262771 1.5308643421554802 1.6336188570670853 -41.02347966237598
7.73535006870435 1.5357744938079914 1.629046259734734 -41.01963931333104
7.703947213086784 1.543746816520682 1.6243659621455049 -41.01270371251096
7.672589099758308 1.5465634694313757 1.619335513668049 -41.01090757206643
7.6412822121457005 1.5464482669733686 1.6143338732245454 -41.01201047882617
7.61002490989325 1.5466533767357584 1.6098308243498687 -41.01274610330122
7.5788088018075435 1.5465676507241002 1.6060605181642211 -41.01372447982406
7.547625032195498 1.5474268139231961 1.6033077136820093 -41.01371115750467
7.516462117824047 1.5489668937410432 1.6017651810824216 -41.01297408178543
7.485307828423653 1.5506570108445568 1.6016035688006842 -41.012045621016085
7.4541485779981755 1.5522157524778093 1.6029603545077122 -41.01120414256683
7.422969443655808 1.5538191495774198 1.6059131750032796 -41.010266823340146
7.391755108108249 1.5555248620169355 1.6104732687309813 -41.009166731521965
7.360491336154866 1.5567984375206059 1.6166270718285713 -41.0084278057386
7.329165155357314 1.5571914361235877 1.62435619549955 -41.008489376788454
7.297764064019994 1.5574640823092 1.6335295358508664 -41.008591039479924
7.266276046447975 1.5577304125420646 1.6440429651866022 -41.008625507775264
7.23468924657611 1.5577186381952155 1.6558263405074707 -41.008880187406234
7.2029921647509125 1.555646425349838 1.6690019331491641 -41.01115379304237
7.17116987240557 1.553312421371513 1.6832004002317236 -41.0136988926439
7.13920567737297 1.5520434742854317 1.6980132967431332 -41.015243695741844
7.107086823525757 1.5525199381481558 1.7131093837808482 -41.01516253036912
7.074805104896451 1.5545475710567311 1.7283095970292246 -41.01369487512524
7.042358094188506 1.5571616875604655 1.743578383138294 -41.011838395029834
7.009743199212112 1.5597077763494955 1.7588532572038007 -41.01027109534733
6.976956723463798 1.5624382836981787 1.773965198588516 -41.00875036321348
6.943999016468265 1.566201068136971 1.7886866422487226 -41.006422278269554
6.910874268164289 1.5704644471598435 1.8030123340808957 -41.0038034987337
6.877590497368314 1.5732925432635634 1.8171365121162817 -41.00282180346791
6.8441568864792774 1.575925297033755 1.8307702316090089 -41.00219791026871
6.810585597334514 1.5775021312555044 1.8439655167425468 -41.00276660187508
6.776883331606325 1.578866359559276 1.8566016694628242 -41.003618227035254
6.743054288930886 1.5800162078462356 1.8686799034497357 -41.004689484430834
6.709102499762534 1.5809828847659764 1.8802039059910967 -41.00589106177837
6.675032243597955 1.5818098815346848 1.8911959032346999 -41.007133930480315
6.640848207367296 1.5830433373528934 1.901643352174625 -41.00783502835435
6.606556135848592 1.5843127581594214 1.9116543697467834 -41.008354624330856
6.572162154824297 1.5860793765390047 1.9212700726049705 -41.00822700582099
6.537671980610093 1.587915782945416 1.9306558840606827 -41.00788664362785
6.503089912660207 1.5886538118132751 1.9400856886608775 -41.008507049556364
6.4684173953746065 1.5883821453087656 1.9497341221879272 -41.01001553209516
6.43365116599794 1.5885712937004253 1.9596347333192914 -41.0109706219392
6.398785491262179 1.5891707048574315 1.9698901947020306 -41.01144544320949
6.363814488830291 1.590014314399234 1.980548599305217 -41.01161655257804
6.3287328411792405 1.5910227940691464 1.9916401908403827 -41.011575815092144
6.293535653981126 1.5921948014214962 2.0031759419257296 -41.01133921235459
6.258218306905226 1.5935066853844317 2.0151562943717187 -41.010945594415624
6.222776452308133 1.5948135714807599 2.0275827891993705 -41.010555267717756
6.18720593516037 1.5959193774112808 2.040450515176601 -41.01037994125175
6.151502827306071 1.5970437566904594 2.053686177562406 -41.01021600832787
6.115663873182524 1.597770397472903 2.0672819318288944 -41.01049097443475
6.079686177755127 1.598657352755187 2.081078500661457 -41.0106551642582
6.043567208686283 1.5997000615836499 2.094977243308869 -41.01070983737065
6.007304920291647 1.6010875322221463 2.1088564296017935 -41.01045089704824
5.97089880280501 1.6023239663045736 2.122711154406212 -41.010352001016244
5.934349416233704 1.603377013417588 2.136480105857722 -41.010432912386165
5.897658312438513 1.604201067907186 2.1501172932709256 -41.01073265680509
5.860827284596903 1.604895219717168 2.163566365026584 -41.01114498135161
5.823858580759914 1.605356477601948 2.17680408148474 -41.01176596295382
5.786754794591568 1.6056005026131746 2.189791840736343 -41.01257845078742
5.749518768023738 1.6057980544873631 2.202477704472532 -41.013417627397
5.712153590850454 1.605971120621464 2.2148354977310905 -41.01427183620967
5.674662719807042 1.6061054921570062 2.2268489889566343 -41.01516654387135
5.637049941297322 1.6061361577045186 2.2385146727475584 -41.0161764693725
5.599319128843584 1.606103781405594 2.2498249874602068 -41.01726740092485
5.561474183128859 1.6060988531543916 2.260777663217439 -41.01834975002445
5.523518938038745 1.6062641715989139 2.2713769743994074 -41.01927498332029
5.4854570700304235 1.6064732140099156 2.281667749129688 -41.02015749610716
5.447291698961801 1.6069995708455347 2.291661434112986 -41.020706120551395
5.409025566401236 1.6079485914573755 2.3013954884387995 -41.02079370587743
5.370661275710249 1.6092859854530666 2.310926221759051 -41.020427709482995
5.332200996362475 1.6105636817705509 2.320351797415607 -41.02002506049702
5.293645887678547 1.611560503148508 2.3297365992743964 -41.01977844713406
5.254996289559916 1.6123267306049864 2.339104231781963 -41.01961410135487
5.216252200180556 1.6129301123947857 2.3484664867066427 -41.019454305523105
5.177413456010302 1.6134345958061538 2.357827579816714 -41.019237350730755
5.1384798826363225 1.6138476319929957 2.36719088137109 -41.01896534664426
5.0994514060124265 1.614048017585369 2.376566027366573 -41.01877226301401
5.060327995734075 1.613975529397048 2.3859513806162065 -41.018734228223344
5.02110964005731 1.6136878812981998 2.395330844583605 -41.018809825716765
4.98179629715539 1.6132142188693448 2.404689711538327 -41.01898720913124
4.942387963330709 1.6125421475967465 2.414016513463985 -41.0192970655011
4.902884608229051 1.6117670708833207 2.4232893731606047 -41.019665013456496
4.863286086906509 1.6110427491425683 2.4324828135977947 -41.01995879332673
4.823592347150117 1.610473619741113 2.4415781795455413 -41.02009474668723
4.783803576571284 1.6101034208792875 2.4505694669736595 -41.0200512064252
4.743920226285944 1.609929755966805 2.4594635999098187 -41.01985370674509
4.703942946213351 1.609947917332677 2.468273908247824 -41.01952911878348
4.663872485149205 1.6101425191351304 2.477017135494257 -41.019110359663465
4.6237096318265 1.6104597445040678 2.4857110613215934 -41.01866124996702
4.583455187733471 1.610823652472196 2.494367741165936 -41.018259192447196
4.543109955053635 1.6111479813193004 2.502987792206065 -41.01798269229951
4.502674762604446 1.6114016570408571 2.5115515271650812 -41.01784619472672
4.46215057604463 1.6116619605610103 2.5200134635993034 -41.01774891651628
4.421538695289064 1.611859730002903 2.5283314209687933 -41.01773139768418
4.380840870494601 1.6119793619569291 2.536462597439837 -41.01778861221906
4.3400595032386775 1.6116819729446172 2.5443925048711065 -41.018252552297355
4.299197395756224 1.6109131799169516 2.5520870955215913 -41.019186473222604
4.25825758668153 1.6098709887648066 2.55950071017142 -41.02040614740932
4.217243194437353 1.6086910764316176 2.566603734211634 -41.02178428423985
4.1761574051346715 1.6074523513645809 2.5733808155007267 -41.02324620356042
4.135003404024425 1.6062630102384812 2.5798208538995127 -41.024683080891705
4.093784353289175 1.6051947427341045 2.585921014665756 -41.02601767740414
4.0525034202408765 1.6042957966760254 2.5916855978351223 -41.02719322090446
4.011163780441141 1.6035964124572142 2.5971255719482116 -41.02816919493653
3.9697685980258837 1.603114144009321 2.6022581283698485 -41.02891658297362
3.928320982716502 1.6028593962917101 2.6071061711210395 -41.02941296517619
3.886823933015592 1.602808855897403 2.611699179383266 -41.02966922518071
3.8452802606959255 1.6028024527269003 2.6160768218905353 -41.02983075992252
3.8036924632576716 1.6028735490286228 2.6202731826509407 -41.029853437295685
3.7620625788924733 1.602766026927466 2.6243363899835295 -41.02997565401587
3.720391420714472 1.602462339417724 2.6283010151710196 -41.03019082685106
3.678679228115646 1.6019515186330884 2.6321990805521693 -41.030478312576456
3.636925876146351 1.601320841567629 2.636052790837659 -41.03072552317705
3.595131099567053 1.6005838889082422 2.6398837376851265 -41.03089715406125
3.5532946899893076 1.5997578084815458 2.643713111425542 -41.03097337926202
3.5114164671473285 1.598865444195614 2.6475615070672087 -41.03094790107456
3.469496206648843 1.5979391231760045 2.651445227332264 -41.03081442394196
3.427533625471422 1.5970122494094976 2.655373433943827 -41.03057147693682
3.3855284410334843 1.5961073457036685 2.6593483528799258 -41.03023313388088
3.343480431386708 1.595231318007703 2.663365806142206 -41.02983122029882
3.3013894313283543 1.5942839538079985 2.6674192045140743 -41.029509319490195
3.2592552850244147 1.5933725941941423 2.6714897148624073 -41.029224348774854
3.2170777310382506 1.5926290427383794 2.675554449886828 -41.0289210369747
3.1748567070570535 1.5920980736745243 2.679592759984204 -41.02863697739869
3.132592477564773 1.5918251823650207 2.6835827769706415 -41.02840516110727
3.090285544837273 1.5918889777255887 2.68749966265845 -41.028214624965685
3.0479366318834233 1.592307753972768 2.691319614865151 -41.02809727075441
3.0055466878846895 1.5932180245867802 2.6950136157400943 -41.02795357684834
2.9631169774278066 1.594616452732442 2.698556885055126 -41.02780388756343
2.920649121961171 1.596527214408223 2.7019192541878296 -41.027621488227446
2.8781451592811735 1.5987730709412993 2.7050734412622686 -41.027552455359064
2.835607540146458 1.6009692433844023 2.7079918310500855 -41.02792587183672
2.7930390279110275 1.6033005538586387 2.710625094276937 -41.028480492226514
2.750442663133145 1.6053096321787734 2.712939781393266 -41.02957665081344
2.707821766831899 1.6071209238327253 2.714886517992284 -41.03098726928
2.6651796413046482 1.608746124133671 2.716421753359388 -41.03259559583978
2.622519830881651 1.6103084878796594 2.717503796843337 -41.03417481112994
2.5798462852460995 1.6119534256361112 2.7180976748841883 -41.03548519127864
2.537163433305248 1.6136201653012603 2.718181460186375 -41.03652079283832
2.494476144399834 1.6152346076751527 2.71774840785986 -41.03733146447906
2.4517896138118243 1.6167696336670745 2.716808223565423 -41.037957951141266
2.4091091994404246 1.6182522772607943 2.715388387695965 -41.038416798558394
2.3664402190160136 1.6194453988829585 2.713528413836679 -41.039005457064334
2.3237877571089265 1.620604785509692 2.7112903150100296 -41.03954052566595
2.281155990949689 1.6231146424171847 2.708776806743156 -41.03868970756908
2.238548182336794 1.6286066087242976 2.706124437658919 -41.03485355635885
2.195966504687387 1.6357194657620047 2.7034064711415535 -41.029386455806694
2.1534123329716763 1.6436490932273602 2.70071021887297 -41.02307056069613
2.110885924782289 1.6490885775853317 2.6980641278834403 -41.019142310984165
2.0683867924271775 1.6507072876670774 2.6955812687127887 -41.01886303419743
2.0259128332092287 1.6515940343109965 2.6934667508418317 -41.01916259631052
1.9834596832132179 1.6524920319240894 2.6918249968078873 -41.019301576085645
1.9410219460311682 1.653479610417762 2.690698452123607 -41.019217784238094
1.8985942696328943 1.6546308420978872 2.6900955104463904 -41.01887281092908
1.8561716020339976 1.6560077721728628 2.689999002337088 -41.01825677431464
1.8137493465568912 1.6587022253429322 2.6903682071998833 -41.016357259942744
1.7713236031857391 1.6615039646766445 2.6911507891383155 -41.01442318428092
1.7288910807645166 1.6636682175899795 2.6922915732778048 -41.01325308164398
1.6864488935359412 1.664911772594291 2.693721775503786 -41.013176589720146
1.6439946606730715 1.6663601481955057 2.6953382660511616 -41.01310977180951
1.6015268140715582 1.6677365670484023 2.6970396656629836 -41.01332345212107
1.5590448235365737 1.669040552560486 2.6987060569396246 -41.01387096004135
1.5165492289079168 1.669761835802583 2.7002018144262636 -41.01531556510758
1.474041517760871 1.6708684409673313 2.701355305103533 -41.0167735674474
1.4315250055510051 1.6733700947287722 2.70201627852523 -41.01731866604011
1.3890040710175846 1.6770835056727227 2.7020964364462308 -41.017200887812464
1.3464840873922248 1.6818638097940033 2.7015428626210047 -41.016614829029514
1.3039712126482772 1.6873943786452494 2.7003300467047486 -41.01591698626966
1.2614721844966548 1.6934027131390896 2.6984607444116167 -41.0154234205686
1.2189937927336127 1.699885759519399 2.695969517477904 -41.01515361976189
1.1765424536551976 1.7068342395267866 2.692913473947804 -41.015096417954446
1.1341240279330485 1.7141621003604488 2.689369677603679 -41.01528569235826
1.091743430192329 1.7219423898655184 2.6854337214840314 -41.015506826052416
1.0494044254124042 1.7300534748067835 2.681189803109186 -41.01564894581963
1.0071101360972161 1.7385375009759783 2.6767117937700586 -41.01538386400227
