7.895124282889739 2.2157406753650144 0.3837879003695691 -35.04945921737921
7.8145506260674615 2.2367581562296466 0.38434533628278716 -35.04227172796999
7.733969378348298 2.253540750201906 0.3851058269166558 -35.03901573927838
7.653407007012122 2.2665934467879265 0.3860557075981825 -35.038582089976764
7.572876463014156 2.2770231797845266 0.3872192905022256 -35.039242417762615
7.492370623286182 2.284365836182897 0.3886467582814242 -35.04094304217053
7.41187357564689 2.290350240375063 0.3904494857051165 -35.0413152038962
7.331360747791635 2.293367141374576 0.3928549052100805 -35.041595267782725
7.250810625565282 2.2937280824821817 0.39618820591662546 -35.041251959730445
7.170208343089162 2.2898817332503816 0.4008454060286281 -35.041740581417045
7.089548472010056 2.280969823167583 0.40713219955455643 -35.04405483342203
7.008817117695341 2.266727269821749 0.4153729949488057 -35.04858205037625
6.9279884144508594 2.247988177855928 0.4258558532336205 -35.054886883153046
6.847030026966053 2.2257275342563725 0.43884806819481875 -35.062595388790704
6.765907187276316 2.2015513948545347 0.4545271813970693 -35.07095352814047
6.6845849595162425 2.1769031790629993 0.4730126218085123 -35.079433586326985
6.603031804099256 2.151790405616355 0.49455150338233217 -35.088702192485414
6.521219074168933 2.127214464277366 0.5191691501195197 -35.09850098963099
6.43911693709109 2.1048471270130524 0.546582222804069 -35.10787035102243
6.356698053107503 2.0843831411349942 0.5767091877745536 -35.11737409430834
6.2739404497293245 2.0686592202338687 0.6084730619341937 -35.12455588687737
6.190839029906036 2.0639884790567034 0.639393368177307 -35.1232690008141
6.10741934859632 2.060332681996401 0.6714761069164575 -35.12212638777822
6.023696544152178 2.0557461701069166 0.7045446343864049 -35.1225383062649
5.939667635181142 2.0508163826694226 0.7377245625080826 -35.1237190758852
5.85531473211438 2.04975180578324 0.7692792830663648 -35.12165220351347
5.77063064162354 2.0533855223226887 0.7986596114793356 -35.115444091507264
5.685621795080288 2.058222245324571 0.8266278527036648 -35.10829997176522
5.600306343722896 2.0619776363525495 0.8536500164869412 -35.10233615498703
5.514700288217572 2.0667111338705344 0.8790847747535107 -35.09554673752034
5.428824078390453 2.0695451037970956 0.9036620677763909 -35.09062934057582
5.34269149272163 2.071102132237565 0.9272441501165185 -35.0869714727722
5.256314244598689 2.0717394281474504 0.9498350967123139 -35.084217136504236
5.169703680824774 2.071615916136818 0.9715046059223742 -35.08220134380082
5.082872197869719 2.0698414475007825 0.9925472398052938 -35.081764929993085
4.9958291963870005 2.067448537584092 1.0128827290329854 -35.081911237851266
4.908582684392088 2.064516006506423 1.0326446974016807 -35.082557156885045
4.821139245861669 2.0612852232257803 1.0519441656755852 -35.083473414793396
4.73350361032767 2.0582099975255743 1.0708499416327937 -35.08424684676768
4.645678754073177 2.055724242662529 1.0894270774878216 -35.08449283750175
4.557667874970776 2.053199457739676 1.107918047291078 -35.08484496405625
4.469472573283236 2.051178290433141 1.1263413122133765 -35.084820398694085
4.38109460959523 2.0494378689419332 1.144796712046896 -35.08467219116458
4.292536943763204 2.0475823977290744 1.1633904990241184 -35.08482353083359
4.203802232865503 2.045127109540329 1.182224582499934 -35.08578116209283
4.114890285343715 2.0421861808292037 1.2012677112155963 -35.087461430176106
4.025797610955055 2.038927513740716 1.2204651144898941 -35.089708113206164
3.9365186604685563 2.035805421097754 1.239705242656771 -35.092073110855615
3.8470465793664834 2.0330947140499465 1.2588806315995802 -35.094258516380314
3.7573761407745074 2.030500331523732 1.277951591182207 -35.09650942549963
3.6675042324770475 2.028006718769239 1.2967907675652077 -35.09879706605054
3.5774330122672846 2.0258315465906414 1.3152112143234356 -35.10086811273593
3.4871696472554774 2.023396406165547 1.3331704131333189 -35.103261754643206
3.3967205845813777 2.0223925871040724 1.3502399504749396 -35.10431947178157
3.3060954749919955 2.023270815609464 1.3662361966277106 -35.10359762739599
3.2153073371507856 2.0252332851982744 1.381202893352112 -35.10188071471659
3.124368851150162 2.0277109247206826 1.3951656722532662 -35.09973803971116
3.033291410826026 2.030455290747565 1.408115660183973 -35.0974290361942
2.942086658117076 2.032995516771922 1.420080877569696 -35.09543370769936
2.850765308948834 2.0351484699689686 1.4310645320933237 -35.09395167653077
2.759336446567401 2.0366811556152116 1.4410947553060227 -35.09322747398147
2.667807921747123 2.037468031987281 1.4502047617672664 -35.09339754153257
2.57618607938195 2.0378826089849422 1.458408221070844 -35.094102481761055
2.484476814050926 2.03891848007773 1.4657006489887632 -35.09436824399933
2.3926868387824616 2.040185885226296 1.472193396731446 -35.094581076279596
2.3008240105718865 2.041242398781452 1.478001637201241 -35.09519067069529
2.2088968751942577 2.041961881258121 1.483218237539166 -35.09634851819775
2.1169140642541824 2.042045028587778 1.487911675799545 -35.09839057360606
2.024883384770762 2.042509823653656 1.4920444573618725 -35.100358410699535
1.932810686460155 2.043955120038827 1.4955743482743098 -35.10168518892189
1.8407022581505217 2.0463830995483225 1.4984663009036419 -35.10238482652837
1.7485654304031528 2.0495293806082824 1.5006818123945513 -35.102733929035615
1.6564089684926822 2.0533142176095227 1.5021677146297252 -35.102829471078074
1.5642427155266112 2.0580257884228748 1.5028813234956975 -35.10240373228049
1.4720770504934881 2.0631891430186626 1.50279929966837 -35.10195474595339
1.3799230187103897 2.068430552705364 1.5019081803808754 -35.101890878146136
1.2877906376925594 2.073300399790676 1.5002202907017117 -35.10269064613782
1.1956872798944684 2.078898675516408 1.4978384070588955 -35.10325420952578
1.1036162555486266 2.086563615894526 1.4949156977442932 -35.10221839378442
1.0115783795481137 2.0961677078027177 1.4915192911529134 -35.09970802825458
