7.841537537520181 -0.1689181162168887 1.567604725982246 -39.26651785021079
7.804347501269881 -0.16660121656126473 1.5656187416136567 -39.26534179183815
7.767109563161921 -0.16126120132133887 1.5638719521855 -39.26118683357556
7.729819274375231 -0.15908708917953426 1.562330924353203 -39.26024671809913
7.692475480819147 -0.1577633132651988 1.5611484729319245 -39.26016677066372
7.6550783291020865 -0.15703582750057124 1.5604323802319755 -39.26065985383816
7.61762765627771 -0.1545276181758835 1.5602949309334417 -39.25929673288234
7.58012519286433 -0.1523793175556122 1.5607738770887667 -39.258189102822286
7.542577205622118 -0.15146754518221756 1.56193210853967 -39.25818867144301
7.5049942877412645 -0.15194524997308026 1.5638287628771546 -39.25942630025083
7.467388926749408 -0.1538417425374552 1.5664844458285254 -39.26191470312643
7.429775011358911 -0.15614339334133698 1.5698513360746975 -39.264630598474405
7.392167921364488 -0.15853810560821924 1.5738492204979904 -39.26725983431769
7.354583591800278 -0.16119202511287853 1.5783839870790821 -39.26996871788861
7.317037606657428 -0.16406148073850865 1.5833359645753835 -39.272717806388926
7.279545282447742 -0.16706551530256078 1.5885756762229446 -39.2754350523219
7.242121386563855 -0.1697083698830686 1.5939639286986993 -39.277642232968
7.204779684521275 -0.17142195503411908 1.5993734983479295 -39.278795461830214
7.167532961236154 -0.17106324116406108 1.604677087965152 -39.2777897841565
7.130391512597097 -0.1714794608703492 1.6099668738350728 -39.277460548841184
7.093369501762008 -0.17152353450635396 1.6151296509387856 -39.27670950937678
7.056476317948901 -0.1671238008804574 1.6198790757870545 -39.27155819010881
7.019713190747425 -0.16234567485629917 1.6242894923555797 -39.26604003280978
6.98308292531421 -0.16262314022107915 1.628426723423879 -39.265541887850254
6.946593178766844 -0.1650371319533802 1.6318703787516626 -39.26722666680675
6.910239860963395 -0.1669655245660906 1.6342379575638555 -39.2685329318502
6.874011781135948 -0.16869583082138684 1.6353543948336866 -39.26975560357635
6.83789795821587 -0.16978574456729725 1.635155302332592 -39.27046027839237
6.801886547763163 -0.16887389627547464 1.6336932589663178 -39.269294221748396
6.765964881969923 -0.1651403655126359 1.631133318856964 -39.26543507356111
6.730122114532175 -0.16084540489511073 1.6275913732645462 -39.26112187953767
6.694354053535703 -0.15743840552829394 1.6231564019475018 -39.257801589511594
6.6586562977845976 -0.15616136377855486 1.617958817607524 -39.25671818836886
6.623021409655275 -0.1550944086455304 1.612354305980712 -39.25596116007955
6.587436694800515 -0.15428152822766203 1.6065950934428188 -39.25556342435467
6.551889397266544 -0.1472969544649779 1.6013276723429914 -39.24909013945394
6.516366043655472 -0.14017186453793445 1.5964168795615759 -39.24253633499079
6.480858997125138 -0.13819816627961853 1.5918216008948174 -39.24117062636396
6.445365256092859 -0.1376481703525483 1.5879804358474836 -39.241244069697835
6.409883926489635 -0.1387168979204255 1.5850367638428295 -39.242924775485186
6.3744122126325875 -0.1379956835124841 1.5832740258804576 -39.24277631278747
6.3389473101788845 -0.1380654083934675 1.5827876227666342 -39.24335184334002
6.303491684873226 -0.13778909691311178 1.5837590000938193 -39.24350271009823
6.268051173946497 -0.1381596350187634 1.5862948505686048 -39.24421274424714
6.232633016969952 -0.13974267091567769 1.5904585790034433 -39.24604267375888
6.19724547545469 -0.14623993746843603 1.5964443320249722 -39.252677875027985
6.161899208190645 -0.15290335845306804 1.6039603931215691 -39.25939249937524
6.126603698104915 -0.1510041484881136 1.612112220856892 -39.257509453704735
6.091364736962471 -0.14774827372480165 1.6210792038599828 -39.25420481240221
6.056194689516869 -0.1440793129529741 1.6305275614095793 -39.250432578775
6.021106890563318 -0.14034041374561482 1.6400503652231218 -39.24654965091593
5.986111993684823 -0.13800566214609664 1.6493400498726587 -39.244033547490304
5.951221979350524 -0.1366230482088491 1.657983892471214 -39.242453920142424
5.916448531824887 -0.13806451724402619 1.6657603466923039 -39.24369353530547
5.881802898197468 -0.14042189928612656 1.6721414286685041 -39.24588317597618
5.847290498835545 -0.14225196028172982 1.6767439573781728 -39.24760865601763
5.812912005081038 -0.1430818411954453 1.679425827950416 -39.24841012646008
5.778665316006913 -0.1432432239852996 1.6801808008279795 -39.24861990513921
5.744547614189619 -0.14322383232484037 1.6790682943670479 -39.2487211750735
5.710556661740355 -0.1432148986525132 1.6761897169538587 -39.248900553811964
5.676689972086104 -0.1434459070530983 1.6716837316750615 -39.249380611902154
5.642944932679768 -0.1434776948065299 1.665771706499679 -39.24971593598525
5.60931794332106 -0.14178087184945637 1.6588075323332219 -39.24837121788804
5.575804280173244 -0.14007343064757097 1.6509715107759741 -39.24705187665977
5.542402691129951 -0.13690625703906342 1.642748444397064 -39.24430813101715
5.509108681899295 -0.1333453095622284 1.6344732968400213 -39.24120121908669
5.475919655787771 -0.13205728492953622 1.6262844316385752 -39.24039762630319
5.442834477357382 -0.1295885617653159 1.618861799954592 -39.23845019070367
5.409847038104034 -0.1265921416677326 1.612479916075832 -39.23600956795748
5.376949371624534 -0.12434129916558048 1.6073624717569182 -39.23434219608323
5.34413424316123 -0.12267264695745321 1.6037016521743988 -39.23327916254755
5.311394058859582 -0.12138080667754647 1.6015658500900152 -39.2326082184757
5.278722272566096 -0.12227381839376988 1.6009083871883947 -39.234129553059994
5.246114481654711 -0.12591622924047927 1.6017033046111562 -39.238401726816306
5.213566914461983 -0.1273356907208994 1.6037823484272165 -39.24044927723819
5.18107463149104 -0.12771986842671992 1.6069441659609012 -39.24145195387713
5.148636033840784 -0.12842252809667007 1.6110269861421036 -39.24275931364872
5.116252032528471 -0.1289838500202237 1.6157920486930581 -39.243911523184295
5.083924435555847 -0.12821447552110662 1.620936075215655 -39.24372153320953
5.0516552490648285 -0.12721878297804123 1.626256317697125 -39.24329599900576
5.019449448513321 -0.12684091115045865 1.6315419115623424 -39.24348687381097
4.98731291935623 -0.12700776395511343 1.6365788096070204 -39.244230241891344
4.955250938018122 -0.12737522032605075 1.641220298710503 -39.24518903871503
4.923267999807717 -0.12794163842565243 1.64538675759876 -39.246366587700955
4.89136823505896 -0.12850549811102976 1.6490041855020496 -39.24756553396495
4.859554901101817 -0.12901456878084164 1.652021941311959 -39.248736249049415
4.827830452221877 -0.1294543606041508 1.6544168398291492 -39.249865307374435
4.796196500348403 -0.1300954929035233 1.6561916271402506 -39.25122315732606
4.7646540806072535 -0.13087906624161397 1.6573471645248603 -39.25274966750528
4.733203132111435 -0.13170208621156254 1.657886109793548 -39.254339271823085
4.701842420986652 -0.13261447065783513 1.6578230161731953 -39.25603820359281
4.670569768049691 -0.13343907546863196 1.6571822125198234 -39.257664487491816
4.639381805061837 -0.13366099818556423 1.6560073209019928 -39.25869694321553
4.60827417908164 -0.13295485919842187 1.654356334246974 -39.25880424488933
4.577242368986023 -0.13162676229899273 1.6523084222392983 -39.25828851391002
4.546282105059769 -0.13096742783753842 1.649923222409622 -39.25844012449093
4.515389636860987 -0.13058252344437565 1.6473049237336765 -39.25886344634146
4.484558474287412 -0.12980908595466722 1.6445903208083847 -39.2588904368362
4.4537808858424786 -0.12873400580231845 1.6419135668718836 -39.2586042544648
4.423049627740134 -0.1275999688367249 1.6394146871771147 -39.25824577820462
4.392358639209403 -0.12625522522243598 1.6372219725177448 -39.25766358887599
4.36170311764855 -0.12589753949160798 1.635395530710721 -39.25806017574399
4.331080420603959 -0.1263723145607153 1.6340015782149573 -39.259287065048525
4.300488822524948 -0.12764358629299533 1.633053231640267 -39.26131462025841
4.269927692121313 -0.1290440501810095 1.6325169957538366 -39.26347988992568
4.239397036576916 -0.13057942103537223 1.6323613997373148 -39.26579057802384
4.208897867620417 -0.13135231351514556 1.6325919449277457 -39.267347988280555
4.1784323613995005 -0.13162501371884813 1.6332279866068047 -39.268413717676395
4.148004519383567 -0.13162183976653796 1.634297199122598 -39.26921223606305
4.117619464087647 -0.13140358119482526 1.635813547313729 -39.26980479538643
4.087282644478559 -0.13128763239269256 1.6377738502282666 -39.2705095760092
4.056999590256945 -0.13132747742857884 1.640145658019371 -39.271380326035114
4.026775483071615 -0.13123890355035622 1.6428603853779369 -39.27213220156209
3.9966149125373454 -0.13154520782900642 1.6458477701076393 -39.27328958692666
3.9665222860104814 -0.1313670972558757 1.6489653296186488 -39.27397202752308
3.9365006505093705 -0.13062348667272541 1.652087260667725 -39.27409817514268
3.9065533272029573 -0.12946867399824186 1.6551111003680925 -39.27382395967713
3.8766838707095217 -0.12799057574639244 1.6579472817392789 -39.27323942620758
3.8468954416982437 -0.12569254452831874 1.660501159911876 -39.27184782732841
3.817189601222375 -0.12451888009892305 1.662742631258497 -39.27159857280136
3.787568053788798 -0.12525336670402143 1.664591699560778 -39.27327441980785
3.7580307266978688 -0.12632837514053752 1.6659165668812874 -39.275294041444845
3.728574150746178 -0.12720604589138018 1.6666166366667636 -39.27710709726831
3.6991930751921163 -0.12787577661982724 1.6666164566330568 -39.27869282305557
3.6698816652616144 -0.12805638078832557 1.665887025760598 -39.279760948029946
3.6406333345782382 -0.12696467336209627 1.664471890015019 -39.27951946731182
3.6114408534143116 -0.12570282029317006 1.6624422298440018 -39.279068847964695
3.5822975359934386 -0.12486902911858916 1.6598873324441965 -39.27900691240368
3.553195604369199 -0.12428069172516609 1.656940747518997 -39.279148347021696
3.5241259850761844 -0.12313796060323447 1.6537838414416104 -39.27869029539069
3.495079154542605 -0.11991121806672794 1.6506373716949632 -39.2761019695808
3.466046206007632 -0.11429525782431788 1.6476788937053672 -39.27108270546633
3.43702002747377 -0.10815617286466116 1.644986303661355 -39.26550838078145
3.407995669889765 -0.10691014739006213 1.6425434669248957 -39.26480724395876
3.3789691574433562 -0.10733234877701447 1.6405575440763964 -39.26576573021746
3.3499385622124684 -0.10858323563183273 1.63913574273825 -39.267557040838426
3.3209034837544325 -0.11200959214551177 1.6383166635490163 -39.27153675946167
3.2918646356539374 -0.11364586515758524 1.638151678631804 -39.2737424039198
3.2628251405489297 -0.11438705126690345 1.6386537108920718 -39.275069345855506
3.2337897275358696 -0.11466803150325189 1.63983093283007 -39.275952374246096
3.204764169306509 -0.11477327212862763 1.6416662443473742 -39.27667614790885
3.1757550147972626 -0.11583929618217793 1.6441306411028371 -39.27837940638032
3.146769180276253 -0.11676272474221187 1.6471074766903204 -39.279959740540306
3.117813102345631 -0.11786222732031314 1.6504931176750202 -39.2817376963218
3.0888933576220867 -0.11880736941540339 1.6541557281472747 -39.28338389008206
3.0600161450241363 -0.11948286058788005 1.6579614375743577 -39.284783720215614
3.0311869538078366 -0.1197106169509302 1.6617678861712244 -39.28575792471365
3.0024107004076694 -0.1192093978539443 1.6654409028204258 -39.28602297757947
2.973691876075914 -0.11752111742462513 1.66885896926813 -39.28511820409983
2.9450345830610307 -0.11418266310941143 1.6719415745102635 -39.282578309602854
2.91644193902304 -0.11121546075461271 1.6747157455577906 -39.28043039521668
2.8879167778050903 -0.10894328096529202 1.677145144238493 -39.27899478560334
2.8594604894018523 -0.10875892681473628 1.6791945132051305 -39.27966027850025
2.8310733300923654 -0.10975825715374765 1.6807411271892825 -39.281505638838695
2.802752972711877 -0.11058640701542795 1.681662528968364 -39.28315514761692
2.7744949728965898 -0.11123974403649248 1.681896173113573 -39.28459263855969
2.746293951031619 -0.11132457876658468 1.6814206460467112 -39.285413864099304
2.7181434848740054 -0.11048880171252005 1.6802712933625175 -39.28525901851831
2.690036451885389 -0.1096775078521015 1.6785123723346214 -39.28507207805459
2.661965393206907 -0.10916106037188449 1.6762337604537558 -39.28512297381681
2.633921782776574 -0.10867812321702496 1.6735679407182833 -39.285147896752655
2.605896336478565 -0.10827837551557716 1.67066940297335 -39.28519668235074
2.577879887244604 -0.10584813699670252 1.6677655503912971 -39.28315696601148
2.5498642947905803 -0.10102127861683391 1.6650345429967304 -39.27867019527948
2.5218431169350164 -0.09574663687818898 1.6625437123460494 -39.27369668799514
2.493811036597639 -0.09499834016821951 1.660291954109369 -39.273219162882754
2.4657622633816754 -0.09506748502554681 1.658489047499361 -39.27354156393447
2.437694098032424 -0.09594515724062334 1.65722828654066 -39.274667657207765
2.4096055402671417 -0.09800274100323504 1.6565593471266509 -39.276977784590805
2.3814969564491983 -0.09946274428917164 1.6565163664818803 -39.27869941210801
2.353371212259724 -0.10013102167490914 1.6570878707848518 -39.2796418204957
2.325232562330305 -0.10066487494678064 1.6582543589316379 -39.280464410781974
2.2970858777599856 -0.10158554222509063 1.6599736683534592 -39.28169023875562
2.2689365051537114 -0.10269390992911297 1.6621661555493643 -39.28312342417072
2.240790221435847 -0.10406794737109033 1.664741689707256 -39.28484488289995
2.212652963439182 -0.10572611962203213 1.667601874453125 -39.28687552513345
2.184530598134496 -0.10720436071774565 1.6706264822029724 -39.28875142888993
2.156428795882819 -0.10846243254698495 1.6737093267673493 -39.290430939430344
2.1283529125488343 -0.10943099984787528 1.6767525024034506 -39.291842630619506
2.100307863928202 -0.11011550041750204 1.6796674316158313 -39.29298905931429
2.072298082755027 -0.11024378615273778 1.682366940620795 -39.29359337369083
2.04432755464977 -0.10795241170303292 1.6847547469292334 -39.2917832664108
2.016399475750669 -0.10401951974486134 1.6868431271528683 -39.288337617891976
1.9885162541609127 -0.09962338574870654 1.688657029680413 -39.28443522873211
1.960679290377779 -0.09673447452510611 1.6902133239266366 -39.282044709070064
1.9328889376613594 -0.09613000134281112 1.6914779245662814 -39.281930276920754
1.9051440449579653 -0.09649458110692237 1.6923656585745777 -39.28275335237174
1.8774415602168641 -0.09667177121667904 1.6928363073472308 -39.28333651485452
1.8497767225857182 -0.09689809479454536 1.692885326048096 -39.283904963684265
1.8221434028527512 -0.0971523653955547 1.692510281459577 -39.28442922242398
1.794534341490703 -0.0973100673720891 1.6917418225203913 -39.28477724985413
1.766941502184582 -0.09742031621312962 1.6906477369041475 -39.284992728423546
1.7393565526412516 -0.09740074938213465 1.689320518301259 -39.28499069888478
1.7117713802249475 -0.09687772472446463 1.6878740475820175 -39.284398674474716
1.6841785943547265 -0.09583632754168372 1.68642029555123 -39.28320696077296
1.6565716511149287 -0.0945203403130406 1.6850536003956804 -39.28166864656685
1.6289448372238797 -0.09282516905437985 1.683866873057941 -39.27969145752004
1.6012935566937407 -0.09210015948548989 1.6829135242855753 -39.278633964606385
1.5736132882195968 -0.09174127371294985 1.6822616975492712 -39.277903616228656
1.5459010672327416 -0.09192604281124066 1.6819453960684259 -39.27768855767628
1.5181551594113882 -0.09250613328486779 1.6819777423335471 -39.27784994868246
1.4903753738456096 -0.09391840943973105 1.6823521601264289 -39.278830410867315
1.4625627181230823 -0.09548969714367304 1.683070852231353 -39.27996061129425
1.4347200120337065 -0.09751231714319192 1.6841331911618833 -39.28153643052273
1.4068508614609776 -0.09987742801991385 1.685509245958719 -39.28345458112538
1.3789597149132888 -0.10241860100685854 1.6871613406923682 -39.28555301846301
1.3510517312144208 -0.10491429662224033 1.689050993393005 -39.28761097464315
1.323132546808174 -0.10721828010865468 1.6911407473394016 -39.289480006466064
1.2952079238858103 -0.1092947035899007 1.6933929260157745 -39.29112045009038
1.2672834366545835 -0.11114757170043107 1.695766341219808 -39.29253150756171
1.2393642728708256 -0.11245817683182296 1.698211791285875 -39.293388710290806
1.2114552375431666 -0.11355321982510305 1.7006875356489348 -39.29401362398328
1.183560496904414 -0.11413161338806463 1.703144475410167 -39.29409669731745
1.155683790324893 -0.11324533195285046 1.7055335318671103 -39.29267811795595
1.1278283928371398 -0.11237962786680228 1.7078504629699411 -39.29123619016837
1.0999961967757077 -0.11013587190207817 1.7100403672713893 -39.288355186767255
1.0721888199648424 -0.10864673741482803 1.712088599971078 -39.2861530519394
1.0444059652582203 -0.10830257548536909 1.7139502738722907 -39.28499692470645
1.0166460352974191 -0.10903323732016286 1.7156210882744365 -39.28478895691891
