7.877746501008762 -2.9950326990909275 1.2424882621570612 -5.028311551737804
7.777477437781414 -2.9890948580062138 1.2408958172074485 -5.024188725797811
7.677150830355621 -2.9856904126572292 1.2403820519018496 -5.022729471608294
7.576805697725995 -2.9859506843406955 1.2405820221163801 -5.025084659619177
7.4764870306055125 -2.9876298391317277 1.2411306915048552 -5.029006929761035
7.37624385423397 -2.984458356160851 1.2415540152898874 -5.02818883886062
7.2761094917428055 -2.981775271350622 1.241698281387665 -5.027952583735527
7.176097739087072 -2.9816414992236955 1.2414366279853617 -5.0303083518517075
7.07619388815658 -2.9823588516844817 1.2405565486379568 -5.033479331523315
6.976357002846445 -2.982111851501456 1.2389185212862237 -5.035557979959924
6.876538056506166 -2.9821119153092264 1.2364832550116773 -5.037666439622555
6.776696366252237 -2.9853446944553483 1.2332845285252756 -5.042706308536103
6.676798733157542 -2.9919830938013936 1.2293896255825145 -5.0507530096126185
6.576810345986837 -3.0009548306826574 1.2249190912343946 -5.0606605439259305
6.47670213332152 -3.011732102229975 1.2199715385182357 -5.07184216289186
6.376446084139033 -3.0244075796312178 1.2146397202103156 -5.084323327947277
6.276011718339107 -3.038413115983577 1.209060915801114 -5.09747816736906
6.175361001843467 -3.0518922406767772 1.203443891391763 -5.109437448461865
6.074452421070565 -3.064577807682401 1.1979951726175095 -5.11988628378514
5.973246176113311 -3.0767101150331797 1.1929371616240716 -5.128997458940521
5.8717045875719265 -3.08845587259737 1.1885065463477549 -5.136877020205375
5.769792521478632 -3.099417951382831 1.184962775919033 -5.143115794650262
5.667474299924675 -3.1109176796359925 1.182589213359844 -5.14893434319243
5.564711603347198 -3.122589170857123 1.1816544175360144 -5.154001269896479
5.461478303959033 -3.1214728657578097 1.181838149997027 -5.146507319243012
5.35780892558844 -3.1186424919683753 1.1830646739421566 -5.136891656424992
5.253719503914729 -3.122433520660468 1.1851854346516535 -5.13291195656894
5.149188683184554 -3.122641924633881 1.18720787358739 -5.1254201135676105
5.044205293822616 -3.107901779726494 1.1882687186059546 -5.104248076767902
4.93882978604776 -3.097913412696863 1.1892329288888444 -5.0874998633563235
4.833084064866176 -3.091671189714928 1.189843743931462 -5.074357637893074
4.7269807846983145 -3.0798084822126093 1.1895803431834935 -5.056283834074883
4.6205434836041785 -3.0657055327362444 1.1885456939711538 -5.036400139028341
4.513778161566053 -3.0548935462756983 1.1868605343808574 -5.01981925261124
4.406679809709354 -3.048624193481964 1.1844840982145768 -5.007695224429794
4.299249438629224 -3.0418980033592034 1.1813580957174914 -4.995339522319994
4.191509090064235 -3.0363560165365575 1.1775153425727478 -4.984269004230438
4.083482140908308 -3.033975915074341 1.1729513757701464 -4.976331164257177
3.975190472209815 -3.0406727239806175 1.1675760934943415 -4.977071562610437
3.866643684561203 -3.0537456093990794 1.161505878263675 -4.983927294586437
3.7578507878296104 -3.068335938643649 1.1550430446140816 -4.992304166722896
3.64883155379425 -3.0763458887962574 1.1486798687391009 -4.994539158165984
3.5396274133010546 -3.0822615906213344 1.142431920869263 -4.994865299621095
3.430270149494933 -3.0891327887076416 1.1363730414333706 -4.996152319781588
3.320772131571265 -3.095694896856574 1.1307721890216176 -4.997165602377243
3.2111367686550705 -3.1024451582771726 1.1258612160808699 -4.998361606968402
3.101360263510098 -3.1088191933086478 1.121842535500178 -4.999200460608607
2.9914361761505854 -3.1149378118650737 1.1188239943525893 -4.9998104287595195
2.881357670966256 -3.1218600259996987 1.116844356407072 -5.001231410377155
2.771121212430379 -3.1298998789042503 1.1158711437375304 -5.003800356469597
2.660728732436785 -3.1392050643612297 1.1158262039775766 -5.007691006679717
2.550185979533426 3.1331523117320144 1.1166128985569184 -5.013179181999007
2.439500474876468 3.120965893150576 1.118094051097312 -5.020132448421015
2.32868255476286 3.108827012184024 1.1200310560301732 -5.027213753226467
2.217746561585802 3.099216927766411 1.1220790737873911 -5.032029785903646
2.106710143707364 3.091329479258923 1.1240774419922255 -5.035358834910902
1.9955895127703687 3.084936905077329 1.1258177040628659 -5.037409628907133
1.884401205532465 3.079917246930609 1.127071607133715 -5.0382789636214325
1.7731629682827927 3.0756014982013444 1.1276339720256539 -5.038592659731011
1.6618936650303329 3.0705360017384034 1.1273146026826792 -5.0397466431181215
1.5506153207091071 3.0667475039005865 1.125664314866845 -5.0396786627257475
1.4393483736223458 3.0624033237156687 1.1224733426181042 -5.040116851799156
1.3281062251689812 3.058171672328965 1.1174380095332912 -5.040285244561825
1.2168989755409927 3.053739392677537 1.1102919739867978 -5.040369046445335
1.1057386890847836 3.048610215293374 1.1007350713567075 -5.040701321534096
