7.873262158626795 2.890600296294011 1.1739278741731332 -49.391453199890215
7.8221077442306015 2.8993462700138224 1.1697425747473549 -49.38426192182516
7.770989982564738 2.9072321387172906 1.165760737095334 -49.37804119395397
7.719923800003898 2.90789249004024 1.1618553679457626 -49.37920515357769
7.668918039391259 2.908279966590531 1.1584043642324529 -49.38044569063648
7.617963789317671 2.9094172349415963 1.1555638909841768 -49.38058300648792
7.567049243652846 2.9114610636570712 1.1534179138308642 -49.37933000066978
7.5161605362308235 2.912678347763134 1.1520039197439136 -49.37832904391796
7.465284553257839 2.913027054856056 1.1513761939470482 -49.37751409838352
7.414404791080583 2.9114259563707323 1.1515711776375075 -49.37787681970486
7.363502951676918 2.9076279737862905 1.15259218175212 -49.37958278050394
7.3125618531166205 2.902404687918447 1.1543533166607296 -49.38181916599334
7.261564855795351 2.8956822256489567 1.1567416091561569 -49.384636417379326
7.210495995886069 2.887580978052109 1.1596293335881815 -49.38789742435903
7.1593379295660515 2.8782761761731437 1.1628853820228933 -49.39141944797167
7.1080712606814975 2.8673899310373354 1.1664087627661701 -49.39555243198106
7.05667490817089 2.855178804439203 1.170090692754699 -49.40004781308159
7.005126727425991 2.841664430582997 1.1738825990774258 -49.40489771901977
6.953404906025074 2.827232225822136 1.1777505499049634 -49.40978677548472
6.9014892488333 2.8129508721126286 1.1816424728086254 -49.413815723636965
6.849364719362196 2.800689233317151 1.1854510245777303 -49.41541515351688
6.797024049304865 2.7881457296506515 1.1892482608196577 -49.41685489407815
6.744463704049008 2.7766732808402517 1.1929167393443503 -49.4170891316487
6.691678272648147 2.7661169561696233 1.1963888141204861 -49.41644682962715
6.638647251072394 2.75579183428892 1.1997062977276132 -49.41575907559632
6.585344456524706 2.7442871540758587 1.2029879521520228 -49.4164980857168
6.531746869647969 2.7269438660504806 1.2064905701011865 -49.42307648295344
6.477840582572758 2.7077565523515994 1.2101448130233259 -49.43196326780322
6.42364325400993 2.6905430457936492 1.213839517020813 -49.43967850820827
6.369185091224576 2.67650667266087 1.2175664698792892 -49.44509004172195
6.31449612917445 2.666045165454701 1.2213474633271098 -49.447781932522645
6.259602467895517 2.6587822557917575 1.225232619769745 -49.44804712646729
6.204523842381588 2.6527951977968174 1.2293462017145047 -49.447643706957706
6.149273628744951 2.647840520086549 1.2337171587020446 -49.44674981092962
6.093864732084867 2.6430763958880985 1.2383752645426194 -49.44611161403199
6.03830925509777 2.6397138077226723 1.2432126801528527 -49.44449774224693
5.982620492689297 2.639103371482988 1.2481022269353832 -49.44052363435622
5.926815819446277 2.639851114304277 1.2530637538467628 -49.43544546765845
5.870913569841889 2.6390547269779057 1.2582018603079 -49.43198461044937
5.814927833673708 2.6380756535410517 1.263418924323851 -49.428731733737145
5.758860813510706 2.636620409795263 1.2687049092251985 -49.42591256455679
5.702711059968794 2.634218173440671 1.274038064862273 -49.42395166612022
5.646474392113316 2.63134969670166 1.2793556729145623 -49.42236217472749
5.590144507663814 2.6281695083123777 1.2846336970367918 -49.42097918797567
5.533712543931899 2.6245247122994595 1.2898898160406018 -49.41994175527984
5.477167269216187 2.620648664525747 1.2951400295001911 -49.41902419009267
5.420496926653505 2.6166392078267786 1.3004254288850479 -49.418141683970894
5.363691269547946 2.6122364190520853 1.3058188304743368 -49.41756016873967
5.306741414585736 2.607623883239305 1.3113682842827374 -49.41711933116324
5.249638517060907 2.602793605624258 1.317132205742531 -49.416849058744006
5.1923742105475945 2.5975332967242752 1.3231818839987457 -49.41697971117004
5.13494011429812 2.5918975119289294 1.3295696791300202 -49.41748775310543
5.0773274457089 2.586052733488658 1.3363297082609205 -49.418246673766674
5.019527754307534 2.5810291569217947 1.343424487344073 -49.41829701404323
4.961535427633947 2.5769880829865857 1.350872770321977 -49.41751812895045
4.903349264378474 2.57385425239827 1.3586598427993015 -49.41601285020242
4.84497191102875 2.5713243969166 1.3667352667445 -49.41409949364766
4.786408566241345 2.569422062351997 1.37498816802647 -49.411766652004374
4.727666130676924 2.567359323628371 1.3833779936976305 -49.409781517215784
4.668751532787614 2.565151426037173 1.3917780866261025 -49.40812452582982
4.609671677702284 2.5628027405673848 1.4000779175655764 -49.40678374365297
4.550434077988954 2.5602425883536655 1.4081994619582228 -49.405817824318866
4.4910465103705395 2.5575095155837335 1.416077921596091 -49.40517657535126
4.431516773635807 2.5547074891268866 1.4236626154969512 -49.40474424206838
4.371852456052376 2.5519145987380947 1.4309224449045983 -49.40442971898677
4.312061027750998 2.5492217664795698 1.4378413402602517 -49.40412875810912
4.252149827144388 2.5466298654364348 1.4444245595575544 -49.403825784430005
4.19212602285524 2.5440560849310923 1.4506937064522956 -49.403588100759784
4.131996385775954 2.5413967764732983 1.4566803725341353 -49.403504350154
4.0717672047664735 2.5386691019318786 1.4624143009451254 -49.40354429911082
4.011444321085051 2.5359626329411804 1.467925546614832 -49.403606658194626
3.951033026386185 2.5335587606487127 1.4732385830078107 -49.40340088884532
3.8905376126367757 2.531289457081536 1.478410962961215 -49.40308440481198
3.829961136500317 2.5286898409689087 1.4835198529023654 -49.403111460124684
3.769304600982793 2.52623726045732 1.488595012372806 -49.40300317544431
3.708568011692654 2.5239404651191064 1.4936871313930422 -49.40274864370274
3.6477514489200855 2.5215880156442707 1.498852437025085 -49.402555663300134
3.586854889411482 2.5192101540495795 1.5041181816014386 -49.40239125732158
3.525877991273742 2.5168550227009945 1.5094948395468093 -49.4022056040619
3.464820221956397 2.5145860697689235 1.5149768061616735 -49.401934548311495
3.4036810825953445 2.512319397996925 1.5205540383951452 -49.40166113676475
3.34246027344727 2.5100712447066544 1.5262021098502343 -49.40136844951224
3.281157448749736 2.5078686436645117 1.531890429631405 -49.401029294758146
3.2197722787392222 2.5057337920502296 1.5375862567293503 -49.40062172703871
3.158304529511389 2.5036380590402167 1.5432601885792583 -49.400174746362474
3.0967540873388395 2.5016043359815567 1.5488822710593013 -49.39966618104734
3.0351208685668722 2.4996370685464684 1.554427964730853 -49.39909277942826
2.973405079423911 2.497783308423188 1.559872019741871 -49.39840866758817
2.911607274420219 2.49599578427815 1.5651943513170483 -49.3976618257548
2.8497282088516647 2.494175395676258 1.5703659345823695 -49.396952335735094
2.7877689160261263 2.492576319338751 1.5753301469491614 -49.396028291878615
2.725731067862335 2.4909748541697554 1.5800560187640158 -49.39511469008299
2.6636175776575945 2.489002363268287 1.5845184397217003 -49.394578324166744
2.6014323973708318 2.4862865408062356 1.588685953088109 -49.394787398679945
2.539180093658784 2.482470974912925 1.592522506934171 -49.39609406737861
2.4768668337096194 2.478940491526968 1.595922649563851 -49.39710799311186
2.4144992825502514 2.47554764980853 1.5988279710707334 -49.39797424831974
2.352085655083302 2.471954098879825 1.6011724296016991 -49.39902687347112
2.289635387885157 2.468453869697534 1.6028819933263068 -49.39996623654821
2.227158894349393 2.465258404352489 1.6039113437169352 -49.400573589746905
2.1646670075921257 2.4621775419109118 1.604243914387765 -49.40103034665104
2.1021704660149374 2.4591178553673707 1.6038838816944716 -49.40142015934351
2.039679566933931 2.4557757835469998 1.6028557659045592 -49.40203582896265
1.9772036779583373 2.452285996020299 1.6012145294966373 -49.40273181255151
1.9147508323909324 2.448832638658404 1.599050981071398 -49.403313554551794
1.8523277361000665 2.445165308817978 1.5964688992199905 -49.40402079863951
1.7899402119456975 2.4421933034503085 1.5936167719982404 -49.40392956580012
1.7275920096017794 2.4414240967979697 1.59066954067596 -49.40151798847319
1.6652845992753396 2.4410309291551826 1.5876769040631158 -49.39860410526066
1.6030190464804772 2.439975506788963 1.5847114709248877 -49.39621789387469
1.5407961515640238 2.4384314548667616 1.5818903101410748 -49.394173534329
1.478615401316273 2.4354417725431587 1.5792935724094652 -49.39341630246287
1.4164758722720225 2.4306399111531096 1.5770320475552149 -49.39429480161671
1.354375409640089 2.4261337955456668 1.5752633035085826 -49.39467746039652
1.2923084071101507 2.4215450165780497 1.5740204754281408 -49.39493080514675
1.2302704574306909 2.4167919814048298 1.5733195692932302 -49.39510697867248
1.1682575705594005 2.4120424247476997 1.573145607538164 -49.39499749095086
1.1062660484878037 2.407609767130205 1.5734449341421357 -49.39423949882385
1.0442934267870927 2.4047990885857975 1.574128819898012 -49.39146287559653
