7.8221845920315545 -3.0738113111315175 1.6365553451765822 -42.74708673800526
7.741944964325085 -3.0659528137854553 1.6413148464579883 -42.739682667450666
7.661683509642376 -3.060509550834904 1.6459527377449001 -42.7347051746323
7.581431589199947 -3.059625205973963 1.6503634652260653 -42.73431521344219
7.501209359579922 -3.059577065774707 1.6543207855898865 -42.73482507879488
7.42101230686806 -3.0597005162298996 1.6576748191351955 -42.735592209891145
7.340825567259957 -3.060517681649474 1.6603087988456269 -42.73716602890283
7.260630809653395 -3.0608576902029725 1.6621202898249041 -42.738415284184924
7.180403421191539 -3.060016649739133 1.6630857308817966 -42.73868160058777
7.1001192171853615 -3.0585545428352097 1.6632926280457583 -42.738579361586844
7.019760118418216 -3.056636723077449 1.6628974075178158 -42.73833030952614
6.939325722030491 -3.0554758938000295 1.6620496550948827 -42.739202678476396
6.858815260549492 -3.055453925344342 1.6608078186801556 -42.74163118197123
6.778219845370115 -3.0574864959664527 1.6591491446583555 -42.74660379364663
6.69751595194724 -3.06189532641871 1.6570957903875778 -42.754510015812485
6.61666685493002 -3.0663333842368075 1.6547941187437776 -42.762987430071355
6.5356326569302 -3.0698042659784526 1.6523607117363746 -42.77102312762173
6.454375617718876 -3.071742195040008 1.6498979317516396 -42.778023926975614
6.372862281601973 -3.0718060439394126 1.6474988690330774 -42.783609081637955
6.291062248971943 -3.0706337945220383 1.6452085182146057 -42.788404581053896
6.208947567492037 -3.068707978160852 1.6430834245801043 -42.79286760429492
6.126496379901235 -3.0638801298652907 1.6412773395457618 -42.7946703921917
6.043701450813963 -3.0545361531567865 1.6398905564985158 -42.7920016224599
5.960575089846 -3.0443469989232605 1.6387794134456473 -42.78863105243072
5.877116664466405 -3.0345503420022806 1.6377633876771025 -42.78576857921354
5.793315044092869 -3.0247129014847847 1.6366953668377315 -42.78283772848599
5.709148099087862 -3.0155476459539443 1.6354560753364553 -42.780471202512324
5.624580650243678 -3.009558542816616 1.633892148335605 -42.7811974840162
5.539601779344134 -3.003407383814082 1.6320374534958582 -42.781432105791154
5.454234154311768 -2.9932561163137956 1.629993698135068 -42.77713749505722
5.36851673391529 -2.9826431586413706 1.627598037513174 -42.772023289360234
5.282475245899114 -2.973621605642485 1.6247304502151982 -42.768234801153824
5.196129900782217 -2.9666692908739836 1.621342083109752 -42.766278605307335
5.109499926472046 -2.9615434333449357 1.61745055806063 -42.765920752915
5.022605476717431 -2.9601132546744533 1.612996734493296 -42.769111573478746
4.9354655396101705 -2.954566525383169 1.608526937167656 -42.76785778626855
4.848120189765718 -2.946373491605829 1.6040940453094137 -42.76374016039902
4.760605850518573 -2.9394522344639644 1.5995696070381034 -42.76084237458768
4.672944968744173 -2.9315612074321575 1.5951696898016108 -42.756929884907954
4.5851540405625535 -2.923998577259052 1.590895759052696 -42.75337761042903
4.497240406257338 -2.9173841007540924 1.5868363104726968 -42.75085034074138
4.409209521772459 -2.911733423521284 1.5830890044248997 -42.74939048687863
4.321062973150112 -2.9068560103124503 1.5796807088839988 -42.74882324024144
4.2327973385458035 -2.902485060838328 1.576611790736435 -42.748885524996155
4.144404642420753 -2.8983812615888533 1.5738706191687701 -42.74933129910515
4.055873816450436 -2.8944150067676877 1.5714448263939593 -42.75001734492177
3.9671922612485444 -2.890416117999051 1.5693362719177189 -42.750752575276486
3.878348113414044 -2.8861025147867183 1.5675659934029977 -42.75122840708512
3.789331464322642 -2.8816527969314354 1.5661653554335528 -42.75160355505559
3.7001346449912966 -2.8769585528987527 1.5651468975692369 -42.75174672242755
3.610750671741142 -2.872102100999079 1.564488850952218 -42.75172004854515
3.5211735384604066 -2.867214927793426 1.5641326820280106 -42.75163698028452
3.431398165331241 -2.8620231618656096 1.5639995575482823 -42.75119978444074
3.3414214705931746 -2.855883138585255 1.5639963535782853 -42.74973585790892
3.251243638774803 -2.848978056309014 1.5640076916778742 -42.74741492299745
3.160869993676208 -2.841401985498635 1.56392509693719 -42.744326326889244
3.0703102787307532 -2.8336048890895564 1.563666750178654 -42.74092867459995
2.979577128334413 -2.826687377188541 1.5631636997498652 -42.73834793656613
2.888684080561198 -2.8206469256064244 1.5623736849540535 -42.736603147527354
2.797642785407993 -2.8155533295391093 1.561291417748289 -42.73578377442546
2.7064633218678664 -2.8110603387356288 1.5599606315815768 -42.73555653316757
2.6151555920705642 -2.8078198831622974 1.5584463709076553 -42.73659298924123
2.523729265805125 -2.8049752798335335 1.5568720872466562 -42.73804623141467
2.432198100895669 -2.8015204207139566 1.5553714029228203 -42.73893431999815
2.340575589474267 -2.7980531647476043 1.5540502095249336 -42.739885373616225
2.248872498374492 -2.794748664673855 1.5530105926175783 -42.74109375253848
2.1570985692090963 -2.791410626276165 1.5523375171627534 -42.74237679505988
2.0652636652119702 -2.787840994326843 1.5520949673215978 -42.74355032495036
1.9733786862575575 -2.7840114760750234 1.5523152867601226 -42.74460551991559
1.881455946471814 -2.7799538462648083 1.5530070162285252 -42.745602524852686
1.789508847833965 -2.7756237767882763 1.5541586680847592 -42.74653469867784
1.6975514158701224 -2.7709029264537346 1.5557414913381922 -42.7473306629102
1.60559824638785 -2.765534130066511 1.5577123756968994 -42.74779177175168
1.5136647196818451 -2.7594808371010067 1.560025047792122 -42.74795583637805
1.4217662845927104 -2.7531279950953533 1.5626376924984302 -42.74829733975123
1.3299185541707386 -2.745840996143989 1.5654834692226662 -42.74829282192207
1.2381370720008935 -2.7376167561535896 1.5685222775789334 -42.74807532172329
1.1464400787081745 -2.728749757358281 1.571734978232071 -42.748127431081755
1.054848933714108 -2.7188189047878235 1.5750955801031996 -42.74828718018518
