7.824922704267549 2.992936120393046 1.262831079432101 -4.680894273416172
7.734480878666212 3.003035769510286 1.2661111953742012 -4.673635888315157
7.6440746261131665 3.006800595704365 1.2694880271959887 -4.672754323463462
7.55375592443608 3.0097119166940987 1.272493598243349 -4.6727395859718435
7.463548262035758 3.011994233404867 1.2749164804295132 -4.673355046556978
7.373444201638448 3.0130951328039917 1.276663627122402 -4.67513214416859
7.283424816070158 3.0141110343616266 1.2776550430902924 -4.67693841978524
7.193460330387149 3.015994973584569 1.27794104519965 -4.6777866915332105
7.1035171196934135 3.0173374450095984 1.2776989605421838 -4.679067410136264
7.013569956185113 3.0162853816629864 1.277123433386642 -4.682632019233102
6.923596553101857 3.011414328282503 1.2763755153483445 -4.689906035960001
6.8335698684312245 3.00462530019356 1.2756190980537898 -4.699000837154269
6.743459261195996 2.996617944620521 1.2749742946249185 -4.709234837533129
6.653237837618381 2.987724696564153 1.274535959929341 -4.7203034001379915
6.56288206991225 2.978069169059553 1.2743663725606613 -4.732116708199941
6.472367624843477 2.9675080951543733 1.2744980249247138 -4.744852883746468
6.3816665544859985 2.9570481664935397 1.27495908978191 -4.757548030383077
6.290749318702617 2.947033605692307 1.275764506023527 -4.769896505562601
6.199579494506481 2.9383919340140325 1.2769252821290473 -4.781005694632393
6.1081159475113465 2.9321239478369616 1.278455243876266 -4.789899848105039
6.016319712830527 2.928548733529376 1.2803889897378626 -4.796274162880279
5.924150798718863 2.926849165170149 1.282788874798809 -4.800947245235962
5.8315635666557135 2.9316097242077954 1.2855713070826063 -4.799322810025727
5.738546118269534 2.9426991086869854 1.2886992876280692 -4.79149968970785
5.64511726526747 2.9528480105199852 1.2923341336566796 -4.784753267332494
5.551262497410009 2.9633612181104287 1.2961785861313164 -4.777754688427673
5.456968677203135 2.9723523818006794 1.2999757379099686 -4.772358276015691
5.362195059347937 2.989837749942862 1.3029962165203957 -4.758390234894754
5.266975366163794 3.014700465716562 1.3052029789583814 -4.736910243120694
5.171354922546943 3.0414755272419574 1.3067390527195335 -4.713393682919552
5.075352930434173 3.0638576311087635 1.3076163249428001 -4.694160514646276
4.978973893591831 3.0878503408014875 1.3074877040705872 -4.673132724461373
4.882240441782772 3.107672210326447 1.3062823194569868 -4.656105842746766
4.7851623392744775 3.120454796470817 1.3038274070735598 -4.6459426544069125
4.687752046843962 3.129202710773171 1.3000761062995347 -4.6396143618378165
4.590038641752031 3.1333930611220397 1.2949836622895248 -4.637665822964163
4.492050764656044 3.1307377068773428 1.2884661529798047 -4.642428776849254
4.393809663519471 3.119244241259507 1.2804964867353528 -4.6559408906957085
4.295334062855615 3.120612474565221 1.2728590878476165 -4.6564662479994805
4.196690013952775 3.12284098986861 1.2651419992294424 -4.656167527880569
4.097909156624512 3.124463214177413 1.2575975134222965 -4.6565893199382185
3.9990038829913774 3.127424037978363 1.2508183423936095 -4.655807360018002
3.8999783942588286 3.1296487290120427 1.245084996479617 -4.655905961869426
3.8008326182733345 3.1281785358849237 1.2406884550212478 -4.659854980387169
3.701556880718531 3.124390643973624 1.2380923917081181 -4.666252492708546
3.602142004824239 3.1207729242648066 1.2376522336136937 -4.67257240216488
3.5025857255787183 3.1181875697352526 1.239508803797674 -4.67792596470896
3.4028901498879223 3.1166767488343754 1.2436589989100288 -4.682251174815865
3.303061493089649 3.1173360913453143 1.2498999791872945 -4.684434377984503
3.2031100109592154 3.1193105569817314 1.2580333160626453 -4.685330444658948
3.10304660326293 3.12172598862295 1.26778304099496 -4.685817649649843
3.002878589010751 3.1235680903145253 1.2788596712096554 -4.686909786943001
2.9026065359136246 3.12452815559621 1.2908375176089992 -4.6888971872930725
2.8022271090833373 3.1290946430693722 1.3025214954604938 -4.687249109125905
2.7017456195294263 3.1353494568844105 1.3137073690280354 -4.683899456120805
2.601168388652565 3.140531060251468 1.3242996884601945 -4.681637625507946
2.5004964676711823 -3.138538568002424 1.3338609570983413 -4.680464045460065
2.3997225436226577 -3.1348515293540085 1.3420182279037323 -4.679720535368102
2.2988406581987313 -3.1309800483521104 1.3485514862605317 -4.678775009981051
2.1978485258277805 -3.126740200644878 1.3533979402392768 -4.6774343073264575
2.0967470371214696 -3.1223369425580434 1.3565998626102147 -4.675902571003739
1.9955389298525827 -3.117820251499261 1.3582266537519005 -4.674232929906797
1.8942281794355338 -3.1135213760713345 1.35838686493863 -4.672762780867565
1.7928195347109916 -3.1095793078324205 1.357193106830692 -4.671638775929598
1.6913180407776356 -3.1057783574095508 1.3547710020626667 -4.670652420781877
1.589729833815558 -3.102745332253341 1.3512636983104211 -4.670442154437399
1.4880631067023449 -3.099452439589363 1.3468148432073792 -4.670006569605684
1.38632905075962 -3.0960732864192804 1.3415917905836474 -4.669573463573485
1.2845426703418121 -3.0949236353311926 1.3357495856219943 -4.671553440977348
1.182721488843699 -3.094452250574942 1.3294875985570211 -4.674531692253467
1.0808820046275678 -3.093327642836511 1.3229852661407437 -4.67732042466501
