7.897970351838045 1.2549929578768535 2.3173124698217626 -63.34161105429485
7.890196503084291 1.2548138191417697 2.31976783053374 -63.34073333559953
7.882395891764833 1.2543814077675957 2.322361898551236 -63.340108222126055
7.874567014418159 1.2538658006202519 2.3249614067580215 -63.33959510565203
7.866709854134364 1.253442497536526 2.3274777823219575 -63.339066928528354
7.858825398647982 1.253037845222248 2.3298586241806563 -63.338646445120006
7.850915213963198 1.2522801022085626 2.332097258213264 -63.33874873509456
7.842980975198259 1.2517757937059695 2.334196106341354 -63.338799533677715
7.835024431089133 1.2517458169356683 2.336181538919657 -63.3385858636413
7.8270470953880915 1.2523975451845641 2.3381014950825376 -63.337886999001896
7.819050017797332 1.2534194009030848 2.340031565047663 -63.336973507309686
7.8110334182043575 1.2544867457659177 2.342056121878497 -63.33609440754055
7.8029964577931406 1.2552108021144592 2.3442490579895243 -63.3355438138274
7.794937341625735 1.2555228825725973 2.346683503926657 -63.33530885564621
7.786853352643756 1.2555626931698307 2.3494317907416327 -63.33519771588597
7.778740910097548 1.2553886779916927 2.3525621214320673 -63.3351086540278
7.770595686189614 1.254938503315065 2.356143174468385 -63.335071937118194
7.762412618462402 1.25420139016646 2.3602360770465913 -63.33507568957136
7.754185997321324 1.2532847387961863 2.364892685723193 -63.335001391854355
7.745909585833021 1.2522656571622761 2.3701529418749225 -63.334772424912174
7.737576803935582 1.251267927632695 2.3760395614051135 -63.33427492669727
7.729180949908079 1.2503070898451005 2.382566270479864 -63.33350815728503
7.720715295972276 1.2492789054794282 2.38974029063013 -63.33258934170558
7.712173117791282 1.2481069678959742 2.3975518453896387 -63.33160407648752
7.703547826431699 1.246830067613735 2.4059690641653306 -63.330524599533796
7.694833191666429 1.245532112965329 2.414944770112748 -63.329281744278894
7.686023517535988 1.2442288101021928 2.424424523993103 -63.32787613760265
7.677113723207197 1.242928259464444 2.434338969568222 -63.326318835667166
7.668099494952675 1.241540206659362 2.444616505783072 -63.324720403737544
7.65897727119144 1.2391247061572184 2.4552668983754686 -63.32402426591743
7.64974319651891 1.2362990188498024 2.4661035325069967 -63.323653589152876
7.640395427472576 1.2336183033266463 2.4769246662923985 -63.32306860123181
7.6309341816209715 1.2305512619423689 2.487658639427835 -63.32275873014955
7.621360337660397 1.2269235079049927 2.498230738371604 -63.3228479472061
7.6116753687459235 1.2226427178247472 2.5086027669509865 -63.32340339079641
7.601881016370021 1.217866713399772 2.518745224801277 -63.324263314828286
7.591979276715125 1.212745902124051 2.528645001251504 -63.325274188274
7.581972256889762 1.2073982272663502 2.5383023421907023 -63.326310234961824
7.5718620416945095 1.201854112555798 2.547732606452072 -63.327323055051245
7.561650524961565 1.1960796728752698 2.556960955899381 -63.32831691052048
7.551339321969569 1.1900159708478821 2.5660135642292543 -63.32930956711203
7.540929719863801 1.1835734366837372 2.5749174916992446 -63.330346309311096
7.530422646467522 1.1767087960893756 2.5837041907210594 -63.331443806497006
7.519818653103068 1.1694325401683034 2.5924052228385515 -63.33258277206301
7.509117953886407 1.1617801628566056 2.601049069545929 -63.33373082973762
7.498320490579848 1.1537925204993404 2.609658682670214 -63.334856045708094
7.487426009708771 1.1455038348255775 2.618250233513875 -63.335933722486836
7.476434138906782 1.136935487437075 2.6268330245194376 -63.33694883234886
7.465344452712462 1.128123908692421 2.6354078414679782 -63.337868101281444
7.454156554932754 1.1190449655878252 2.6439743892047383 -63.3387093649775
7.442870065918031 1.109665496449454 2.6525298997344686 -63.339492934456935
7.431484624980609 1.0999576280883157 2.6610693384562136 -63.34022962195328
7.4199998990008575 1.089893925058963 2.6695863868164205 -63.340926521642444
7.408415586019445 1.0794458688204307 2.6780739558137134 -63.34158925286614
7.396731416291983 1.0685837708935833 2.686524464952351 -63.34222264927382
7.384947152191034 1.0572769164125164 2.6949300226686193 -63.34283108887726
7.373062587355243 1.0454940522404057 2.703282514812902 -63.3434183985488
7.3610775457249975 1.0332035362894805 2.711573672463855 -63.343987987250046
7.348991880368548 1.0203737452019628 2.7197950804836895 -63.344542676329034
7.33680547257226 1.0069730212894372 2.7279381940940373 -63.345084900288626
7.32451823086681 0.9929698472676344 2.735994316798888 -63.34561666085021
7.312130090304842 0.9783329177841357 2.7439545768065665 -63.346139556609955
7.299641011881955 0.9630311129003005 2.751809903006492 -63.346654898108774
7.287050982033507 0.9470335366512788 2.7595509964098714 -63.347163765285295
7.274360012221047 0.9303096344697828 2.7671682996627656 -63.347667017168554
7.261568138596121 0.9128293250198066 2.774651972171913 -63.34816532022669
7.248675421692691 0.8945630609155661 2.7819918798558945 -63.3486592710295
7.235681945993446 0.8754821683102547 2.7891775765131697 -63.34914932915886
7.222587819566446 0.8555590792601209 2.796198304347206 -63.349635892188125
7.2093931735919465 0.8347676809803065 2.803042997594467 -63.35011932320216
7.19609816179837 0.8130838138187324 2.8097002884949105 -63.350599912038135
7.182702959877358 0.790485772776624 2.8161585306953825 -63.35107789321591
7.1692077648345505 0.766954877956069 2.822405831072205 -63.35155346409665
7.1556127942369905 0.7424761190455637 2.8284300892898346 -63.35202679376978
7.141918285417474 0.7170388920357457 2.834219048673919 -63.35249800347219
7.128124494656383 0.6906377042453804 2.839760362686117 -63.352967213741294
7.114231696292035 0.6632730345553304 2.845041668718241 -63.35343448717868
7.100240181863155 0.6349510250055734 2.8500507232323313 -63.353900691765126
7.086150258217377 0.6056852945296249 2.8547754541867754 -63.35436666594685
7.071962246048187 0.5755013369055744 2.8592039500896846 -63.354830351248026
7.0576764815115975 0.5444315540219355 2.8633248069982926 -63.35529107818512
7.043293314350094 0.5125094054507747 2.8671274270106704 -63.35575437059229
7.028813099901353 0.4797791684581704 2.8706018152609385 -63.3562246986815
7.014236204065901 0.44629938902550903 2.8737386323183975 -63.35670255943172
6.999563002106027 0.41214002714370995 2.8765295333945744 -63.35718701214263
6.984793877432143 0.37738078261416497 2.878967355840865 -63.357676824348935
6.969929220961015 0.34211004384866034 2.8810462419357017 -63.35817078847731
6.954969430818502 0.30642333735008564 2.882761749569846 -63.35866814094281
6.9399149118480725 0.2704252806617985 2.884110903044156 -63.359166180158546
6.924766076131902 0.2342251165299951 2.885092291778112 -63.35966290209313
6.909523344856042 0.19793381270352867 2.885706087715333 -63.360157844191434
6.894187149665052 0.1616633194904056 2.8859540626342275 -63.36065104172628
6.878757933183928 0.12552496908721766 2.885839617916291 -63.361142670960845
6.863236148890435 0.08962768329506374 2.8853677835116915 -63.36163288431478
6.847622260690183 0.054076105364955045 2.8845451706444507 -63.36212178927199
6.831916742198487 0.018968918393567822 2.883379882551382 -63.3626094281657
6.816120075876805 -0.015602534252849782 2.8818813877477543 -63.36309572061534
6.800232752166451 -0.04955557104670191 2.8800603601214285 -63.36358058684011
6.784255268511553 -0.08281687254194979 2.8779285027745534 -63.36406385298206
6.7681881284946925 -0.11532302302685447 2.875498360255827 -63.36454527998343
6.752031840963489 -0.147020787390931 2.8727831255646024 -63.36502463057133
6.735786919192067 -0.17786701008621422 2.8697964517552745 -63.36550166993762
6.719453880123629 -0.20782824825685062 2.8665522763142666 -63.36597614746046
6.703033243696941 -0.2368802144396106 2.8630646574109213 -63.366447778233145
6.686525532266396 -0.26500720553165025 2.859347626568847 -63.36691632917937
6.669931270001783 -0.2922012442940292 2.855415063368475 -63.36738156271092
6.653250982427452 -0.3184612331116509 2.851280589253881 -63.3678432277117
6.6364851960287465 -0.3437934233495903 2.846957432675764 -63.36830212412084
6.619634436798865 -0.36820866690178483 2.8424584156739563 -63.36875860238117
6.602699229606437 -0.39172121584507275 2.8377960318934927 -63.36921214813469
6.585680098544918 -0.4143491336883319 2.832982411584214 -63.369662247799695
6.568577567145288 -0.436113546868724 2.8280292307776267 -63.370108387771445
6.551392158537508 -0.45703799656516964 2.8229476409107 -63.37055009171931
6.5341243955075425 -0.4771477774144487 2.8177482249405377 -63.37098689159895
6.516774800632613 -0.4964695311693858 2.812440967817805 -63.371418441291546
6.499343896234904 -0.5150307100073686 2.8070352495349105 -63.3718444592612
6.4818322043634735 -0.5328591825201477 2.8015398497914283 -63.372264728449736
6.464240246743425 -0.5499829780886679 2.7959629609095087 -63.37267915333213
6.446568544663027 -0.5664315559565288 2.790312136326679 -63.373089071544136
6.428817617504961 -0.5822352138551281 2.7845943306144916 -63.37349695012515
6.410987981999678 -0.5974228415683578 2.778816334000011 -63.37390440159312
6.393080153130031 -0.6120214740691832 2.772984882674747 -63.37431181573752
6.375094645519236 -0.6260567863743753 2.767106544410042 -63.37471890653032
6.357031974598783 -0.639553280316696 2.7611876302345286 -63.375124983710826
6.338892657552338 -0.652534354874977 2.7552341273779657 -63.37552911093933
6.320677214004669 -0.6650224691788139 2.749251641471773 -63.37593033107835
6.302386166398562 -0.6770390975054585 2.7432453627144473 -63.37632769241985
6.284020040083178 -0.6886047954140092 2.7372200424580906 -63.37672035159812
6.265579363206392 -0.6997392095143031 2.7311799885090506 -63.37710761074792
6.247064666414491 -0.7104610982618149 2.7251290722372548 -63.37748893589806
6.228476482400504 -0.7207884230766718 2.7190707440430466 -63.377864023493295
6.209815345291676 -0.7307383000794613 2.7130080662926184 -63.37823272468308
6.1910817900137705 -0.7403270256789596 2.7069437484405574 -63.37859502699771
6.172276351644598 -0.7495701973730255 2.7008801818322756 -63.378951112294985
6.1533995647362705 -0.7584816361705452 2.6948195452490946 -63.37930031174615
6.134451963573728 -0.7670705723201715 2.6887640059914704 -63.37963844349323
6.115434082211489 -0.7753448908944192 2.6827155854457576 -63.3799608507374
6.096346448358685 -0.7833179005945468 2.6766758500837757 -63.38026889880005
6.077189586963612 -0.7910008561772679 2.6706464556554432 -63.38056257041092
6.057964022918947 -0.7984052899328463 2.6646290152134857 -63.3808424103887
6.03867028171239 -0.8055427929590966 2.658625104251128 -63.38110929657627
6.019308889377922 -0.8124246254195937 2.652636263927951 -63.38136409705187
5.999880372202727 -0.8190615929391725 2.6466639875409497 -63.38160758425748
5.980385256452284 -0.82546403993947 2.640709703939197 -63.381840453839025
5.960824068011691 -0.8316418095539507 2.6347747670267334 -63.38206330549792
5.941197332098378 -0.8376042587425252 2.628860448043051 -63.38227666189956
5.921505573021959 -0.843360278781482 2.6229679319703485 -63.382480987716235
5.9017493139034745 -0.8489183122030223 2.6170983173905253 -63.38267669919418
5.881929076473705 -0.8542864053797355 2.6112526182083644 -63.38286420236792
5.862045380876472 -0.8594722451424293 2.6054317688444484 -63.383043912299875
5.842098745508578 -0.8644831380891629 2.5996366343720037 -63.3832162152596
5.822089686892442 -0.8693260278655536 2.5938680192474575 -63.38338146904425
5.8020187196302935 -0.8740076445229723 2.5881266683728144 -63.38354012693932
5.781886356262963 -0.8785343450806605 2.5824132871085808 -63.38369256674857
5.761693107339688 -0.8829121900724289 2.5767285450203965 -63.3838391480987
5.74143948142269 -0.8871470520778252 2.5710730796351875 -63.3839802983443
5.721125985106124 -0.8912444793242136 2.5654475105976644 -63.384116370004264
5.700753123132538 -0.8952105055949124 2.559852403149884 -63.38424840238341
5.680321397924585 -0.899051391877321 2.5542882846154216 -63.38437786463818
5.659831308484506 -0.902770047251987 2.5487558315850642 -63.38450319017386
5.639283351186004 -0.9063700962083223 2.5432556466685443 -63.384623620494004
5.618678020170185 -0.9098554703914353 2.5377882885775493 -63.38473882532136
5.598015807589029 -0.9132301631766235 2.532354287217447 -63.38484868424211
5.577297203718186 -0.9164981679670349 2.526954145743321 -63.38495323936429
5.556522697096332 -0.9196633313914588 2.521588347740693 -63.38505256224053
5.535692774676847 -0.9227294254995523 2.5162573536541184 -63.38514683020822
5.514807921984937 -0.9257000116241977 2.5109616069705374 -63.3852361930592
5.49386862332585 -0.9285785439850839 2.5057015298505037 -63.38532086822496
5.472875361861256 -0.9313682567762382 2.5004775321595982 -63.38540102662245
5.451828619835395 -0.9340722495713664 2.495290007502606 -63.38547686873136
5.430728878695121 -0.9366934698012997 2.490139336685288 -63.38554859596034
5.40957661924239 -0.9392341328914688 2.485025918036064 -63.385615839242504
5.388372322172958 -0.9416953615434778 2.4799501873863155 -63.38567729704
5.3671164699044045 -0.9440780733033732 2.474912257385323 -63.38573170244988
5.345809544091366 -0.9463837350188083 2.469911950035183 -63.38577858936518
5.324452024196431 -0.9486142284418335 2.464948890284167 -63.38581812497281
5.303044386646683 -0.9507719355364144 2.460022587109385 -63.38585113206563
5.281587104291472 -0.9528594071913439 2.455132524268105 -63.38587870116776
5.26008064614307 -0.954879308078825 2.4502782252327058 -63.38590207823846
5.238525477374614 -0.9568343048018786 2.445459305737944 -63.38592250409669
5.2169220594637915 -0.9587270103849849 2.440675509527792 -63.38594112966792
5.19527085052402 -0.9605598831043952 2.4359267316381867 -63.385958892520875
5.173572305780728 -0.9623352138155525 2.4312130237820493 -63.38597649780705
5.151826878111482 -0.9640550914987785 2.4265345916313255 -63.38599438943528
5.130035018659545 -0.9657213986903064 2.4218917792918435 -63.38601275895694
5.108197177491636 -0.967335820217069 2.4172850482392847 -63.38603157337991
5.0863138041979585 -0.9688998466128582 2.4127149525827067 -63.38605060289712
5.064385348470723 -0.9704147868271492 2.4081821126324825 -63.386069458106356
5.042412260640598 -0.9718817818592121 2.403687185683486 -63.386087627117114
5.020394992098087 -0.9733018666271124 2.3992308393982955 -63.386104560529155
4.998333995675853 -0.9746759810322841 2.3948137309377153 -63.38611969933301
4.976229725915703 -0.9760049478544233 2.3904364881867113 -63.38613246468114
4.9540826392319195 -0.9772895574480879 2.3860996946146362 -63.386142352830134
4.931893194047521 -0.9785305467324353 2.381803880554473 -63.38614891572435
4.90966185079134 -0.979733512804518 2.3775493147732307 -63.38615659126999
4.887389068750169 -0.9809058063380215 2.3733361321826876 -63.38617164537592
4.8650753048403 -0.9820478934382458 2.3691646849151797 -63.38619366362216
4.842721017885661 -0.983160230837797 2.3650352748167722 -63.386222316033695
4.820326668739259 -0.9842432323793913 2.360948157918187 -63.386257309432025
4.797892720207153 -0.9852972377381828 2.3569035496055215 -63.38629834943257
4.775419636993574 -0.9863225350664309 2.352901629576189 -63.386345150088985
4.752907885592909 -0.987319380557487 2.348942548473436 -63.38639744363133
4.7303579341901125 -0.9882883199333323 2.345026422665148 -63.386455285559194
4.707770253862021 -0.9892304199438041 2.3411533545639247 -63.38651940014749
4.685145320864446 -0.9901466746554265 2.3373234914542134 -63.38659070650921
4.662483617497567 -0.991044327348807 2.333536798402548 -63.38667644488907
4.63978562789316 -0.991922557581649 2.329793683494201 -63.38677588432678
4.617051838798761 -0.9927802655265596 2.3260950315657953 -63.38688795629882
4.59428274488958 -0.993617177572631 2.322442162262128 -63.38701230173299
4.571478852403598 -0.9944332431538055 2.318836771866112 -63.387148657440385
4.548640681328621 -0.9952283776142611 2.3152808398521865 -63.38729661378569
4.525768766714502 -0.9960024618474149 2.311776511589701 -63.38745563897582
4.502863659244686 -0.9967552123898661 2.3083259797923845 -63.38762497952718
4.47992592511876 -0.9974856966513558 2.304931378069807 -63.3878032083485
4.456956145566348 -0.9981885592158719 2.301594788438103 -63.38798451359336
4.433954917357924 -0.998863091307817 2.2983178735909617 -63.3881676748707
4.410922845028067 -0.9995088334902247 2.2951021174800355 -63.388351490374745
4.387860539711468 -1.0001255925006354 2.2919487361319617 -63.38853490910119
4.364768617728762 -1.0007133760849365 2.2888585918978404 -63.38871705824383
4.341647698817483 -1.0012724148977936 2.285832116004644 -63.388897337699994
4.318498403883107 -1.001802973813938 2.2828692524358107 -63.38907528628832
4.295321352468857 -1.0023054411106513 2.279969418580974 -63.389250706054256
4.272117159905136 -1.002780206551478 2.2771314966731224 -63.38942355841367
4.248886434342624 -1.0032276139874623 2.2743538531179324 -63.38959391815256
4.225629773796714 -1.0036517507051186 2.271634288610184 -63.38976572226152
4.202347761463292 -1.004051996927735 2.268970332247252 -63.38993835482995
4.17904096691419 -1.0044259042616235 2.26635912682567 -63.390109630973704
4.155709945318409 -1.004771560247896 2.263797651489525 -63.39027838890528
4.132355240239181 -1.0050880554174582 2.2612829935448073 -63.390444973121745
4.1089773873457895 -1.005374915296007 2.2588125587153693 -63.39061045528175
4.08557691687088 -1.005631952050216 2.2563842435483847 -63.39077626414431
4.06215435541119 -1.0058586047869473 2.253996582861249 -63.39094330940511
4.038710227652967 -1.0060528293461268 2.2516488614680594 -63.3911106757111
4.015245058494282 -1.0062187301396297 2.249340962060185 -63.391283020233
3.991759371476315 -1.006358355605151 2.2470734096010685 -63.3914621596887
3.968253685633381 -1.0064727916205072 2.2448473350404035 -63.391648233413974
3.944728515413295 -1.0065623373264279 2.2426644386818864 -63.391839969761016
3.921184372206905 -1.0066253799476228 2.2405269458184 -63.39203367396203
3.8976217672043467 -1.0066627174053804 2.2384374022390454 -63.39222764951395
3.874041213844348 -1.0066866813747102 2.236398183806259 -63.392431240180116
3.8504432251661562 -1.0066950018357563 2.2344111593183995 -63.3926374957983
3.8268282934485374 -1.0066755431416796 2.232477032359413 -63.39282805417212
3.803196877503942 -1.0066315322810317 2.230594253658908 -63.39299897211815
3.779549383540541 -1.0065322685153761 2.228759192022371 -63.39311229714589
3.755886159285268 -1.0063810833321258 2.2269652214097952 -63.39316508144478
3.7322074720887866 -1.0061826376550471 2.2252039695706944 -63.39315597519839
3.708513494058842 -1.0059433682594163 2.2234655806623174 -63.39308597473471
3.6848042931889133 -1.005671987506495 2.2217391347650657 -63.3929592295537
3.661079829939584 -1.0053796535268926 2.2200132440443507 -63.39278351780119
3.6373399600731733 -1.0050789316302418 2.218276827804773 -63.3925695134694
3.613584445352051 -1.00478987738303 2.216519908997975 -63.39233714182602
3.5898129804315375 -1.0045359378203538 2.214734560516143 -63.39211258569324
3.5660252249313094 -1.0043369643963358 2.2129160532021026 -63.39192194936865
3.5422208384598926 -1.0042086848997909 2.21106408713772 -63.39179027289473
3.5183995239286787 -1.0041252629238038 2.20918466004409 -63.391703404554306
3.494561091657166 -1.0041458844076554 2.2072889311064094 -63.39173286968582
3.4707055092629577 -1.0042592520574356 2.205395890568075 -63.39187948830405
3.4468329617059426 -1.0044653096945664 2.203531163814645 -63.3921557585774
3.422943869281809 -1.0045978987671556 2.201731655533874 -63.392407426761615
3.39903900337122 -1.0046764158908166 2.200040264118498 -63.3926636035291
3.3751195243455663 -1.0047000198803402 2.1985030718930383 -63.39292614824381
3.3511869502395535 -1.004704986033811 2.1971612113741132 -63.39322954663443
3.3272430912999353 -1.004703755613789 2.1960480441031818 -63.393581087803334
3.303289996853223 -1.0047135859859424 2.195185658366718 -63.39399158938674
3.279329849199552 -1.0046806229219816 2.194581730823828 -63.39439772931511
3.255364818661501 -1.0045752622854067 2.1942289378113404 -63.39475770150634
3.23139693030358 -1.0043827864985622 2.194107615705403 -63.39504417422629
3.2074279796582514 -1.004092305400227 2.194186635426955 -63.395235545495
3.183459460042524 -1.003682980208451 2.194426810003954 -63.39530405483354
3.159492540941905 -1.002995389383684 2.1947838251425984 -63.39508908007684
3.1355281273586066 -1.000908304260816 2.1952035211293808 -63.39347600039577
3.11156722494369 -0.998216302569656 2.1956380251484737 -63.39127072896849
3.0876103550613276 -0.99618882044327 2.196035897282769 -63.38975708185585
3.0636573036186543 -0.9948153008944489 2.196334062870014 -63.388938226016826
3.039707366821921 -0.9937373867305231 2.1964786528843274 -63.388466652193436
3.015759544980596 -0.9926393778821669 2.1964372740101674 -63.38802868550384
2.9918126530135623 -0.9914302083971738 2.1961984536709545 -63.387528020486066
2.9678654618807445 -0.9901485518691818 2.1957664479005827 -63.38699422624778
2.943916776536534 -0.9889261472116857 2.1951544581323232 -63.38654889003743
2.919965455616739 -0.987780744198929 2.194382089126842 -63.386198791485405
2.8960104448001895 -0.9865789261710306 2.1934773950087947 -63.38579817228422
2.87205087232325 -0.9857054521654574 2.1924689981049084 -63.38572247919026
2.8480858647618255 -0.9851082650476702 2.191390325662101 -63.38590790277746
2.824114708781599 -0.9846885278543819 2.1902831129428657 -63.38624420603985
2.800136973925 -0.9844668419354504 2.189196971442704 -63.38674547597925
2.7761525251258528 -0.9844273731737008 2.188189929033152 -63.38739724966411
2.752161612019897 -0.9844454638732364 2.1873267504645413 -63.38808071673553
2.7281649972920583 -0.9843013446997677 2.1866709510093947 -63.38857719902173
2.7041640096798587 -0.9841641989185327 2.186277445276802 -63.38905321873214
2.6801604532538037 -0.9840844070097587 2.1861850441376003 -63.389551056726354
2.6561563962842523 -0.984028381410203 2.1864145746094277 -63.39002975272914
2.6321540240193437 -0.9839622073101716 2.1869701953934153 -63.39045400532132
2.608155557989345 -0.9838360589175416 2.187840368233421 -63.390778250365315
2.5841631831469623 -0.9835832235974241 2.1889994930971395 -63.39094467980389
2.5601789785824245 -0.9832832757422216 2.1904131996312572 -63.391048491617674
2.5362048476065455 -0.982838899825165 2.1920384242735707 -63.391014907091034
2.5122425363277086 -0.9821226219715218 2.193835106050002 -63.390750955770244
2.4882937784622525 -0.9813885402459364 2.1957758675278347 -63.39055397472325
2.4643603133402103 -0.980553194594826 2.19782955825751 -63.39038088050385
2.4404438753384796 -0.9795517877881349 2.1999664930041765 -63.39019419896975
2.4165461299045337 -0.9776493411794951 2.202143417567007 -63.38926930157343
2.3926687010316217 -0.9748077304322167 2.204335410518412 -63.387570880418124
2.3688130131522582 -0.9714885371710972 2.2065296629958135 -63.38555865536901
2.3449801798520604 -0.9675279702836883 2.2086964782318868 -63.38305264901224
2.3211710000953336 -0.9628953750040113 2.210806499806193 -63.380000673151784
2.2973858938956955 -0.9576051470591247 2.212830241744102 -63.376390206444526
2.273624857665629 -0.9520415194922293 2.21474659185366 -63.37257998256191
2.2498874222843206 -0.9473119691876174 2.2165454433084686 -63.36965996310339
2.226172533247623 -0.9434560940510864 2.218195059790403 -63.367629057566326
2.2024786440970434 -0.9400656214309192 2.219669508378074 -63.366016814435355
2.178803824910296 -0.9373994940095967 2.220964879459589 -63.3650318005744
2.155145765482261 -0.9349599500463488 2.222069843136907 -63.36411771662112
2.1315019024604553 -0.9326832687022634 2.2229972275244756 -63.36316960048708
2.1078695693958154 -0.9308773910097735 2.2237733425886956 -63.36247200006553
2.084246068721249 -0.9297387655288026 2.224429045984974 -63.362210566308676
2.0606288223328315 -0.9292498326154132 2.2250007772147233 -63.362371423663845
2.03701558663442 -0.9291116558879503 2.2255274127981144 -63.36267470663132
2.013404666012023 -0.9292040115724305 2.226050593255405 -63.36303864177932
1.989794952183757 -0.9295618184900175 2.226619790759177 -63.36354147216776
1.9661859541982616 -0.9301695987519946 2.2272928259719276 -63.36421330269171
1.9425778978936006 -0.9310128256823643 2.2281368305685283 -63.36508420400251
1.9189718041349635 -0.9324747044963091 2.2292292731863395 -63.36658713815618
1.8953694421327196 -0.9339820021737613 2.230642739503692 -63.36819747400958
1.8717736967345409 -0.9355612006293891 2.232451888514842 -63.369984749971174
1.8481882515620107 -0.9370562542197668 2.2347081246718212 -63.371813255079736
1.8246173672092194 -0.9382932761386876 2.2374400816361724 -63.373510198952246
1.8010656163602916 -0.9390219394879509 2.240650216294009 -63.3748166496447
1.7775376696732208 -0.9391190605700707 2.2443218688856392 -63.37559984931335
1.7540380744686137 -0.9388118865553104 2.248432383264622 -63.37608326322477
1.730571074783084 -0.9381652762816489 2.2529412682360044 -63.376335414702254
1.7071405866746823 -0.9375067078356767 2.2578112936872876 -63.37670053866229
1.683750156604295 -0.9365379303664716 2.262969085917885 -63.376900985550186
1.660403052478354 -0.9349350382896577 2.2683369712649157 -63.37664024872553
1.6371021817984481 -0.9312772625585626 2.2737784717004845 -63.37450135529578
1.6138499915701034 -0.9257641489771878 2.279241574181797 -63.370703694353494
1.590648359019427 -0.919924479010405 2.284746031905069 -63.36679247086653
1.5674985471461145 -0.913977552339304 2.290231761986953 -63.36295186875668
1.5444010951413523 -0.9099380858154202 2.2957178585111224 -63.36119156991688
1.5213556370385433 -0.9075212958789738 2.3010770350335252 -63.361153821554865
1.4983608340552648 -0.9058556634559306 2.3061631850511795 -63.361870607342844
1.4754144689681183 -0.9043379955616426 2.310862057981567 -63.362643376095235
1.4525133506791355 -0.9028165841182411 2.3150998202990847 -63.363240395699634
1.4296533461000671 -0.901558886303759 2.31884173542299 -63.36385937031106
1.4068294516699893 -0.9003759892163308 2.3220600250775565 -63.36423677163997
1.384036283422475 -0.8991286316273629 2.3247683670322368 -63.36418215076513
1.3612683834455828 -0.896969986541358 2.327009067340829 -63.36281414957767
1.3385207815104463 -0.8935263510928647 2.3288671938917918 -63.359764927984116
1.3157891676025086 -0.8887841842780845 2.3304439649024933 -63.355057296526766
1.2930699374136911 -0.8849616737853118 2.331844636001707 -63.350968062701185
1.2703590823653224 -0.8836105077162153 2.3331591153196447 -63.349091090604986
1.2476524522510108 -0.8844818243206519 2.334483395960428 -63.349214635758244
1.224946979013463 -0.8860674993651063 2.3359293023971466 -63.34989123979694
1.2022421155589995 -0.888577647155719 2.3376390861125027 -63.35141234213469
1.179539130780146 -0.8920682262820971 2.3397769811382876 -63.35390370281363
1.1568411315796987 -0.8947456431493344 2.3425010587326023 -63.355631458262565
1.1341541681825587 -0.8973012878823957 2.345965076333499 -63.35728757938423
1.1114848519613214 -0.8993126184894666 2.3502566964642955 -63.358415680151886
1.0888408106055831 -0.9008639955923567 2.355434100484982 -63.3590611332923
1.0662298848307454 -0.9024052968130571 2.3615240956154566 -63.35962347781544
1.0436596142950614 -0.9038256016283206 2.3684940300094333 -63.35993408433006
1.0211373928787462 -0.9051556488297415 2.376290397681316 -63.359974323258875
0.9986700675258019 -0.9065614087596822 2.3848446384723085 -63.359879058554064
