7.835773327879905 -0.14143601666352795 1.7467375164619339 -14.085566915870185
7.738820374330328 -0.139883058379723 1.7494696131440197 -14.085107914964277
7.6419766553797155 -0.13836895114592504 1.7505206067645391 -14.084883939611505
7.545229698801359 -0.13743264407053707 1.7499491025203255 -14.085439670139525
7.448563804100944 -0.13617965354097233 1.747935634661548 -14.08588025465158
7.351955260690696 -0.13448912954680997 1.7447582070922447 -14.086063298112009
7.255383990610906 -0.13238978421008576 1.740742107838738 -14.085992462733953
7.15883211927294 -0.13036623730742603 1.7361940344141404 -14.08612635410375
7.062280786333735 -0.12834358063193815 1.7314284098710415 -14.086361819996492
6.965712731977462 -0.12490204683501555 1.7267971535359867 -14.085247717377332
6.869114313553092 -0.11885532396040156 1.7226118184751444 -14.081560945326627
6.772486612211397 -0.11527107069212181 1.7188257815718981 -14.080346137611043
6.675844252564348 -0.11263017256618757 1.715737101538735 -14.080060119112725
6.579174257678948 -0.11144142174447824 1.7136087475903978 -14.081163218705672
6.482442848689083 -0.1174340730349122 1.712705005030197 -14.089314797385324
6.385633770217078 -0.12451544391031857 1.713537402726598 -14.098375123637691
6.288751206816047 -0.13235249244124966 1.7162256386158428 -14.107987117566793
6.191812414914815 -0.14161036837615865 1.720804007279689 -14.118803087940634
6.094844742132636 -0.15034805034236487 1.7271527473960933 -14.128890312396177
5.997882656074861 -0.15945636659623 1.7351837067655373 -14.13914306638306
5.900962452555129 -0.16794018158909305 1.7446253349411214 -14.148587585433548
5.804120992217897 -0.17706461032749693 1.7552576713782264 -14.158500398931816
5.707406765402452 -0.18777806175216227 1.7667813744740928 -14.169866641620898
5.6108774990933314 -0.20029967425819634 1.7787642568617315 -14.182976013496296
5.514592977103244 -0.21356171778733962 1.7905392283163293 -14.196865013481561
5.418606505412801 -0.22584037407903934 1.801345705590288 -14.209925346588825
5.322962708792806 -0.23469138498110476 1.8104911273014483 -14.219825189910889
5.227696528813766 -0.2426613910711435 1.8177648727041527 -14.229169003066598
5.132841938662689 -0.24675260069617397 1.822643458892894 -14.23504724157024
5.03841064268002 -0.23823519080762312 1.8248511377196606 -14.228761205515534
4.944360469268407 -0.22804757250461835 1.824846398397521 -14.221162476399101
4.850681951354227 -0.21673841311581604 1.8227747855453669 -14.212761918483888
4.757347330968194 -0.202366771198923 1.8188788413557693 -14.201531056790467
4.664321463536814 -0.19303570980747367 1.8128914806209846 -14.19555812270976
4.571595039626496 -0.20246696322501836 1.8036842174044214 -14.208657253381505
4.47921011333811 -0.2040737222074089 1.793502802901617 -14.213886451095103
4.38711961680001 -0.1981804702163228 1.7828087645939383 -14.211477572976321
4.295286684218064 -0.19149097473848972 1.7712651701340159 -14.208177237173283
4.203694356652366 -0.2040286033795164 1.7567591334005483 -14.224235748869184
4.112375889628745 -0.21255122703042426 1.742569679243738 -14.236080021085964
4.021290155844431 -0.21888640410119325 1.7289970250148832 -14.245527459089729
3.9304034043868823 -0.2254195805549039 1.7161361842834335 -14.25498059701408
3.839684996084892 -0.22592146029041565 1.704903666114447 -14.258156444115725
3.7490945590015254 -0.22515481826256206 1.69492634633768 -14.259871610560149
3.6586029774754625 -0.22284796222086614 1.6862971770269466 -14.25987235452249
3.568185289758179 -0.21440590969227832 1.6793512804959587 -14.25357989843988
3.4778179253030306 -0.18999386812566266 1.6745035500392729 -14.23118995983416
3.3874845318806712 -0.17614636961329502 1.6703413296635252 -14.219378355075941
3.2971923966262744 -0.17007505835095504 1.667171662809221 -14.215405818898088
3.2069386777902364 -0.1647086759648425 1.6652258901966264 -14.212202829829243
3.1167177436997404 -0.16062929962794156 1.6643679083986949 -14.21035362259154
3.0265245838702537 -0.15634661211123593 1.6645341196049628 -14.208352144772322
2.936353318242443 -0.15254181408048553 1.6657317007847223 -14.206845672470415
2.846202344747028 -0.1485846953061343 1.6679566863709412 -14.20516351986367
2.7560760454381095 -0.14426073437614517 1.6711677740260817 -14.203064674851667
2.665982530635472 -0.1397063555623647 1.6752889080194886 -14.20067018337082
2.575933341669641 -0.13423311955927109 1.6801354035014593 -14.197290144928647
2.485941843962138 -0.12992881022500835 1.68563054609038 -14.195038383508296
2.396024815010104 -0.1256654794859527 1.6914265483535869 -14.192822624001684
2.3061952422560794 -0.1223895832770242 1.6973042752094374 -14.19162378362495
2.216466881704545 -0.11942057233832823 1.702945030364372 -14.19079251893622
2.126850277467263 -0.11630605041335917 1.7080741025530426 -14.189893795611576
2.0373540802117858 -0.11204022751027155 1.7124550773746892 -14.187932290309915
1.9479826198664916 -0.10870942435409395 1.7160663631590223 -14.187004825231684
1.8587388585293094 -0.10751478640831459 1.718771239357279 -14.188296005476962
1.7696237554267822 -0.10583898258890982 1.7202205657045029 -14.189135828624202
1.680631902515784 -0.10374786215015926 1.7201910900341273 -14.189542743700942
1.5917554157845553 -0.10163728842951167 1.7185717798470996 -14.189855893762763
1.5029862866419403 -0.09925637984666828 1.715328271077249 -14.189765574876745
1.414315955895891 -0.09691956503656594 1.7104793217472403 -14.18953451916557
1.325736339086325 -0.09505710828144986 1.7040938392101361 -14.189547909793438
1.2372396274809263 -0.09274664227114811 1.6963958517570612 -14.188831867790546
1.1488168388799624 -0.0867876932520995 1.6879383351430763 -14.184122376994615
1.060456651823204 -0.07944205021585539 1.6789866924325214 -14.17765220188355
