7.897806222690094 2.0668607930564704 1.8733644471639421 -60.112265451775066
7.8005864216452805 2.0658418154247515 1.865951276865171 -60.110846011956774
7.703424162647492 2.0641249259344328 1.858867109401522 -60.11043305327738
7.606330816047953 2.0628283373878054 1.8524165217120496 -60.1100976148759
7.509293549279437 2.061605932365153 1.8467502950874748 -60.11025256641023
7.412293285905386 2.060401983333507 1.8419854771413717 -60.11097969422212
7.315310393240573 2.0603690648554918 1.838242003539206 -60.11112490052064
7.218325657580309 2.061644903406018 1.8355421316088323 -60.110482568481046
7.121326248535351 2.0637388021191883 1.8338627981184121 -60.1094389747671
7.024305178843464 2.066203283152124 1.8331468838694964 -60.10832658547263
6.927256745618793 2.068358256395183 1.833295394451874 -60.107699559182485
6.830179452699716 2.0700205992435485 1.8341373118355835 -60.10760748229127
6.733078944392758 2.0708621447535016 1.8354130205235066 -60.1082174691751
6.635961860353413 2.0707113331215363 1.8368055415294928 -60.10952921500014
6.538830226693817 2.0666622641436425 1.8379584572119811 -60.114184470378646
6.441686516202082 2.0607372757360185 1.8382579610946521 -60.11993498823761
6.34453009433335 2.0508951355760523 1.837230779063958 -60.12862864082489
6.247373561980726 2.036586211672604 1.834375512211744 -60.14069296746771
6.15023812269616 2.020160047656264 1.8292931038097282 -60.15381594750595
6.053151434787551 2.0023783745567476 1.8216447011179062 -60.167325758536585
5.956152106535107 1.9836460740055124 1.8111490082811688 -60.18098607966122
5.8592850824032086 1.963709244678606 1.7976073575033196 -60.195256288619
5.76259978622213 1.9427133396388503 1.7808658400408155 -60.21022046467792
5.666146934150827 1.9208369461701813 1.7608035987322466 -60.225927849754
5.569972817380509 1.8985585019572413 1.737376876115124 -60.24214289033767
5.474118289690324 1.876680948028902 1.7106480891189897 -60.25833764564525
5.378616977177537 1.8568233891499109 1.6809919642112685 -60.273226058709746
5.283493398761146 1.8412114515131115 1.6492171978320627 -60.284926771791305
5.188757200847943 1.8390104540833383 1.618631847868395 -60.28479196962003
5.094370959473153 1.8450750137587344 1.5888125332610554 -60.277672622957525
5.0003123921538215 1.8547851125941257 1.5587867030061566 -60.26801485019304
4.906576777756095 1.8673506424998152 1.5285846787901565 -60.256611251956805
4.813163707243099 1.8817486044814653 1.4981176754345054 -60.244495203920756
4.720075813253141 1.8974730750852844 1.467429396994161 -60.23218406490045
4.62731433010503 1.911025106733592 1.4353690132041748 -60.223299845572136
4.534897321973423 1.923523332291088 1.4025193768448299 -60.21676298306616
4.442837243887252 1.9383679239933422 1.3706031608741782 -60.208912295407316
4.351130238379253 1.9542360425351573 1.3397385951911116 -60.20095933516091
4.25977078583408 1.9714674621194048 1.3106996923721765 -60.19227348569584
4.168741470967776 1.9910333390794765 1.284502603767275 -60.181408752000635
4.07801440941777 2.0115322962729096 1.2612057173562006 -60.16955635993522
3.987568815637242 2.028240952473807 1.2396750390525668 -60.16175777780515
3.897396760770065 2.0384244003659253 1.2195815387544129 -60.16091253632082
3.8074918131973354 2.0412506738953735 1.2011844402229066 -60.167812244505626
3.7178423343512463 2.0425175728400906 1.1858306603463444 -60.17601351226785
3.628418795620804 2.047767454467467 1.1742276808772012 -60.17939183003122
3.5391810513382893 2.053661236070465 1.1656688028869824 -60.181442296912195
3.4500954296967046 2.0575730850441976 1.1598130975422092 -60.18486867301265
3.3611296855325836 2.0609235868006937 1.156717939626552 -60.1880729600139
3.2722483981613744 2.064336743611346 1.1562306967451172 -60.19037743649011
3.1834175197454515 2.067170641111881 1.1580668794792321 -60.19249784769071
3.0946056398723796 2.0697836397020253 1.1618087699723998 -60.19419957226893
3.005783337500179 2.0711181587177876 1.1669994374411845 -60.196770240591434
2.9169292804637426 2.0727243749995665 1.17325228936252 -60.198714604083
2.8280284759507976 2.0747432409558764 1.1802340738944141 -60.199952096821924
2.7390715352981236 2.077186201555178 1.1876272120869653 -60.20050235420014
2.650054171040629 2.0790167199013956 1.1952367603942256 -60.201463068731904
2.5609757958052075 2.0791870588004784 1.202823822006728 -60.20396117359176
2.471840507363004 2.081203665220372 1.2098320714767086 -60.204528455408095
2.3826576819214127 2.079506284504615 1.2162645828513277 -60.20891345175763
2.2934396633834275 2.0741649202312824 1.2215988367228092 -60.21713859653935
2.2042023466363228 2.0663601169662384 1.2252495585271084 -60.228072608569015
2.1149650084190283 2.0570522187455778 1.2267464408912605 -60.24078031869529
2.025750172704662 2.048450092825948 1.2258046328557144 -60.252977291520175
1.9365821589634153 2.0414149788725107 1.222377582514664 -60.263750548846374
1.8474850229209234 2.0360118731509664 1.2165147936512193 -60.27299309621461
1.7584821481068267 2.0326610561359573 1.2083855754489154 -60.28019315251879
1.6695957138136386 2.032930906779796 1.1983916045160363 -60.2835761383079
1.5808450665742284 2.036309916224032 1.1868423035858782 -60.28346464970302
1.492247485620862 2.0418758265684063 1.1740907869088277 -60.28053380223718
1.4038150194094243 2.0461668369890247 1.1601802111381465 -60.27807805890406
1.3155597086997883 2.05494497800068 1.1465916281413289 -60.26971256316997
1.227476484711862 2.0577330842435173 1.1324191407401902 -60.26624216883795
1.1395693921356285 2.0599450473260275 1.1191227430260269 -60.26177258266083
1.051835882585214 2.0594488679097105 1.1070068373769908 -60.25819794921274
