7.857452237119839 0.11621426082887187 1.5804645516793399 -39.63364096783416
7.830152402929262 0.11744673669462029 1.5795781558973379 -39.63304244969238
7.80284535614873 0.12068475557209413 1.5786228108361116 -39.63046115654445
7.775526947147043 0.12399631426674772 1.5776497506101206 -39.62782850925843
7.748193915333045 0.1271312532844505 1.5767110990254158 -39.62539232570463
7.720843801108565 0.13005042657436022 1.5758459230830484 -39.62318826904339
7.693475142715195 0.131268602186382 1.575068263778247 -39.62269867124026
7.6660876765587185 0.13194647607166757 1.5743891780922488 -39.62275622028626
7.638681702531078 0.13209005374752011 1.573813448397891 -39.623347550388075
7.6112582748075255 0.1317066623381818 1.5733606134725082 -39.6244567312338
7.583819542681306 0.13242930531967217 1.5730584757909225 -39.62444065656833
7.5563685196581005 0.13389389961320763 1.5729362710855115 -39.62365520779695
7.528909559680587 0.13534635801792794 1.5730326852496406 -39.622847536716606
7.50144882405681 0.13671488376927007 1.5733914568088072 -39.62208402425964
7.473993669681061 0.13793387970256302 1.5740487169441604 -39.62142618792606
7.446552266855195 0.1388765172461643 1.5750273766739242 -39.620997964048534
7.419133273720765 0.13953415383721443 1.576327390149457 -39.62080642022963
7.391745460165601 0.1398150834328127 1.5779311846907436 -39.620942593477956
7.364397492655158 0.139606917515051 1.579802393740978 -39.62151899104531
7.3370976388427005 0.13970100831785126 1.5818626759789427 -39.62174767247832
7.309853251757335 0.1395250791964186 1.5840499644957107 -39.622201345884584
7.2826713953764 0.13934027504743215 1.5862579188411998 -39.622621788695255
7.255556577511956 0.14018614412123512 1.5883302949649032 -39.62197425462195
7.22851236625068 0.1431429134839226 1.5901164772227236 -39.61918569848017
7.201542583524503 0.1459754218968728 1.5915696757011693 -39.61648668978386
7.1746523029370275 0.14896712155324524 1.5926239956576909 -39.61360063765468
7.147844357281912 0.14968869972259813 1.593244967280087 -39.612950340188604
7.121121786345407 0.14866647098714778 1.5933343071071073 -39.614017921697524
7.09448403004184 0.14707232150650212 1.5927821117160201 -39.615644133987374
7.067927174688498 0.14560664294759196 1.5915083279903481 -39.617139289591435
7.041445980344269 0.14438435348744505 1.589460862654525 -39.618395807327566
7.015035352693992 0.14344888520508442 1.5866268656524947 -39.61937693491568
6.988690620975335 0.14281611044956247 1.5830389474869235 -39.620072867011096
6.962407894624907 0.14244704216800716 1.5787623647356241 -39.62052814798705
6.936184049538552 0.1445421231157964 1.5739910849108072 -39.618557048576676
6.910015119528748 0.14933258261199508 1.56888307884875 -39.61393432452186
6.883897916758797 0.15569069193845225 1.5635550609292168 -39.60778959179422
6.857830833311216 0.16174304332805203 1.5580827459608106 -39.60199586860658
6.831812114659904 0.16726420821289384 1.5526330989640924 -39.59678111446262
6.805838917542919 0.1674811158615362 1.5471342639758638 -39.59690618079044
6.779909737320334 0.1670446117302573 1.5420235591763092 -39.59772015623609
6.754021760750502 0.1664589081233397 1.5374481899636403 -39.59870316293094
6.72817273643874 0.16514362518938813 1.533457145214771 -39.600415103123616
6.702360653495548 0.1632728737366167 1.5301066831365433 -39.60266170445973
6.676583350942293 0.16020557561198992 1.5274752119228936 -39.60606345502326
6.650839907811205 0.15648212706208453 1.5256874428719511 -39.61006548188739
6.625130234138797 0.1527778151841514 1.5248617521844101 -39.61398311107478
6.599455707604597 0.14963776840651954 1.5250827251306238 -39.617267202760175
6.5738187924277485 0.14804843329062273 1.5263643474737523 -39.61893476471069
6.548222541206941 0.14848534670544344 1.5286339362593595 -39.618517566955795
6.522670567683504 0.1494098973761281 1.5317958237424785 -39.617554900678385
6.497168297143092 0.15073949722781105 1.5356386661555739 -39.616139087698244
6.471721048818016 0.15696274683372022 1.5396371374755058 -39.60982061314907
6.44633131680068 0.1645104223843892 1.5435907566222635 -39.60215673472492
6.421005356349357 0.16810851321767034 1.5473675981277286 -39.59838958933185
6.395752540572747 0.16676488558931862 1.5507025439546211 -39.59950373758162
6.370580050558406 0.16502435340005833 1.5531596765536284 -39.60098784686127
6.345488778357448 0.16332129329660874 1.5545333423988064 -39.60241504271915
6.320478384877868 0.1618643232221158 1.554695918264249 -39.603583416830716
6.295547794367982 0.16058857753307704 1.553613597735688 -39.60456294452956
6.270695397343478 0.15952429557280023 1.551327615755334 -39.60532850935581
6.245919363979559 0.15851733443279686 1.547926467706949 -39.60603775885012
6.221218510327567 0.15779840960426295 1.5435457929547116 -39.606467692370856
6.196591993199071 0.15876923080963187 1.5384140951416927 -39.60523461522434
6.172038839632541 0.16118667961496305 1.5327113885827932 -39.602589635654816
6.147558424071504 0.1651132317550827 1.526634398423699 -39.59848001378214
6.123149599092899 0.17010199448839933 1.5203544278493655 -39.593357372394756
6.098811228996736 0.17357321724305833 1.5139233857165704 -39.58978929665905
6.0745439779525725 0.17263667910176314 1.5073882160577792 -39.590650278471855
6.050349128523461 0.17119952479381367 1.501213412125969 -39.5920468091486
6.026223970599017 0.16983328095369088 1.4955801108279247 -39.59339268523723
6.002165356142345 0.1681160873229672 1.4905445008890688 -39.59508679260222
5.9781707265180835 0.16646858225088856 1.4861776598563288 -39.59669170549845
5.954237200541612 0.1646624434818425 1.4825429361965758 -39.59841759887877
5.930363347705871 0.16287141687793336 1.4797289403604141 -39.60008016736324
5.906547975163385 0.16122476382322112 1.4777999268697015 -39.60154502976297
5.882790317875536 0.16025807796710104 1.4767832021455503 -39.60227969708195
5.859090027095522 0.15920879106539026 1.4766465734139762 -39.60304472388637
5.835447708728195 0.1577632645228248 1.4773118316512335 -39.60415704067403
5.811864332735116 0.1568156315752072 1.478617651622445 -39.60473623999604
5.788340404753906 0.15778443152278923 1.4803176590251592 -39.60338299003968
5.764876604631871 0.1637079788564735 1.482088750631209 -39.597096509971706
5.7414727076649354 0.16636167616331865 1.4838946684983108 -39.59404259087923
5.718134064445078 0.16549672374540272 1.485507897664732 -39.59447540215578
5.694863158159313 0.16365450730168138 1.486736924035667 -39.595884937948064
5.671658430474292 0.16170140855160064 1.4874523691056183 -39.5974224671696
5.648516506950493 0.15986399702708576 1.4875565564292024 -39.5988723311086
5.6254335156769555 0.15833920220448677 1.4869879693920356 -39.60004615998271
5.6024056611956725 0.15699470565306375 1.4857316535310041 -39.60107986263449
5.579430087025578 0.1557824643168946 1.483807207849739 -39.60202429645486
5.5565045328861995 0.15494123585045844 1.4812697068955896 -39.60264451819736
5.533627053547183 0.15539580454318327 1.4782191068169488 -39.60202290508432
5.5107955462448155 0.157625626888365 1.4747760966971428 -39.59968327531518
5.4880080168338115 0.16204233914014876 1.471081623156569 -39.5952158981408
5.465262760858314 0.16536555722627763 1.4671600211542237 -39.591883288259794
5.44255982930177 0.16504043172153518 1.4630567787403657 -39.59222205509159
5.419899750536063 0.16331624411673853 1.458992635521516 -39.59397592524595
5.39728216397519 0.16094825439259533 1.4550880561763277 -39.596371002491715
5.374706674765377 0.1577606763901233 1.4513787351001666 -39.59955674086681
5.352173363591294 0.15544996059249352 1.4479841798348894 -39.60181945475671
5.329682248600388 0.15411005821651916 1.445016856695359 -39.60304932885011
5.3072341702839045 0.15292620133639034 1.4425840582445812 -39.60405151903496
5.2848307194252495 0.15169065575714327 1.440792029997684 -39.60502964176187
5.26247373980014 0.1504728828281699 1.4397104308913173 -39.60591296898755
5.240165289658765 0.1493654079004708 1.439361839285208 -39.60661028849595
5.217907662202471 0.14838989502118313 1.4397190306005907 -39.60710373003179
5.195703480924577 0.14715352071850493 1.4407073071629453 -39.6077891795059
5.173555546195496 0.14553833327963042 1.4421944734340237 -39.608790846954754
5.1514662599208725 0.14568923714834683 1.4439578250242118 -39.607995457032715
5.129436316722848 0.149168388302523 1.4457568887560663 -39.60387218183668
5.107467322608574 0.15292036895486164 1.4474559416034591 -39.59945960103687
5.0855621439267695 0.15211743616086348 1.448968126394817 -39.59954284428857
5.063725063180367 0.15024447172701363 1.4500959133896774 -39.60068669113256
5.041955728951084 0.14794821797204524 1.4507342376542567 -39.602267390912026
5.020251762650847 0.14563222743796567 1.450798529883202 -39.60390121421688
4.998609571060645 0.14349203525154008 1.4502261002274874 -39.60540828565905
4.97702510406963 0.14157123801764757 1.4489965598569035 -39.606755544997185
4.955494512914855 0.13991004499653645 1.4471244671827932 -39.60791100764344
4.934014303513274 0.13849554262823455 1.4446520323217775 -39.60889320516784
4.9125811946905635 0.137921636505158 1.441666266705686 -39.6091157348722
4.891191901826824 0.1391640161900585 1.4382961659527735 -39.60761062828832
4.869842993905743 0.1426840845567858 1.4346787985050908 -39.60391977751371
4.8485312266544955 0.14733657036308206 1.4309064458022496 -39.599181212112306
4.8272540837128215 0.1518331109241297 1.4270570085690262 -39.594673602197105
4.806009459082749 0.15277167233775185 1.4231401324167277 -39.59377675635493
4.784795914442938 0.15152513698079453 1.4193544023722866 -39.59510254466316
4.763612025973884 0.14980492535022463 1.4158707407803837 -39.59691769211293
4.742456215231646 0.1472296848247012 1.412741625830165 -39.59957205590736
4.721327745073309 0.1445104127444922 1.4100359402389917 -39.60232596650776
4.700226154396344 0.14206785164686833 1.4078207944158894 -39.604733882825066
4.679152324531447 0.1399492759933255 1.4061724215043416 -39.60673322173768
4.658107828741362 0.1383387818241528 1.4051603726042625 -39.6081329078102
4.637094569915572 0.13730092149306408 1.4048312824387486 -39.60886593051283
4.616115005248785 0.13651331243574827 1.4052021278646056 -39.609253799229876
4.595172146104207 0.1356896176854383 1.4062538155052335 -39.609585211467156
4.574269496444391 0.1346371713315181 1.4079196101606017 -39.61005938059947
4.553410339384244 0.13341364444644654 1.4100680598176327 -39.6106291207171
4.532597494758683 0.13275261016591128 1.4125084781931396 -39.61057974691087
4.511833185646401 0.13373565127527998 1.4150096062477988 -39.60885416484801
4.491119790011622 0.13652084377070275 1.41734726062225 -39.60530687587275
4.470460087015901 0.13685777633829738 1.4194678097861977 -39.604150906013935
4.4498582183104824 0.13561717195739423 1.4212363432455672 -39.604534394115184
4.429316201590572 0.13372787505368877 1.4225496957883743 -39.60555355179582
4.408833972254273 0.13155414277244018 1.4233301623054224 -39.60686553210349
4.38841009500917 0.12940995445608613 1.4235225573700794 -39.60817772971417
4.368042084369081 0.12744640106784386 1.4230964090714224 -39.60935786934015
4.3477269961447425 0.12557600664480761 1.4220467131608636 -39.61050685849349
4.327461902125192 0.12383657898624467 1.4203937922811554 -39.61159896786291
4.307243817766442 0.12228488099941665 1.418178940378813 -39.61258794867764
4.287069428076722 0.12181691445637804 1.4154908894552531 -39.61259168094685
4.266935009007507 0.12330298981981713 1.4124494541658974 -39.61074976135307
4.246836593368401 0.1264891478431472 1.4091670113731445 -39.60731733398022
4.226770670923787 0.130687252426092 1.4057481972807468 -39.60297954691535
4.2067338809627755 0.134981780853818 1.4022841634815664 -39.598644470439964
4.186722769561703 0.13729964830593425 1.3988309697822603 -39.59636840160468
4.1667341306028725 0.13671750071899758 1.3955029460950548 -39.59705231279012
4.146765393295336 0.13555943411064839 1.3924860829167356 -39.59834865751946
4.126814548075101 0.13387399706117942 1.3898527878405287 -39.60017703834154
4.106880383014899 0.13136890208808763 1.3876377052206152 -39.602796631470575
4.086962361588346 0.12882904512849372 1.3858857512426728 -39.60539167783618
4.067060773455896 0.1266276543878585 1.3846334415509873 -39.60756493305941
4.0471773180990605 0.12495110462280795 1.383927194687507 -39.609118772277625
4.027314537370899 0.12380840426031378 1.3838007199146458 -39.61004117314875
4.007475347824862 0.12274182267257278 1.3842641409609566 -39.610788458407576
3.9876629448274894 0.12175952300748988 1.3852913567177807 -39.61135656637982
3.9678804495885065 0.12066392510780742 1.3868167384617833 -39.61194885936786
3.9481309179898743 0.11953714607114355 1.3887346903352866 -39.612492867197595
3.9284170955755457 0.1184428386292008 1.390910792462999 -39.61293549987069
3.9087415297117407 0.1175293581345321 1.3931834969713741 -39.613135707989805
3.8891069358318675 0.11708498768018445 1.3953655832111227 -39.612809224123716
3.8695163929896244 0.11758742554541408 1.3973031387277557 -39.61148802675381
3.849973137170002 0.11862772977781287 1.398931184852327 -39.60958795702611
3.8304800644415344 0.1188619256820692 1.400244694959373 -39.60845145763264
3.8110396251368006 0.11863871127991302 1.4012176399012524 -39.607748755627846
3.7916529385983244 0.11716907790865237 1.4018371690456557 -39.60827833165382
3.7723202786320313 0.11486807500722475 1.402071130729839 -39.609651662111254
3.7530402990423113 0.11251601506195379 1.4018952182725515 -39.6111206614207
3.7338101594028545 0.11041405856145793 1.4012874979573395 -39.6124093742512
3.714626272139509 0.10870400350865954 1.4002438965196156 -39.61339552228786
3.6954847502964085 0.10722283580735181 1.398777385698224 -39.61425511464364
3.6763816084490792 0.10637058561474699 1.396928791280118 -39.61460380560233
3.6573124248532376 0.10569236010586906 1.394754022671791 -39.614904424356595
3.638272705351963 0.10643311412702794 1.3923499926015175 -39.61392430727927
3.6192573657692857 0.10855071435036477 1.3898030076615264 -39.61170484533601
3.600261393553382 0.1123385684242451 1.387213411252543 -39.60794740944768
3.5812800039737174 0.11679029521846059 1.3846504367513528 -39.60364391319412
3.5623090844242666 0.11962638051208539 1.3821559219321562 -39.60105449674102
3.5433450722984987 0.11944796229466723 1.3798002898517476 -39.60155340953823
3.5243848824981923 0.11890425038696134 1.3777239097593903 -39.60245757019471
3.505426607759889 0.11788307564413285 1.3759742069643315 -39.603845653889046
3.4864694293857696 0.11556492196734938 1.3745552382219153 -39.60650158686816
3.467513248485055 0.11292283407688208 1.3734917979871544 -39.609410905661086
3.4485594324869386 0.10990882311629652 1.37279342601554 -39.61258625744839
3.429611240322848 0.10740045394788408 1.3724985065908968 -39.61513211748502
3.410672891169426 0.10553515101706194 1.3726314163009325 -39.61690700278567
3.3917489004564785 0.10402628754337884 1.3731969769153478 -39.618199904912615
3.3728437219644385 0.10280990404016344 1.3741742400575612 -39.61908241770583
3.353961369145753 0.10159033753142548 1.3755146065995003 -39.61985893670316
3.3351055074294713 0.10047464294426839 1.3771363250681699 -39.620434857995996
3.316279372636541 0.09942454082209218 1.378938186572839 -39.62085822043811
3.297486024758763 0.0982558225126031 1.3808052642686532 -39.62131761334841
3.2787286062878334 0.09728519647866656 1.3826038684150452 -39.621502945294466
3.260010243837044 0.09738198356059498 1.3842067150007122 -39.62056100200184
3.241333956784637 0.09998634236259189 1.3855122186516342 -39.617083188325815
3.222702230217705 0.10208270617718976 1.3865513489278731 -39.61407331555068
3.2041175859161326 0.10392540523159388 1.3873113197414668 -39.61129922193757
3.185581263750571 0.10378920848965564 1.3878015238450503 -39.61048831222709
3.167093810888236 0.10187549497343318 1.387994571643983 -39.6114654838289
3.14865419105274 0.09952638375798513 1.3878649237862695 -39.61293036605385
3.130259591743277 0.09769427880437946 1.3873866599476867 -39.613967201622394
3.111906101096663 0.09624987728200406 1.38656120638262 -39.614728401940106
3.0935893445245877 0.09514635815872173 1.3854115079913434 -39.61528353598839
3.0753042934794212 0.094242383327919 1.3839719324114352 -39.61579077478073
3.0570452991786663 0.09366111016855674 1.3822882038978983 -39.61613924173768
3.038806175515993 0.09355199000706377 1.3804189237958608 -39.616184729499196
3.0205805649265214 0.09519979389788473 1.378455845735333 -39.61463954621181
3.0023625092305872 0.0988593015769563 1.3764827798449797 -39.61123490427268
2.9841469858544394 0.10351922273748328 1.374561929109639 -39.60696411711388
2.9659297961389117 0.10585645856218856 1.3727113688172796 -39.605134940066236
2.9477067487747424 0.10614359873935894 1.371014185977779 -39.605445640003644
2.929474244489505 0.10631847273053785 1.369563561124845 -39.60591694055462
2.9112303176785743 0.10595410665935472 1.3683901674930008 -39.606940784177525
2.892974206804698 0.10408576109250293 1.3674875452187394 -39.60944402026235
2.8747058920589756 0.10209374445752498 1.366866383325983 -39.61199408938638
2.8564274001949963 0.10003716568363645 1.3665374881825767 -39.61449243018915
2.838142743245178 0.09808787952981064 1.366521041874113 -39.616745368982365
2.819856687146808 0.09618283256873147 1.3668271107006646 -39.61880470834999
2.801574370053751 0.0941846288235195 1.3674534582681492 -39.62080299247915
2.783301120639991 0.09200039581506664 1.3683851674944598 -39.622833845544484
2.765042231356925 0.08984408302606413 1.3695892712296907 -39.624690663178455
2.7468027094087426 0.08843278287933926 1.371006430762472 -39.62567281714951
2.7285871716213146 0.08733970094408453 1.372582005806664 -39.626221809348415
2.710399765558519 0.08594062988969393 1.3742456472243105 -39.62697278797439
2.69224413217112 0.0849995346613432 1.3758848591797028 -39.62718173935745
2.674123317796238 0.08576662088085589 1.3773768556389123 -39.62562643271895
2.656040040307812 0.08907736260878504 1.37863377011298 -39.62150555534137
2.6379964299668144 0.09217257278210474 1.3796557918811114 -39.61757845043011
2.619994220749276 0.0944856541529589 1.3804246481573774 -39.614430660790816
2.60203402860544 0.09407218275748704 1.380939184486606 -39.614012075731914
2.584115446881872 0.09214163660995826 1.3811641541497126 -39.61515251767637
2.5662363930656347 0.09041666822761184 1.3810601384968477 -39.61617471772131
2.548393450173264 0.08917200754560353 1.3806241705622415 -39.616835014665746
2.530582332031783 0.08828828384293569 1.379874051772368 -39.61727901683168
2.5127979497918065 0.08757853851429846 1.3788361629088244 -39.61771362569637
2.495034484387051 0.08721738704918768 1.3775460853510657 -39.61797966756792
2.4772855133934413 0.08728467649694409 1.3760489525373647 -39.61800291038131
2.4595444340669497 0.08810517208278675 1.3744109813097087 -39.61745385909275
2.4418049468518745 0.09095009805458573 1.372724424889156 -39.61504545303276
2.4240618306004613 0.0940797637795053 1.3710460660912749 -39.6125031419075
2.4063102068485662 0.0966471731523345 1.3694446045158701 -39.61065331992182
2.388545698474911 0.09784784503983093 1.3679825171203122 -39.61027840714626
2.370764307108567 0.09864545093487065 1.3667369513500631 -39.610377811205325
2.352963370556335 0.0991073868155885 1.3657518949636283 -39.610849401375674
2.335141366047044 0.09873237787981105 1.3650322029349453 -39.61215627928372
2.317297883702308 0.097659124219146 1.3645763024507327 -39.614114299826426
2.299433933593144 0.09651513238772684 1.3643974228323121 -39.61604892603185
2.28155257503523 0.095122377924656 1.3645004255077158 -39.618109139572
2.2636579323915935 0.09356481616083742 1.3648799062909815 -39.620192425461184
2.2457547948097205 0.09199309092887577 1.3655262366548042 -39.62213859738022
2.2278483156576288 0.09031602628443647 1.3664209404845973 -39.62403693273067
2.209943713565891 0.08856560577371615 1.3675323232010947 -39.6258590149037
2.1920460959500554 0.08705673746018776 1.3688148017984645 -39.62729953706087
2.1741603646229475 0.08581204351500381 1.3702185500233641 -39.628350292199116
2.156291014625818 0.08460684762995237 1.3716863590738484 -39.6292511639589
2.138441947151774 0.08370619304524309 1.373140102786193 -39.62975418677991
2.12061657179164 0.08334626021576229 1.3745007792830264 -39.62964082710974
2.1028179069602895 0.08536564324723935 1.3756802643996053 -39.62710767243809
2.08504862327392 0.08826872212506034 1.3766616730068555 -39.623671751188695
2.0673105578839177 0.09227704641237298 1.3774138752250011 -39.619143792777805
2.0496045353017913 0.09432493129175216 1.377942617664287 -39.61659506688839
2.0319302482127983 0.09448461942873336 1.378225350940954 -39.61597767370648
2.014286125500952 0.09368063075983477 1.3782427020958414 -39.61639819838464
1.9966694792992308 0.09301177709416975 1.378002328134766 -39.616790084607906
1.9790766902847508 0.09260501649801581 1.3775354676253933 -39.617053202047316
1.9615032374307413 0.0923969698035311 1.3768795134479526 -39.617272913743896
1.943943777598675 0.09263913216198713 1.3760792502590917 -39.61721413726159
1.9263924093847322 0.09340883648789336 1.3751816142990902 -39.6168037905025
1.9088431420025422 0.09474652027268275 1.3742412973882576 -39.61599455158681
1.891290303352818 0.09652426452341245 1.3733194116484004 -39.61490000366939
1.8737287528482929 0.0985096844061771 1.3724735890320938 -39.61373692884414
1.8561538502200046 0.10054434784486352 1.3717552763155265 -39.612646121064955
1.838561508615876 0.10265014665924678 1.3712059620387642 -39.611586798031134
1.8209483016965897 0.10455539287433928 1.3708501573274687 -39.610811271753576
1.8033113978477102 0.1059537533623279 1.3706928157970544 -39.6106022777933
1.7856486551363442 0.10688179416100257 1.3707154622797308 -39.61088932671295
1.767959099792712 0.10767910505010111 1.3708780358991384 -39.61129256416628
1.7502433283286754 0.10771513660549226 1.3711758130555671 -39.61241365611258
1.7325027256428993 0.10705950647683972 1.3716213521791407 -39.61415125527352
1.7147397315580775 0.10589071876111857 1.372221326089665 -39.61630328628976
1.6969575945337516 0.10433503778313506 1.3729604643411113 -39.61872625546712
1.67916018188399 0.10275823591503674 1.3738086728577386 -39.62104100488306
1.6613519913722297 0.1012183721253825 1.374737882111556 -39.62318415436153
1.643537797850997 0.09975122905757128 1.3757256431206295 -39.62512076981399
1.6257224211633823 0.09839384889106793 1.376750944156029 -39.626820056583156
1.6079105315735813 0.09725827818177601 1.3777908503480767 -39.62818093721341
1.590106519476563 0.09658070483426288 1.3788180012720805 -39.628982958292404
1.5723144085895893 0.09605322567051439 1.3798040342231972 -39.62955101197479
1.554537604179625 0.0960465361608997 1.3807177014155323 -39.629533841061125
1.5367790613782824 0.09822230812567036 1.3815222166195715 -39.627301576717116
1.5190415649301823 0.10163795229207088 1.3822115653022389 -39.62383054792873
1.5013267502414844 0.10508334572277972 1.3827719816355442 -39.62036020003462
1.483634931350497 0.10776270073237673 1.3831725339844378 -39.617713707599826
1.4659650884239863 0.10891371952992301 1.383387318506023 -39.61667592534438
1.4483148292122625 0.10935990661051766 1.38343136089199 -39.61644450781443
1.4306809741936797 0.10971310739655686 1.3833418345564115 -39.61642866388461
1.4130596042763466 0.11029598195240173 1.3831589022337685 -39.61632602574867
1.3954461232007744 0.11132942612334142 1.3829270507157578 -39.61592862846028
1.377835578492213 0.11277416724333887 1.3826913368029166 -39.615279921434364
1.360222855083014 0.11459221789045308 1.3824948354094757 -39.61441460550281
1.3426029509022432 0.1167038206035428 1.3823803108287833 -39.613405095388686
1.324971103071929 0.11904330986609171 1.382386054168052 -39.612306263610016
1.3073229246521074 0.1216247993977527 1.3825423871819766 -39.611090619677654
1.2896545555286354 0.12441266099247104 1.3828696693270397 -39.609780444378025
1.271962652871251 0.1273538618265485 1.3833701676631596 -39.60841365049631
1.2542444439694806 0.12980375687766824 1.3840255148803875 -39.60762177583918
1.236497292397342 0.1318366872709641 1.3848003698000324 -39.60730348972722
1.21871964990131 0.133752896173861 1.3856544566405065 -39.6071273102261
1.2009113277687968 0.13562324183914792 1.386565104998572 -39.60699914856711
1.183073082798564 0.13667922837151136 1.3875347488576912 -39.60767544812477
1.16520569417794 0.1370668377648339 1.3885793923864578 -39.608986583370836
1.147310789898873 0.13699237851715765 1.3897195963778775 -39.61070515688934
1.129390743427304 0.13668935295371032 1.390968138866709 -39.61258276647982
1.1114485864865984 0.1362592588474679 1.3923262704997024 -39.61450931541695
1.0934877447686067 0.1357763890269468 1.3937851345815113 -39.61640677183647
1.0755118905764192 0.13540286284373818 1.3953279280588793 -39.61811340433708
1.0575248971227391 0.13527100575751588 1.3969346018856375 -39.61950255132916
1.0395306642586584 0.1355209938264121 1.3985847564908254 -39.62044463924944
1.0215330171960164 0.13616145497700688 1.4002605673268504 -39.62094598848339
1.0035355181133125 0.13694779708547367 1.401946753973169 -39.62126784176242
