7.944490661400376 -0.801350280553621 1.2985222586738359 -44.79369791061738
7.848695160827125 -0.7980895114509566 1.3012171470861083 -44.791183595007226
7.752898464843469 -0.7955566857358195 1.3017830903839285 -44.78988618059887
7.657094809325241 -0.7938541572178024 1.3003032315213137 -44.78991513381882
7.561275386178827 -0.7910919551802021 1.2970307187316323 -44.78939256512599
7.465427202256899 -0.7869808344229662 1.2923351186667371 -44.78799400653224
7.369536860943693 -0.7789095829839492 1.2868825155947479 -44.78302401771778
7.2735956201543575 -0.7685131255516369 1.2811341400296246 -44.776005608120265
7.177596978689216 -0.7644190023140116 1.275029404243958 -44.77554607489363
7.081540193332527 -0.7608163530814582 1.269570262971581 -44.77569601982407
6.985401616262852 -0.7636137246693891 1.2651121547576902 -44.782302881879104
6.889142764999066 -0.7696022592747472 1.262617859384762 -44.7920051835008
6.792748434754966 -0.7732639923128116 1.2628732629102801 -44.79917424753808
6.696236199173005 -0.7802844892388875 1.2663424569359827 -44.80948795734132
6.599634447565344 -0.7896338210752168 1.2734524785184125 -44.82187505365743
6.502985742142954 -0.800379325962246 1.2843610859821777 -44.835382795284126
6.4063286947188915 -0.8114423679445837 1.299008534291011 -44.84886503884409
6.309700079003995 -0.822408199732876 1.3172385217789815 -44.861809452069984
6.213135922931856 -0.8321547890929396 1.3386342876462651 -44.87299219962727
6.116665159321486 -0.8411677590289366 1.3629114623532805 -44.88278055174833
6.020324346053366 -0.8488033227892375 1.3894820573427769 -44.89045880305909
5.924161958516205 -0.8550726881383577 1.4178954418944045 -44.89602120489628
5.828224938970274 -0.8623960644366038 1.4483705647615257 -44.901836305892445
5.73256217314835 -0.8735322754721447 1.4813259958552756 -44.910623844716035
5.63723414405258 -0.8818483368407998 1.5145223412258892 -44.91622282521316
5.54228138658854 -0.8909679652977236 1.5486378299737427 -44.92235660334936
5.447748776079039 -0.8923828706622309 1.5805230418845446 -44.92129506994319
5.353625056189094 -0.8853458351936031 1.6094127711377475 -44.912604223540015
5.2598823930998595 -0.8778909864391928 1.6372377548300066 -44.90417438899246
5.166506566497165 -0.8676719159190364 1.6628914451378063 -44.893950296056495
5.073439439704628 -0.8675898455937745 1.6894712722407228 -44.89464391381096
4.980679010027617 -0.8740939121824494 1.7154242314098012 -44.90313047577663
4.888214231503334 -0.8758659364009472 1.7377489417908307 -44.90821584767684
4.796002670470241 -0.876881773722865 1.7572277853677372 -44.9137141645998
4.704034126947649 -0.8681639406104978 1.7722444103215582 -44.910176642199424
4.61228368744145 -0.8552391783251222 1.7840736044381151 -44.902938731614036
4.520741671435121 -0.8437434258406948 1.7935705720603332 -44.897653917887226
4.429408355495484 -0.8325419102364541 1.8007456417531145 -44.89295805475853
4.338275166274494 -0.8270548761659773 1.8061867144474226 -44.894335537249916
4.24734146236141 -0.8243335735181587 1.8097859550140947 -44.89847537032167
4.156591070171756 -0.8237171793396232 1.8118012064824747 -44.904462127207836
4.065997364703155 -0.8201355645893759 1.8124788684214264 -44.90681797859314
3.9755241501650485 -0.8164308956320407 1.8122734455816571 -44.90838273411398
3.8851423798879003 -0.8101696972235638 1.8116342023638108 -44.90661021563242
3.7948256757173526 -0.8024635808144256 1.811064106364751 -44.90268625417658
3.7045546689404847 -0.7940450363008678 1.811154708400553 -44.89746678021181
3.6143230804741835 -0.7879472547092231 1.812328862417215 -44.894087222700406
3.5241222060012594 -0.7838699946601653 1.8149494166554958 -44.8923154006035
3.4339400766254258 -0.7803255928546952 1.8191380161798503 -44.8907298395893
3.3437662787463913 -0.7792266730389799 1.8251678997956318 -44.89128247233238
3.2535910541099704 -0.7784208759954051 1.8330696114101428 -44.89188178014637
3.16340447764758 -0.7754377194226905 1.8426182757616676 -44.89009892702661
3.073206136380964 -0.772326905379683 1.8538262853197605 -44.8879375609223
2.9829981486119013 -0.7686287667382001 1.8663803156854646 -44.8849297396257
2.8927901964868834 -0.7653793683750496 1.8801054916664814 -44.88212754763218
2.8026051171129986 -0.7622466206388249 1.8945854324529465 -44.87933278353592
2.712461975382315 -0.7601239273815744 1.9096641401119379 -44.87758537450279
2.622377952510825 -0.7579291192568292 1.9249350133337326 -44.87598769177504
2.5323658410459355 -0.7562339071655441 1.9403160213894317 -44.875219887319986
2.4424404301842486 -0.7543892332699601 1.9556280983895158 -44.87475537236315
2.352616813368291 -0.7523417292650278 1.97078883837085 -44.874639196649774
2.262910611140543 -0.7501395066463693 1.9857159158323754 -44.875002556948715
2.1733374904632448 -0.7470519060581753 2.000174379241611 -44.87519277360322
2.0839114040058773 -0.7437695755343005 2.014081690408384 -44.87595914225641
1.994643440773599 -0.7397937262625612 2.0270795378875732 -44.87684113515876
1.9055368239373647 -0.7335416724557416 2.0385830367105764 -44.87625393042342
1.8165840397721071 -0.7259007427908993 2.048314653706816 -44.87509003749647
1.72777373369874 -0.7168111321719788 2.055960489192661 -44.873215203825694
1.6390933631671243 -0.7069150465989367 2.061367181883405 -44.87121029879366
1.5505319771105233 -0.6967095767262511 2.0644263988640343 -44.86951054803192
1.4620802991962343 -0.6868903417843235 2.0650769203852954 -44.86875473601815
1.3737290115232836 -0.677264126853337 2.063289543828191 -44.86861818193254
1.2854639263300416 -0.6644731701017399 2.0592271634697474 -44.86535742213235
1.1972646694816502 -0.650332678848349 2.053139521876948 -44.860667998006015
1.1091192907022278 -0.6424746860204193 2.0447566844388776 -44.862451310968986
1.0210230823590825 -0.6345982822512797 2.034499746381225 -44.86410188815607
