8.026983680153359 0.8793321175359591 1.1166012342914589 -38.572475576017375
7.970456847082881 0.879921674976762 1.1208057774911884 -38.57118685864873
7.91387502737336 0.8795443979502021 1.125359306743991 -38.57071301305687
7.857238117116912 0.8785095507169134 1.1300797350990603 -38.57071045047426
7.800543821859818 0.8779195846330179 1.1347047114838276 -38.5700382378423
7.743793088364683 0.878092160838064 1.138955733098899 -38.56834253547545
7.686991138499473 0.8779984601478 1.1426711625565034 -38.566624130844104
7.630147097473851 0.8758977134753444 1.1457287263074296 -38.566577749508234
7.573272901294389 0.8718128943051232 1.1479726423208778 -38.56813446746203
7.516381922902796 0.8665551883406122 1.1492638089182805 -38.570451648301585
7.4594896173907514 0.8601563895390146 1.1495034343336907 -38.57346859597017
7.402612181474651 0.8522913065060331 1.1486140809166767 -38.57747710815643
7.345765426229587 0.843569641990803 1.1465409769842314 -38.58184916183067
7.288964540523299 0.8345688863853089 1.143260159206092 -38.58599631610138
7.232224407426989 0.8251886960637707 1.1387578181268458 -38.58999008475497
7.17556093854684 0.8164247159759201 1.1331211195878035 -38.59284493262661
7.11899014469057 0.8085778826375962 1.126469566516597 -38.59425548044297
7.062528428478242 0.8016911019100622 1.1189572001342196 -38.594170359049066
7.0061910874302145 0.7961950814671502 1.110810543914289 -38.592180681625976
6.949988210712727 0.7897996083371537 1.102046647566962 -38.590461048110505
6.893936059624493 0.7827373135135328 1.0929026425420265 -38.58883030761813
6.8380462271972196 0.7781362266412267 1.0838424244386262 -38.58446938101051
6.782319503257953 0.7705261481184156 1.0744497687987904 -38.58257565770984
6.726762436615089 0.7589503541496064 1.0647586254745167 -38.58417247246515
6.67137577676021 0.7474198660595279 1.0552588750690002 -38.58577978513351
6.616143032566262 0.7371230298669373 1.046042414618655 -38.58656827075981
6.561039056071958 0.7284856685348227 1.0371202824865582 -38.586362626734356
6.5060432651756965 0.7216664990476659 1.028495423421517 -38.585184251307496
6.451140767395919 0.7168363404929619 1.0201779937623643 -38.582998698392345
6.396320768057194 0.7143133243205416 1.0122169590517407 -38.57957275714015
6.341575616371853 0.7127764258384267 1.004535854298631 -38.57619106203259
6.286901584338496 0.711033706382966 0.997094873964244 -38.574002598469676
6.232295061752127 0.7094225157674041 0.9900152166536814 -38.57263692698305
6.177746927072514 0.7078697944943576 0.9834196729518827 -38.57207845793902
6.123246099406796 0.7067368587578826 0.9774352671474746 -38.5718402482053
6.068782217571938 0.7113915468004498 0.9724589666246901 -38.5663423223874
6.0143432626579765 0.7230479031711924 0.9684976808095047 -38.55409321027775
5.9599216245981665 0.730372353485815 0.9648624787504552 -38.54628753674026
5.905526041377216 0.7294361647208968 0.9613154425755563 -38.54661154519523
5.851165169614174 0.7282916137619023 0.958021070907358 -38.546572675095774
5.796829246292 0.726091144335404 0.9549044960775558 -38.54668070792476
5.742507020403825 0.7174677794503754 0.9518468349975062 -38.55193623077557
5.688203051361655 0.7048794077410075 0.9490907957571031 -38.559622456606164
5.633923755834433 0.6898181134301368 0.9467846248480136 -38.56813278679518
5.579677262950648 0.6728702089816807 0.9449977089538673 -38.57687697798333
5.5254737828756335 0.6521572379262466 0.9437654057035515 -38.58764658512214
5.47132761358332 0.6326334948994013 0.9432611162410647 -38.59593846138372
5.4172518387561865 0.6164337379210022 0.9435705807497585 -38.59997850672002
5.363258807769379 0.6099102326070741 0.9446841917337575 -38.59431071645643
5.309353522337129 0.6021099685741655 0.9465349406603638 -38.58895688507709
5.255550037781701 0.5999620941409611 0.9488514125918971 -38.57803411944642
5.201856676787083 0.6002324668781833 0.951326596770031 -38.564654499798344
5.148289341350526 0.591877515694521 0.9537413140867843 -38.558631823971126
5.094877893162332 0.5774539453242834 0.9556557866653939 -38.557852393048336
5.041641237579403 0.5608666064660395 0.9565920598617573 -38.55906250150467
4.988587862450589 0.5445749788902434 0.9560858301249434 -38.560310440931005
4.935716429069706 0.5295415092177554 0.9539115124701236 -38.56089542071071
4.883019633160699 0.5160931991487651 0.9499920111187901 -38.5606312173981
4.830487996760286 0.5041340418303607 0.9443175695001328 -38.559669630768916
4.778112863752141 0.4932404535877903 0.9369273757872184 -38.558414866361964
4.725887816493903 0.483061926803102 0.9279037154347782 -38.55718249102861
4.673808759949829 0.47320005876635984 0.9173750733944196 -38.55632057362156
4.621873370155361 0.46385645770347333 0.9055928902019296 -38.55562746719251
4.57007837493369 0.45574821991070363 0.892940287454537 -38.55441562117409
4.518418682412445 0.4481864879915147 0.8796729315492323 -38.55327934725481
4.466890523776948 0.44230315268402004 0.8663513221589735 -38.551116277725846
4.415487923118635 0.43762677835313335 0.8534525041440715 -38.54833441272053
4.364208899964872 0.4225420966020287 0.8399562735928426 -38.55582552406591
4.313061362658336 0.41117027223955166 0.8282126985561065 -38.56023235345466
4.262036342974922 0.40893061299868333 0.8191027250425313 -38.55620609256695
4.211119747622611 0.40381882938032987 0.8116690081666119 -38.55482338191059
4.160308722005896 0.3984779198009379 0.806479864722495 -38.55335936953525
4.109594874247724 0.3911479813539142 0.8036733655711035 -38.55335104541606
4.058968155676409 0.3821501671354925 0.8033882496010438 -38.55440835065518
4.008417499564668 0.3722114425014773 0.805583294674687 -38.55583772352815
3.957932415817095 0.3610534173837848 0.8100819745573888 -38.557943741741425
3.9075049694594743 0.3470168064257232 0.8167365838284611 -38.56230957725473
3.8571305181968625 0.3359576518299174 0.8249338207983762 -38.56362556477978
3.8068020745923015 0.3258603638545976 0.8343438563404066 -38.563850892191454
3.756516656715375 0.3167157430334318 0.844485759513798 -38.56310030181139
3.706275877534527 0.31102793570910575 0.8546631361615769 -38.55916199600737
3.656083220367713 0.3025161498268074 0.8649434327162492 -38.55786767361772
3.6059473761671685 0.29249853464244496 0.8747788747632593 -38.5580487502777
3.555874539395989 0.28214207777886974 0.8837731348222371 -38.55861558327899
3.5058690332782345 0.27167853601706793 0.8916760609476767 -38.559315142881985
3.455935886297146 0.26115509894732714 0.8983318618238074 -38.56006179734325
3.406080945077677 0.25065168773715035 0.9036536613681893 -38.56075652493329
3.3563101645353 0.24002561132863484 0.907625403247473 -38.561525438257526
3.3066291554990532 0.22920251485267276 0.9102780843326683 -38.56245596494184
3.257042498107848 0.2181484935869855 0.9116835840095315 -38.56362300592779
3.20755326321303 0.20693788108862235 0.9119429870518744 -38.56502478078813
3.1581625721097466 0.19584640378641677 0.9111744221326181 -38.566490939444506
3.1088693921109924 0.1848855952474698 0.9094970107067596 -38.568102661909315
3.0596711577957314 0.17445371271715787 0.9070464218364701 -38.569585912624184
3.010563818278224 0.16514482595901478 0.9039621011381903 -38.57047496700903
2.9615426494679116 0.15712003555355006 0.9003678658290575 -38.57069584977774
2.912602496365497 0.14992571403753366 0.8963881657395558 -38.570772047967964
2.86373742968475 0.14297759892313336 0.8921930187010549 -38.571368400338216
2.814940292638203 0.13761622390001027 0.8880475954647503 -38.57132135245422
2.766199590600382 0.13399585824713947 0.8841624512146621 -38.5705276771662
2.7175031128339473 0.13136899633407137 0.8807008069303152 -38.56970763485159
2.6688396135466737 0.12980396978860678 0.8778437397222448 -38.56874133037917
2.6201987559615185 0.12891649868875857 0.8757107727476011 -38.56790310534879
2.5715714281855506 0.128376594972769 0.8744062516274422 -38.5673948150529
2.5229498119446765 0.12906877980556883 0.8740362558306024 -38.56618838582931
2.474327279854248 0.1298174644162776 0.8746252300248029 -38.56524627802944
2.42569920277539 0.129711598108957 0.8761844006777108 -38.565274811942565
2.3770625619950256 0.12732267271249834 0.8786905830430894 -38.567515680549796
2.3284159577838968 0.12428736026974697 0.8820361183550651 -38.570150799862624
2.279760314502167 0.12248611224931163 0.886034222050125 -38.57116315282974
2.2310989821673606 0.12128813551677718 0.8905579318901289 -38.57111806151059
2.1824368278315394 0.1187674657828644 0.895547732590026 -38.5719098338618
2.1337795814064546 0.11548480187128185 0.9008246533251578 -38.57297956991809
2.085133157299789 0.11093270844637863 0.906228540358396 -38.574808747818444
2.0365039461595855 0.10529379116249217 0.9115750087675477 -38.577210701964404
1.9878981774320421 0.09870279875315442 0.9166874448917718 -38.580053366640556
1.9393220236072055 0.09196619279955906 0.9213901103744039 -38.58256272800921
1.890781533113049 0.08546751012660013 0.9255973107297126 -38.58438544207164
1.8422828128253825 0.07917336474667537 0.9293044854948865 -38.585592808604574
1.793831690607913 0.07298147275323436 0.9325476474416109 -38.58634600130074
1.7454331833729324 0.06906951965130959 0.9353145778155563 -38.58466023266047
1.6970902586313792 0.06588369428392761 0.9376688364271126 -38.58210920525569
1.6488048635037136 0.061187714855503166 0.9396572835026817 -38.58094159599313
1.6005779634878348 0.05429974180965516 0.9412618053660894 -38.581975586859144
1.552408663817792 0.04739465486336332 0.9423579459666159 -38.583336322252954
1.504293242638055 0.040826718095299114 0.9428556999980511 -38.58484155720949
1.456226313476253 0.03567166926561865 0.9426970041244613 -38.58559780857619
1.4082005374115736 0.032381659052532326 0.9418827719129635 -38.58526948218037
1.3602073660917955 0.03082830814065412 0.94046877563125 -38.58406192334147
1.3122371568149644 0.030293929134277545 0.9385283579149487 -38.58274261025386
1.264279178108366 0.030235202262492076 0.9361468124807077 -38.58187887740754
1.2163220216302115 0.030586563576289767 0.9334387112570879 -38.58152302261657
1.1683542327795082 0.03157068904011272 0.9305443488376145 -38.58138645408157
1.1203650920582189 0.033502943265059634 0.9276213175360146 -38.58102805490088
1.072345388884487 0.03633099781132161 0.9248181565213387 -38.5803550251319
1.0242875248258483 0.04067115269280282 0.9222547276136392 -38.57855762194527
