7.7816156610091785 2.973569832843042 2.343925476766708 -59.840118834729424
7.673917028356872 2.9596360460587863 2.3602783343069924 -59.85072169706976
7.5661332150242595 2.962595766492264 2.3739132252815875 -59.84248254255981
7.4582787785062425 2.964077521880716 2.38644024849637 -59.8339591632342
7.350381969428763 2.9586226877153368 2.3976605141065823 -59.8305948055635
7.24247720734029 2.949904033838304 2.406446300532954 -59.82934983750168
7.1345977780383425 2.9392006131090564 2.412347135292734 -59.82940854809907
7.026768513534966 2.9273191184307312 2.4152156136889285 -59.830416910067555
6.918998534493698 2.9155777737233195 2.4149942000491302 -59.83150780845626
6.811286656101051 2.906691379447429 2.4118452746598673 -59.83042257654812
6.703620952583471 2.9005080759543236 2.4061712269756677 -59.82729768190454
6.5959837342293115 2.895108372652134 2.3984637835466427 -59.823622387715105
6.488368787626943 2.8928548452888965 2.389425670069391 -59.81694101637973
6.380771535474825 2.898954395217974 2.3801352852519324 -59.802418028054376
6.273193784177758 2.8992025898586755 2.3700845961732933 -59.792637980685164
6.165673274114041 2.896165136784785 2.360010258025961 -59.784756443604074
6.0582360411514555 2.883990591161691 2.349898497478305 -59.78319207452786
5.950904215824192 2.875821784737588 2.3410000473091968 -59.775934906492836
5.843684253642377 2.8582764168087675 2.3326205791005568 -59.773877807217524
5.736607768510245 2.8328043825818834 2.3250158804583774 -59.77518996503089
5.629710798035492 2.796904473222055 2.318191797597918 -59.78133829147686
5.523036742931552 2.743632610359293 2.3118704715311567 -59.797068763314385
5.416642200754128 2.6837791029791696 2.306074592764129 -59.813851420555
5.3105602057378 2.619362303530477 2.3003681431058607 -59.8301829403332
5.204816748931125 2.551278411648559 2.294173986548232 -59.84562666750069
5.099432365769323 2.496035734280443 2.287450302559624 -59.84975545854492
4.994388172140269 2.4497533311805157 2.2800342577095174 -59.84634651057978
4.889664444996456 2.4110289541053933 2.271801729939328 -59.837070170227584
4.785242408193186 2.3813934360171323 2.262750693329362 -59.82150214542587
4.681102577430907 2.3552670910919917 2.2524757923713143 -59.80367350203809
4.577251030671573 2.321566319713525 2.239822909801316 -59.79117227815962
4.473729091996543 2.280562542918241 2.2242052287953076 -59.78428596884031
4.370577537224351 2.240627384514866 2.206093874731024 -59.77799210623862
4.267812801506501 2.211527851717982 2.1869457086709096 -59.76603564474687
4.1654175687639485 2.189016087297563 2.166786540348845 -59.7513874255222
4.063380662266787 2.160590496773638 2.144149901142555 -59.74309501713181
3.9617231837941302 2.133996614141952 2.1209135964774775 -59.736314226093214
3.8604312355749633 2.11388298684767 2.098610140936317 -59.727861463975856
3.7594727713254277 2.097494675747126 2.077439317864501 -59.71967149086217
3.6588187807901447 2.082862705299189 2.057515353435569 -59.71298429261146
3.558444719083589 2.0692138352579814 2.039081825611468 -59.708160129959865
3.458327005851663 2.0528692903224606 2.021915844945378 -59.70809372005193
3.3584476308741356 2.0407191762686594 2.0072434799497145 -59.70672971283335
3.2587730783333053 2.02956459305969 1.9947665562120487 -59.70656651860361
3.1592741180142054 2.01920013712581 1.984573579284438 -59.70760420091351
3.0599189742390185 2.010863497057276 1.9768475821730596 -59.70852368173492
2.96067268413942 2.0044748303709476 1.9715418616654072 -59.70912651620994
2.861501345183999 1.9996871087676593 1.9684591072456155 -59.70939225171793
2.7623747466645896 1.9964151410838038 1.9672801870226888 -59.708972711763245
2.663270669481007 1.9917522729639383 1.967682034608259 -59.71021557268582
2.564176510046609 1.9870867129668741 1.969449090890607 -59.71153417618429
2.4650824719344198 1.98372835991728 1.9722653755062873 -59.71141342715019
2.365984250035534 1.9804604628375555 1.9758151861818756 -59.710790061896255
2.2668836415992617 1.9752665472531057 1.9798309075618388 -59.71141884511151
2.1677864716870148 1.967450825520082 1.9840079074184447 -59.71380450066045
2.0687018377485193 1.9607441627953732 1.987890348822367 -59.71431569899679
1.969641444377836 1.9536861709348685 1.9912592442106745 -59.714278488570066
1.8706184688871983 1.9420875860229148 1.9938866852124213 -59.71763093743067
1.7716454736634915 1.9233098984272416 1.9953345692761006 -59.72690994033566
1.6727406925331736 1.903358014396121 1.9952315921165793 -59.73656059675288
1.5739260229773784 1.88772301055823 1.9936813714990962 -59.74154301377741
1.475223027589099 1.8697210368932806 1.9906723560903445 -59.74812846180793
1.3766580829884212 1.8492896316341982 1.9863604893695486 -59.756382918449546
1.2782590412402013 1.8307169434798087 1.9813545543471083 -59.762275192398626
1.1800515699811873 1.8146631359189846 1.976195815897795 -59.76504760051144
1.0820682454313868 1.8013249370733606 1.9714871504834817 -59.76416177244358
