7.686259048358346 -2.581130038957425 2.716790003612203 -28.421195131340518
7.575886543952685 -2.5740113331685155 2.715698265971482 -28.416007039770058
7.46544986437513 -2.57089654804878 2.714694609561933 -28.413510207987777
7.355002514057716 -2.5730778832660994 2.7135547163574105 -28.414932625842134
7.244580849095868 -2.5754341912012686 2.711931728292261 -28.41523075637609
7.134208629046191 -2.577405951962782 2.7096650756207734 -28.41425367602593
7.023895102665572 -2.5800269582814015 2.7066684545244573 -28.413622454632012
6.913637651189517 -2.583290559599254 2.7028566161495893 -28.414024777003732
6.80341949896706 -2.58486259982026 2.698136897618402 -28.413992671932753
6.693212704518855 -2.5827663187229186 2.692453764855149 -28.41248765274367
6.582991864471955 -2.578529623123478 2.685639350319906 -28.412059355225843
6.472745449842379 -2.5729701712202426 2.6775637246930653 -28.414372111224303
6.362457831362248 -2.5661625818569407 2.6680842795233963 -28.420166473860498
6.252092185242592 -2.5566432244303656 2.6571901140348593 -28.428244307337607
6.141600649419214 -2.543636897490585 2.644887411193501 -28.437890089214868
6.030935798352214 -2.5264719226740633 2.631232430507479 -28.448236005684308
5.920052384546032 -2.504663700739249 2.6163232650777664 -28.458356218041963
5.808909353407555 -2.478971001169334 2.60008030950035 -28.46898360766658
5.697469339818312 -2.4494668145504037 2.582551767554361 -28.479669960129364
5.585695245320121 -2.4158288382884487 2.5639444394824666 -28.489147249442745
5.4735460604448205 -2.3786225440339885 2.544312867589718 -28.49747815455821
5.3609836931716695 -2.339551412385449 2.523364456965497 -28.506663659053892
5.247983345462866 -2.2977112489899203 2.5016905111253984 -28.512932425512822
5.13454710798491 -2.248670467608606 2.4815316425206486 -28.50496089539871
5.020721331941901 -2.198634989794365 2.460938284064598 -28.493352954362052
4.906541488761088 -2.1527122830771543 2.4380908915368127 -28.48558863873361
4.792015647833801 -2.1126818092399033 2.412814981207662 -28.482163145375587
4.677123855112898 -2.0753873003032375 2.3873786899609133 -28.47611193401083
4.56186522739054 -2.0406841054939466 2.3623049289954317 -28.467544576805224
4.44626967675138 -2.0082646104318647 2.337893639600755 -28.456625772282308
4.330365063720832 -1.9785877082990855 2.314015756739602 -28.444692620814465
4.214162753241381 -1.9520550131994832 2.290465472383798 -28.432932802703647
4.097663908919311 -1.9284065695649986 2.2672289947598805 -28.421583773461265
3.9808688566458654 -1.9069705936323842 2.24442223168254 -28.410337142273576
3.86377612629593 -1.8897795356190623 2.22138082745087 -28.402071733156028
3.746373674681585 -1.8784608390529238 2.197646930827785 -28.398967961341043
3.628645322866988 -1.8699357280913294 2.174120219294096 -28.397656193126366
3.5105883629518466 -1.8634926781962624 2.1510436965621302 -28.397559318465248
3.3922104526223715 -1.8641946457412546 2.1273111564250358 -28.404510187901728
3.2735138196556 -1.8648254617412157 2.104791351324243 -28.410549593901855
3.154535338507993 -1.8643631386706505 2.083717270355186 -28.41467300608928
3.0353146967888915 -1.862285559602215 2.0641415322698644 -28.416440437701212
2.9158839706905044 -1.858797941248253 2.0459816207741985 -28.416177193277107
2.7962631136813267 -1.8554337087420822 2.0289280503639033 -28.415633401955574
2.6764647835282256 -1.8523248512387698 2.0129745264185943 -28.41497882236991
2.5564989787151347 -1.8496853917315896 1.998126476398511 -28.41443685245484
2.436375047511524 -1.848148878342185 1.9843500743718547 -28.414651261520547
2.3161023610858704 -1.8483764887646574 1.9716387498695036 -28.41626672008956
2.195691718749732 -1.8501254768868516 1.9601126968381675 -28.418931173783257
2.0751564245774508 -1.8523273247734424 1.9499474248718267 -28.4214065626538
1.9545127211675248 -1.852118366219941 1.9413997606406204 -28.420542358386967
1.8337813409007133 -1.850323655490999 1.9343243057108082 -28.417132855734785
1.712984026727863 -1.8489571289426898 1.9285238681722077 -28.413181687716715
1.5921454200563363 -1.851195235252791 1.9238191141830918 -28.411827740011653
1.4712948396579015 -1.855500310233485 1.9202633764946972 -28.411102917611778
1.3504694968421327 -1.8612149856699463 1.9177936490220995 -28.409903758046966
1.2297167568639595 -1.868013256555731 1.9162927490851123 -28.40734671084475
1.1090989937218594 -1.8781297291697479 1.9155709440921822 -28.40502711860656
