7.997565695840701 -2.391664710186692 0.8902249550218793 -43.443744522330576
7.897154730641971 -2.385558214189354 0.8898613722677597 -43.4418905871179
7.79669396318347 -2.3826266569830223 0.8911453171450773 -43.443456588818314
7.696243881777956 -2.3806904061107943 0.8936378683531898 -43.44632452866258
7.595864528397511 -2.377070746370755 0.8967810746205359 -43.44774664894235
7.495603506954828 -2.3701149273299675 0.8999997580530973 -43.445925110977015
7.3954827118866575 -2.3668673615729894 0.9031353231427127 -43.44785649418038
7.295500562835827 -2.3638201472081315 0.9054749233339134 -43.44968370904353
7.195624254421002 -2.3603897163996765 0.9066078309405883 -43.450589683931504
7.095817521559479 -2.3585953441966376 0.9062143411399396 -43.452415836079616
6.99603710340709 -2.360283859606837 0.9040664381318372 -43.456797756656506
6.896245992703749 -2.3680106411814683 0.8998593036408519 -43.46602415586595
6.7964071923487515 -2.379270377426135 0.8934307816976812 -43.4773792312819
6.696489679174616 -2.3932004075092825 0.8847311778772773 -43.48986008851978
6.596464980051476 -2.409307457438947 0.8737695769949901 -43.50284480804325
6.496305485239362 -2.4279205523668836 0.8605385251285306 -43.516468060013345
6.395979203189381 -2.4492474864232388 0.8450727438036839 -43.53068918947248
6.295446157460314 -2.4725563611844783 0.8275790143112168 -43.54456715565775
6.194661177864387 -2.496977153333817 0.8083877182317788 -43.55703269755733
6.093579002229085 -2.5225159101249064 0.7878049351666533 -43.567767937455315
5.992156860305058 -2.549797855855908 0.7661032255653154 -43.576938774692174
5.890353966520673 -2.578692225018602 0.7437393603440683 -43.584051735030954
5.788134975126895 -2.610132230215258 0.7210885860632031 -43.58950594620864
5.68546423479383 -2.6437602112712306 0.6987912909860842 -43.59277018118335
5.582312479528712 -2.6699363780146776 0.6786976093881576 -43.5869432011954
5.478697686981466 -2.6942662163462585 0.6603020529522544 -43.576829322861194
5.374630359189899 -2.7290457156089034 0.6422785909820351 -43.57138040405885
5.270089856431461 -2.771239082345372 0.6252056532780284 -43.56887799985131
5.165039892858775 -2.791277764157447 0.6117575172220371 -43.550670824789854
5.059536126385701 -2.813412954622718 0.5995004626620807 -43.53370793970774
4.953611027508786 -2.8317392618653656 0.5886855464176729 -43.51466107773738
4.8472912373934225 -2.8502345583524495 0.5788072228293611 -43.496662879582196
4.740580479957745 -2.8650551349533244 0.5698186559229302 -43.47738461566394
4.63349092519542 -2.8766718154539004 0.5614042401130936 -43.457236344667294
4.526037287184347 -2.892509938886418 0.5530011022670264 -43.441425129834776
4.418227199552212 -2.9109159627539256 0.5445695349533208 -43.42866704037363
4.310085483175873 -2.933501931590739 0.5359090456164175 -43.420001584932166
4.201643526752265 -2.961015016076452 0.5269122141441619 -43.41593778732983
4.092931053787429 -2.9963773420629445 0.5174235242177909 -43.41860299361871
3.9839701618570995 -3.045163853704911 0.5072636761549221 -43.43213128133658
3.874775014021939 -3.08171263733484 0.4980628083720838 -43.43697231795193
3.765406004015448 -3.1123090706296104 0.48959235709990895 -43.437808261857754
3.655899788510011 3.1408814489351085 0.48180422466428224 -43.438612288398645
3.546273259826523 3.1121598141477604 0.47504791274665836 -43.43874363611888
3.4365322846057715 3.0830920943118247 0.46956671983998066 -43.4394658056367
3.3266787908028133 3.0541181836114895 0.46562041139560734 -43.440528170186205
3.21671247935931 3.026252504242628 0.46338973690405677 -43.441321810331075
3.106632130300705 3.0004475365049026 0.46292529809614535 -43.441366875484114
2.9964380007402722 2.975984364179383 0.4641893647380141 -43.44155166101992
2.8861316939541206 2.953298506710193 0.46699396033494256 -43.44176621751702
2.775713677037988 2.9313051998796715 0.4711906499952085 -43.44308471989614
2.665181032911356 2.9079518779931224 0.4766993817531982 -43.44735743785625
2.554528036621753 2.883445028806305 0.4832326357405315 -43.454439226979744
2.4437570501655497 2.8606251698425758 0.49017924093396875 -43.46167819388068
2.332878766412448 2.8425156675759875 0.49685115846100725 -43.466071917177985
2.2219099238813516 2.828847096089418 0.5028852539123353 -43.467526772731745
2.11087088193329 2.817751845394378 0.5080968104564547 -43.46742478504673
1.999781945296512 2.807324140162875 0.5123108411343853 -43.46711597315695
1.888646769533034 2.7981292251836183 0.5152172842924437 -43.46572531895658
1.7774645978824846 2.7889905122766803 0.516710847500761 -43.464157506489144
1.6662343030411293 2.7793095364250204 0.5166711822858389 -43.4628320089022
1.5549558149970009 2.768762184667991 0.5149935270957029 -43.4619092354901
1.4436317311120552 2.7572276455219287 0.5115915584193355 -43.461335424052976
1.332267327377219 2.7445430897506187 0.506402502872797 -43.461058090333715
1.2208704759140736 2.7304877161917998 0.49937420057175724 -43.46101802293483
1.1094518310634376 2.7148518497889755 0.49044918764942314 -43.461043492749674
0.9980263800176974 2.6978386077163745 0.47954901992878096 -43.46039024340709
