7.887753903165608 2.122806198717921 2.2569820557036455 -24.945613591474626
7.879823974007307 2.1238354175626455 2.259317724901709 -24.945517886649043
7.871869534386742 2.1247593741417408 2.261416847130318 -24.945452860187615
7.863892556918842 2.124907011360975 2.2631930768202597 -24.946081614445937
7.8558957753617795 2.124519156779341 2.264586978802519 -24.947165125882073
7.847882416340468 2.1239232880141574 2.2655834440908746 -24.948390211690814
7.83985574086707 2.123635428500447 2.266206953865681 -24.949263071706206
7.831818699424058 2.1239790711513495 2.2665186311618566 -24.94949519867199
7.823773415798173 2.1253812669194203 2.266607803293075 -24.948698782442143
7.815721093034828 2.1272807908247935 2.2665916255976155 -24.947494837682306
7.807661796443959 2.128895784184723 2.2666289026984003 -24.946723450701356
7.7995939280158915 2.13025630715508 2.266872642569766 -24.946381060389292
7.791514485084296 2.1316137451445005 2.2674605189832717 -24.94625447964829
7.783419041681005 2.133032657464841 2.2684948868927 -24.946309966487632
7.7753022634292925 2.1346381377639876 2.270060346428757 -24.946447705356405
7.7671581086645975 2.1365608234907287 2.272224851987387 -24.94656651831078
7.758979936969528 2.139064902347099 2.275030270847599 -24.946433962262596
7.750760722831782 2.142327169769134 2.27849633017375 -24.94590882053268
7.742493293715015 2.1462625020850945 2.2826334603460623 -24.945117989577895
7.734170307262893 2.150832181064176 2.287438184839874 -24.94413733292828
7.725784308842681 2.155969792238827 2.292894423195849 -24.943067668526027
7.717327814584077 2.1616259050480564 2.2989717190655594 -24.941982747448023
7.708793473034966 2.1677660720852776 2.3056250619639584 -24.94093459629758
7.7001742120954475 2.174353269744947 2.3127967795978783 -24.93997462543509
7.691463346871435 2.181794520437085 2.3203808852372108 -24.93867744813607
7.682655216941865 2.190116459203409 2.3282847457141314 -24.93701366517061
7.67374506151785 2.1990437543878043 2.3364318525887393 -24.93527264525104
7.664728700679756 2.208538306150022 2.3447161293007253 -24.9334818948968
7.655602726825305 2.2176206944033203 2.353102762856044 -24.932674156824497
7.646363499790654 2.2272163846979938 2.3613786908018133 -24.931734336043483
7.637010173146389 2.23702635812973 2.3694594749027393 -24.930813466944066
7.627543472453633 2.2463788169401195 2.377334707839318 -24.93051392434755
7.617964700546288 2.2550996833914576 2.3849697880935663 -24.93095570090231
7.608275672026654 2.263449915763073 2.3923092406433804 -24.93181471992957
7.598478891603384 2.271468065183228 2.399331562135115 -24.933024451637415
7.58857710676394 2.279283407217285 2.4060262973296407 -24.934424399267293
7.578573224236846 2.28701030025914 2.4124030534909022 -24.93587460515942
7.568470156146755 2.2948627009770313 2.418480867739898 -24.93712989052151
7.558270813750575 2.3028906727367495 2.4243032672424314 -24.938131788167226
7.547977846241602 2.3113089164846676 2.4299149738291175 -24.93864553040312
7.537593732145992 2.319957219944862 2.435393266424069 -24.938855309049572
7.527120284331291 2.32861376213766 2.4408275672612882 -24.939026259376412
7.516558548376066 2.3370885599778655 2.4463033403065872 -24.939406100344762
7.505908730262992 2.3454506755312448 2.451879733558596 -24.93998239753975
7.495170282816183 2.3540302221093485 2.457572347344462 -24.94048298503084
7.4843421317101555 2.363133626488763 2.463370028164078 -24.94065246344551
7.473423054585927 2.3726386848855894 2.4692714871357744 -24.94068845152667
7.462411555867995 2.382521583935932 2.4752590923924966 -24.940648674024217
7.451306127277268 2.39256206149777 2.481324845150846 -24.940794695831592
7.4401050868882805 2.4027340572494382 2.4874472496416864 -24.941163960283
7.428806860462725 2.4130983663094683 2.4935991568479854 -24.94168860642347
7.417410120443503 2.4237420251666566 2.499755318774131 -24.942267585810995
7.405913798137038 2.4347172053280297 2.505895859155936 -24.942835365443628
7.394317011923576 2.4460809156919145 2.5120028290020775 -24.943315221558528
7.382619120377488 2.4577653683369056 2.5180696174616775 -24.94376900981264
7.370819604757463 2.469735238368368 2.524088686018724 -24.9442157487274
7.35891810765695 2.4819575925356796 2.5300541217185386 -24.944671045471445
7.346914419424694 2.4944040447235203 2.5359611496351353 -24.945146720665036
7.334808459604167 2.507051881627554 2.541805624141512 -24.94565078214555
7.322600257035507 2.519884302436932 2.5475835922830528 -24.946187698390517
7.31028993113202 2.5328824018069414 2.553291484490198 -24.946767733337822
7.297877664805538 2.5460349312840225 2.5589252295640907 -24.94739530935899
7.285363689934665 2.559339689383265 2.564479082557762 -24.948067620543803
7.272748282009266 2.572819342183751 2.5699442633144716 -24.948754997415868
7.26003178780767 2.5864873191428877 2.575311470059059 -24.949439057305398
7.247214617037387 2.6003282423580947 2.58057287848193 -24.95013694166571
7.23429719147097 2.614352335391925 2.5857196344728 -24.950838197288817
7.2212799505220024 2.628570824706735 2.5907440469089824 -24.951532373165662
7.208163341261861 2.642991706482524 2.5956397807371596 -24.952213053636903
7.194947809092188 2.657620251240391 2.6004017032572695 -24.952876552066122
7.181633792258588 2.672459327775423 2.605025774635163 -24.953521056658218
7.168221718977994 2.6875096131971317 2.6095089496230592 -24.954146117971476
7.154712006282394 2.702769798663734 2.6138490627624424 -24.95475230100785
7.141105059865412 2.7182369310223518 2.6180446951194303 -24.955340794484606
7.127401274646012 2.7339066121680906 2.6220950380507926 -24.955913272808793
7.1136010355315 2.7497733946962057 2.625999741762814 -24.956471556866482
7.099704718473953 2.765830980150274 2.629758777269874 -24.9570175293443
7.085712691497026 2.7820724684388902 2.6333723019981803 -24.957552973632552
7.071625315747468 2.7984905204565065 2.636840545990779 -24.958079497497913
7.057442946537332 2.8150769574465055 2.640163735081012 -24.95859911162848
7.043165933604697 2.831822691130051 2.6433420194741446 -24.959114381063323
7.028794620687346 2.8487219014977887 2.646375291104903 -24.95962340125672
7.014329350035363 2.865767302677124 2.6492633637340566 -24.960125622182886
6.999770462591739 2.8829507524590494 2.652005887699785 -24.960621044973315
6.985118298696003 2.9002634653485715 2.6546023370332295 -24.961109891407986
6.970373198980244 2.9176961145172524 2.6570520386928953 -24.961592414586065
6.955535505460259 2.935238855888023 2.6593542207227796 -24.96206882274018
6.940605562636095 2.9528813147952264 2.6615080749933386 -24.962539278105112
6.925583718581056 2.9706125893949396 2.6635128198750744 -24.963003895624105
6.910470325945262 2.9884212655974127 2.6653677615978255 -24.963462760099716
6.895265742821088 3.0062955087865966 2.667072348690948 -24.96391586742201
6.879970333563132 3.0242229985413562 2.668626223554714 -24.964363293145176
6.864584469260841 3.0421910885428316 2.6700292589354153 -24.964805095481864
6.849108528120432 3.0601868849766363 2.6712815882270005 -24.965241332282197
6.833542895667943 3.078196673781921 2.6723836296890147 -24.965672885604384
6.817887963864165 3.096202736709614 2.6733361184994364 -24.96610551564354
6.80214412578003 3.114191762633579 2.674139997759884 -24.96653969528547
6.786311782070515 3.132151888768477 2.6747963624305497 -24.966974782381207
6.77039133846564 -3.1331134771452005 2.6753065549818245 -24.967409911301267
6.7543832042268 -3.1152447495750764 2.6756721808202246 -24.967844311837787
6.738287791191082 -3.0974381433291276 2.675895089912778 -24.96827744601441
6.722105513206482 -3.079704344536708 2.675977343341189 -24.968708887047363
6.705836785873729 -3.0620539354311047 2.6759211805982894 -24.969138473131352
6.689482026342316 -3.0444972003292854 2.6757289837795653 -24.9695660899881
6.67304165329784 -3.0270441567941684 2.6754032540900825 -24.969991728593797
6.656516086969195 -3.009704477991756 2.6749465869306155 -24.970415409619626
6.6399057492116675 -2.992487471816397 2.6743616519379922 -24.970837174226197
6.623211063574423 -2.9754020329812723 2.6736511797637736 -24.971257046038147
6.606432455446417 -2.9584566500037766 2.6728179524223803 -24.971675050310864
6.589570352175972 -2.941659376106566 2.6718647944182705 -24.97209119476514
6.572625183195483 -2.925017825961888 2.670794568201716 -24.972505478946047
6.555597380112906 -2.9085391375961067 2.669610172389805 -24.972917856176558
6.538487376889253 -2.8922299835692344 2.668314540035734 -24.97332826174074
6.521295609942723 -2.8760965628976556 2.666910636298342 -24.973736612647187
6.50402251822373 -2.8601446106553587 2.665401457583543 -24.97414282642991
6.4866685433220646 -2.8443793587416444 2.663790030821141 -24.974546782809327
6.469234129530124 -2.8288055534174825 2.6620794105877073 -24.97494835185131
6.451719723874721 -2.813427503247103 2.6602726748112784 -24.9753474508108
6.434125776085705 -2.7982490058368383 2.6583729246298646 -24.97574395831515
6.416452738613075 -2.783273371585308 2.6563832780830734 -24.976137742518247
6.398701066583823 -2.768503472831231 2.6543068633860982 -24.97652870854978
6.38087121771729 -2.7539417018801693 2.6521468147875917 -24.976916741246114
6.362963652240122 -2.7395900078735114 2.649906265796394 -24.977301733600598
6.344978832770809 -2.725449942399742 2.6475883409955223 -24.977683624661672
6.326917224188763 -2.7115226197559794 2.645196150147846 -24.978062332938954
6.308779293497415 -2.6978088353713283 2.6427327788717654 -24.978437870561194
6.290565509611885 -2.6843098062060418 2.6402012568822024 -24.978811179949368
6.272276342319321 -2.6710277480278015 2.637604517820713 -24.979184743027993
6.253912262883646 -2.657964372142875 2.6349453203239963 -24.97956023775238
6.235473745179923 -2.645120650526434 2.632226345609758 -24.979938401911433
6.216961266797859 -2.6324970138570527 2.6294502244633353 -24.980319381215047
6.1983753098693715 -2.620093362814439 2.6266195620283654 -24.98070284954443
6.179716361664345 -2.607909158718083 2.623736957108811 -24.981088205831206
6.160984914962296 -2.595943266500793 2.6208050220751837 -24.981474476381855
6.142181468285434 -2.5841939869708086 2.617826393605049 -24.98186041745558
6.12330652513457 -2.572659835612569 2.6148037599100062 -24.982245198177658
6.104360594719758 -2.561339650352431 2.611739834042681 -24.982628467771335
6.085344193087947 -2.5502320448284586 2.6086373286714837 -24.98300983702992
6.066257843548781 -2.539335304963707 2.605498941844479 -24.983388864669486
6.047102076432257 -2.528646059359752 2.6023274061648975 -24.983763646495007
6.027877429726208 -2.5181576329573603 2.5991255547653678 -24.984129043551746
6.008584448836296 -2.507863702795021 2.5958962622994375 -24.98448077527175
5.989223682020752 -2.4977604266099944 2.5926424636573375 -24.984817671599806
5.969795682481789 -2.4878446144880972 2.5893670288811808 -24.985139575176966
5.950301008402192 -2.478113047551938 2.586072726797853 -24.985446577924776
5.930740222193894 -2.4685622726094687 2.5827622152899012 -24.985738791751025
5.9111138894301245 -2.45918866694948 2.579438035852905 -24.986016405610805
5.891422577617745 -2.4499883571061107 2.576102615842518 -24.986279571668597
5.871666855037605 -2.440957408655271 2.572758261018919 -24.98652857736736
5.851847289588687 -2.4320918165972496 2.5694071517826287 -24.986763789239603
5.831964447719318 -2.423387617298493 2.566051337255823 -24.98698572079696
5.812018893466378 -2.414840898535681 2.562692732258805 -24.987194986250223
5.792011187674149 -2.4064478773590503 2.5593331123083667 -24.987392330330728
5.771941887277526 -2.3982049336516034 2.5559741126823767 -24.98757861057763
5.7518115448101526 -2.3901085750108515 2.5526172321031484 -24.98775471284118
5.731620707993081 -2.3821555269512458 2.549263833297694 -24.987921609438963
5.711369919494607 -2.374342650027839 2.5459151543221163 -24.988080236415357
5.6910597168534895 -2.3666670422179092 2.5425723125575685 -24.988231579980848
5.670690632470393 -2.3591259298412157 2.5392363184063793 -24.988376543806623
5.650263193754085 -2.3517167002122012 2.535908087443988 -24.988515978054494
5.629777923314619 -2.3444368391976327 2.5325884535084433 -24.98865061293226
5.609235339303476 -2.3372839839944692 2.5292781782729468 -24.98878112532492
5.588635955711134 -2.3302558305601924 2.5259779699895546 -24.988908053129293
5.567980282742255 -2.323350106201352 2.5226884943865286 -24.989031785417914
5.547268827226811 -2.3165654827435755 2.519410352113913 -24.989153561883093
5.526502092299902 -2.3098998684877303 2.5161441497740307 -24.989273663462242
5.5056805776602324 -2.3033478031410937 2.512890592706369 -24.989388872494438
5.484804780530545 -2.2969047080046012 2.5096503235928336 -24.989497208798042
5.463875194495997 -2.290566831627139 2.506423954747771 -24.98959777181662
5.442892308740201 -2.2843310656141296 2.5032120835013822 -24.989690448536145
5.421856607552346 -2.2781948359578426 2.5000152929630253 -24.989775706498214
5.400768570129218 -2.2721559255781565 2.4968341499090836 -24.989854329017604
5.3796286705251335 -2.266212427820569 2.4936691977603704 -24.98992730235141
5.358437377815738 -2.2603626426322827 2.490520951201229 -24.989995654861865
5.3371951563772235 -2.254605026225311 2.4873898893865953 -24.990060371838354
5.315902466316413 -2.2489381642925457 2.4842764527060024 -24.990122348199954
5.294559763882765 -2.2433606768835532 2.4811810468190467 -24.99018228379952
5.273167502055474 -2.2378712251148585 2.4781040462468886 -24.990240702211153
5.251726131117544 -2.232468498453719 2.4750457980377334 -24.990297950418253
5.230236099222214 -2.2271512151275803 2.4720066310478064 -24.990354226877642
5.20869785296006 -2.2219180300293435 2.46898686792948 -24.99040951427333
5.187111837925879 -2.2167676117354915 2.4659868302050367 -24.99046369312927
5.1654784992050375 -2.2116985839348993 2.463006849293454 -24.990516512609737
5.143798281842684 -2.206709622578968 2.4600472694682316 -24.990567723211512
5.122071631185225 -2.201799293490077 2.4571084615206447 -24.990616933393163
5.100298993260992 -2.1969662381596655 2.4541908196625073 -24.99066382810284
5.078480814980252 -2.1922090407100736 2.4512947686168944 -24.99070804461558
5.056617544383596 -2.1875262947478 2.4484207619361302 -24.990749257868906
5.0347096307793615 -2.1829166048417648 2.4455692804272293 -24.990787189741937
5.012757524813431 -2.178378566876955 2.4427408316626864 -24.99082158993749
4.990761678561678 -2.1739141441445406 2.4399358380857783 -24.990855760743642
4.968722543140047 -2.1695281232015735 2.4371546470937786 -24.990895976223925
4.946640566731169 -2.165218894405454 2.4343978108477566 -24.990941860064233
4.924516199071303 -2.1609848763352644 2.4316658919608405 -24.990993082902754
4.902349891536151 -2.156824502544029 2.4289594615343075 -24.991049343354554
4.880142097185687 -2.152736234775316 2.426279093661661 -24.991110377511305
4.857893270728644 -2.1487185326557694 2.423625360861257 -24.99117592085034
4.8356038684945135 -2.1447698409747327 2.420998831680868 -24.991245689253645
4.813274348393555 -2.1408886405430008 2.418400064072583 -24.991319426640636
4.790905169831343 -2.137073438145791 2.415829603433613 -24.991396886072145
4.7684967936378415 -2.1333227143577984 2.4132879817357975 -24.99147777259607
4.7460496820152445 -2.129635021744106 2.4107757119820876 -24.991561838622793
4.723564298439777 -2.126008905542764 2.408293287304664 -24.991648798181025
4.701041107601649 -2.122442980048213 2.4058411783981866 -24.99173840321295
4.678480575293689 -2.118935828252364 2.403419834966495 -24.99183033875319
4.655883168362477 -2.1154862069692637 2.401029681087427 -24.991924432661634
4.6332493545924915 -2.1120924265845558 2.3986711311546864 -24.992020017090333
4.6105796028848145 -2.108753561818071 2.396344572569853 -24.992116981902868
4.5878743857149775 -2.1054697619673206 2.394050564362292 -24.992216010646395
4.56513418155855 -2.1022414545171086 2.3917897853003227 -24.992317851911288
4.5423594760960055 -2.099069085308706 2.3895629939520666 -24.99242314408579
4.5195507627348865 -2.0959611577820296 2.38737079496878 -24.99254077071921
4.496708537796944 -2.0929176728077468 2.3852140005946194 -24.992670865372062
4.473833301936469 -2.089936560000599 2.3830936452439966 -24.99281126133652
4.450925565397015 -2.0870174217676647 2.381010864204084 -24.992961285188755
4.4279858511694545 -2.084160323517098 2.378966831719177 -24.993120580725822
4.4050146961640095 -2.0813645116719854 2.376962737530464 -24.99328789471761
4.382012651793098 -2.078625449214868 2.3749998136779964 -24.993458137751823
4.358980284975526 -2.075942536322786 2.373079108170051 -24.993630350269257
4.335918172330221 -2.073315242772925 2.3712014133258483 -24.993803529163593
4.312826899157255 -2.0707430755165395 2.36936731685065 -24.993976721599793
4.289707058319958 -2.068225565272293 2.367577238699381 -24.994149137740173
4.266559248808114 -2.065762131498444 2.36583145896392 -24.99432013012558
4.243384073977446 -2.063352020731816 2.3641301380269444 -24.99448923065969
4.220182139438305 -2.0609942304412847 2.362473329492705 -24.994656149948995
4.196954050666141 -2.0586861079670458 2.360861012945526 -24.99481939496384
4.1737004110874585 -2.056425813457636 2.3592930559506993 -24.994978805366706
4.150421819092591 -2.054211230140396 2.3577696152073577 -24.99513443620235
4.127118870602351 -2.0520399327910646 2.356291171811119 -24.995286539521885
4.1037921604058205 -2.0499096188754895 2.354858499188044 -24.99543591846033
4.080442282564267 -2.047818122642747 2.3534726040772904 -24.99558378610653
4.057069830554723 -2.045763406120716 2.352134651905305 -24.995731586044506
4.0336753973340205 -2.0437436337662724 2.3508458755159207 -24.995880888985397
4.0102595751904255 -2.0417571756524575 2.3496074759510432 -24.996033222410055
3.986822955420505 -2.0398026581460402 2.348420519942484 -24.996189966683914
3.963366127768746 -2.0378790121540833 2.347285841866523 -24.9963522794702
3.939889679606469 -2.0359854013074443 2.3462039547523386 -24.996520934028347
3.9163941948150587 -2.0341212639002264 2.3451749803086055 -24.996696319273454
3.892880252440966 -2.0322850254605545 2.344198613883069 -24.99687713322492
3.869348425652148 -2.0304783724835116 2.3432740569532045 -24.997064777819034
3.845799278977361 -2.0287057529976167 2.3423999457831326 -24.997262956438192
3.8222333638427495 -2.026966181829844 2.341574514520545 -24.997469482504023
3.7986512187974824 -2.02525611828403 2.340795659695873 -24.997679357755885
3.7750533690880745 -2.0235689657977844 2.340061032248022 -24.997884427304626
3.75144032747875 -2.021910462620947 2.3393675809594154 -24.998089108393216
3.7278125851788775 -2.0202777089803896 2.3387104274843997 -24.99828908876144
3.7041705920000956 -2.018646751946121 2.3380829006076795 -24.998459181291018
3.68051474461623 -2.0170032715121446 2.337476227503947 -24.99858493580622
3.656845369077998 -2.015334199708035 2.3368797376727524 -24.99865516954639
3.6331626852461616 -2.0136199898788525 2.3362807873968854 -24.998653619431614
3.609466783377429 -2.0118516590405573 2.3356652239249756 -24.99857615513536
3.5857575995979554 -2.009974423241877 2.3350194551363126 -24.99837314275635
3.5620349357324077 -2.008007044837883 2.334330392718463 -24.998070054488608
3.5382984606541577 -2.0060422565684717 2.3335879571714675 -24.997768495166007
3.5145477167380332 -2.004122740274548 2.332789329430471 -24.997521878632213
3.4907821485402817 -2.002255800065898 2.3319367530899533 -24.99734551621475
3.4670011585463087 -2.0003783805186695 2.3310371845668283 -24.997179719373477
3.4432042001830445 -1.9985220773831018 2.330100264485931 -24.997056949390554
3.419390823087788 -1.9967238247100156 2.329141108186924 -24.997012755957485
3.395560716273102 -1.9950321901172032 2.328179387939063 -24.997089569755424
3.37171376895936 -1.9934652627652079 2.327239734056379 -24.997293042298153
3.347850162446286 -1.9919095977256034 2.3263528918011547 -24.99749001856737
3.3239704699089243 -1.9903898092686394 2.3255516878655267 -24.99767939949922
3.300075678836833 -1.9889588174742723 2.3248660165522805 -24.99788131395917
3.276167173675997 -1.9876837305348465 2.3243195271033503 -24.998125882385644
3.2522466997310735 -1.9867046350349933 2.323927868492724 -24.99852043682405
3.2283162422362928 -1.985998281441523 2.323700565966405 -24.999013728736415
3.204378016564627 -1.9854291377660547 2.3236405254677734 -24.999454056131086
3.1804343600873706 -1.9850480281792653 2.3237446334578293 -24.999888957911537
3.156487568284442 -1.9848190526991945 2.3240026264369438 -25.000287878246432
3.132539810607579 -1.984674481443297 2.324398589187984 -25.000595711478674
3.1085930579847414 -1.9845866600807653 2.3249139293569057 -25.000803757337714
3.0846490389476164 -1.9845535820449616 2.325529331450765 -25.000937081243066
3.0607091869077556 -1.9843979648011572 2.326226469989117 -25.00085210402399
3.0367746804514475 -1.9833182707526993 2.3269890201414087 -24.99979099129527
3.0128466572697237 -1.9812721400298923 2.3278073702560724 -24.997759458496233
2.988926000458905 -1.978964109640464 2.3286763524892815 -24.995513920488925
2.9650130626681843 -1.9769385802033417 2.329587146673515 -24.993655396100692
2.9411076346429756 -1.9750871543096664 2.330515680817816 -24.992126742265846
2.917209022766387 -1.973114728536752 2.331431253803799 -24.990663683353986
2.893316197198613 -1.9708529783842017 2.3323057669284863 -24.989106841616994
2.8694279136497243 -1.968392851911205 2.3331164754157765 -24.987538353651765
2.845542772405367 -1.965920576845593 2.333841404011744 -24.98612510818628
2.821659209748259 -1.9635469477356085 2.334454431596176 -24.98495045304231
2.7977755100996315 -1.961484211671353 2.334929756009529 -24.98419737646332
2.7738898080569276 -1.9596975848104485 2.3352468291928568 -24.983799887235328
2.750000165987293 -1.958171215339737 2.335401054485292 -24.983709178090038
2.726104741395261 -1.9568066425702464 2.3354021836386063 -24.983794002631598
2.7022019444769265 -1.9557329708137694 2.33527448494772 -24.98415529693297
2.6782904885465424 -1.95477458277672 2.33505494762237 -24.984588500140113
2.6543696079564163 -1.9540249226937767 2.3347961740307794 -24.985163273258294
2.630439118118833 -1.9535553348745236 2.3345593408478695 -24.985920824224692
2.606499505991269 -1.9530716046455165 2.3344066911555976 -24.986520351691475
2.582552142972545 -1.9531718024977147 2.334395446146714 -24.987519782446597
2.558598941612256 -1.9540296215729889 2.334578157822872 -24.98904973281136
2.534642494179667 -1.955399564145376 2.3349959105864877 -24.990834974942224
2.5106860025766173 -1.9569822467436646 2.3356803313498258 -24.99256559981456
2.4867331125302465 -1.958666398959109 2.336652137959535 -24.994130201917102
2.4627876961913175 -1.960350549823235 2.337917294633303 -24.99543370008771
2.438853674820941 -1.9619733003589948 2.3394713782117367 -24.996429066833002
2.41493486967642 -1.9637025782363269 2.3413065446620753 -24.99730491155647
2.39103485900708 -1.9655740756740652 2.343409877850915 -24.99812597695513
2.367156950557352 -1.967421018783285 2.345765274652501 -24.9987640395088
2.3433041896109392 -1.969234791242084 2.348362803212146 -24.999252088743965
2.319479348864311 -1.96953569404215 2.3511509972008935 -24.998173851609707
2.2956849676996014 -1.9681907560108012 2.354112239133256 -24.99544213819859
2.2719232079517364 -1.965897527581775 2.357245699556377 -24.991784593990893
2.248195766310409 -1.9619304013122654 2.360492280198619 -24.986521357754995
2.224503807058107 -1.9570943679719282 2.36382972802906 -24.98047812474117
2.2008478320261013 -1.9538150002474364 2.3672762969620558 -24.976092827219688
2.177227521426987 -1.9522580687090998 2.370746915500421 -24.973587033587116
2.1536415267181908 -1.9520986336708694 2.374116470788359 -24.972675820747398
2.1300873469780353 -1.9527369446530947 2.3772537942243406 -24.972783201096362
2.106561447270939 -1.9533425872869965 2.3800422198541433 -24.973085229745337
2.0830595534648864 -1.9533749611950362 2.382398272874611 -24.97302636080596
2.059576930474119 -1.9528680929726874 2.3842984927769657 -24.972606035190957
2.036108711700465 -1.9513560857456664 2.3857447383704544 -24.971313674644406
2.01265035982479 -1.9487506757539066 2.386770493298822 -24.96901292703209
1.9891978022904468 -1.9456352332919935 2.387423241710648 -24.966243882599116
1.9657472705249976 -1.9439127612829261 2.387746927162084 -24.9648776043959
1.942294705854576 -1.9434502312302682 2.3877744938492946 -24.964734991729188
1.9188366770888545 -1.9434983904916063 2.387569464385316 -24.96502208415815
1.8953708962021256 -1.9437695861443747 2.3872277897607703 -24.96542244801841
1.8718962994872508 -1.9444072076005872 2.3868618466889084 -24.966063906008408
1.848412881762227 -1.9459688673974243 2.386584444711888 -24.96747345196504
1.824921595202347 -1.948903596131858 2.3865077989015147 -24.970049259253223
1.801424573222672 -1.9522667570940393 2.386747996877881 -24.972780381337166
1.7779257485739588 -1.9556821952917713 2.387393843285383 -24.97523700462491
1.7544304053270412 -1.9587784659267111 2.388489471674575 -24.976990594735533
1.7309446865487996 -1.9619829637832573 2.390054093054904 -24.978414921863894
1.7074748234943113 -1.9657060287060186 2.392086956619947 -24.979880592686044
1.6840269436096829 -1.9699988845468763 2.394564941526386 -24.98142108164369
1.6606070047646024 -1.974326115268031 2.397436697880422 -24.982513736319113
1.6372206621543164 -1.9785242089383195 2.4006486124197224 -24.98302069953182
1.613873078432187 -1.9831201096316609 2.4041747790562753 -24.983500203224523
1.590568774848107 -1.9880218108331935 2.407981535711984 -24.98393024202671
1.5673117742833227 -1.9916967714690126 2.41199459070286 -24.982910671225618
1.5441056115827452 -1.9934799781318309 2.41618456656652 -24.979887374210293
1.5209531512710261 -1.993969656450389 2.420574973812302 -24.97552240940996
1.4978565097299608 -1.9941191652051244 2.4251828634722474 -24.97081485726799
1.4748171491343869 -1.9946866437497053 2.4299826140280936 -24.966559829009043
1.451835851165074 -1.9976578367457682 2.43497749676803 -24.96474815045726
1.4289124573061551 -2.001850435616041 2.4400039832847353 -24.964326933450018
1.4060458191871366 -2.006919800088189 2.4449422263576523 -24.965046273212586
1.3832336160736296 -2.011684851323528 2.449642536086265 -24.96584233200474
1.3604723173021964 -2.0157391909396996 2.4540017105318297 -24.966365682345817
1.3377572642376163 -2.0192900221899515 2.4579542231869214 -24.966844666927386
1.3150827570025025 -2.022332693571389 2.4614396831372387 -24.967276164796722
1.2924426044745323 -2.0244953626398856 2.4644067550867432 -24.9672608482339
1.2698305888028893 -2.024658765864757 2.4668351564749726 -24.965598709096525
1.2472411397263827 -2.0225414307798952 2.4687717982165442 -24.96188393506157
1.2246694496135235 -2.0187167145434843 2.4702999915788895 -24.956560635568493
1.2021113057691892 -2.0159964150453864 2.4715224200359684 -24.952354747208034
1.179561731639546 -2.0169075170632467 2.4725070284143458 -24.95172020459114
1.1570151479284858 -2.019169064930377 2.4733024672992707 -24.952205225142983
1.134468881696679 -2.0224490166731863 2.474019841812106 -24.953343563911716
1.1119226166284673 -2.0273345357367876 2.4748087272749757 -24.955594238677335
1.0893784500557815 -2.0327443578304445 2.475805184392623 -24.9576921887585
1.0668413703303359 -2.038068327583559 2.477107564903911 -24.95884604063219
1.0443187686326822 -2.0439458578677097 2.478772087220424 -24.959526137778084
1.0218188844384757 -2.050405370180793 2.480810355585823 -24.959629252235416
0.9993506693763099 -2.0580858641213466 2.4832182877998266 -24.959682212400068
