7.845487278790219 0.23237156147591304 1.957990131285585 -33.68807897713433
7.80395524283006 0.2384992968545297 1.9608716215752788 -33.68513020892878
7.762460648967599 0.24685676014825364 1.9634554050960853 -33.68004671492031
7.7210174162287 0.2524708652718845 1.9658065341497974 -33.6778557508583
7.679633488147097 0.255417737168032 1.9678695024223354 -33.67834347852195
7.6383077892590485 0.2586824398340659 1.9695405197836895 -33.67825856503299
7.597031282531056 0.26100185253539016 1.9707923278356072 -33.678724990958074
7.555795178049624 0.26304747172027954 1.9716306069223897 -33.67890761553144
7.514588056303307 0.2652624806035353 1.9721110297936562 -33.67824095380175
7.47339632564506 0.26682202968657276 1.9722946174081293 -33.67745370730413
7.43220329859411 0.26697470371820325 1.9722365474962613 -33.677212989144266
7.390990476776749 0.264691514831891 1.971995420437575 -33.67847593783161
7.34974023209165 0.26103999880939005 1.9716909076911417 -33.68017688132297
7.308435291839413 0.2563925956128354 1.9714504129069428 -33.68197366517401
7.2670603271516505 0.25080663675354137 1.9714277146140318 -33.68384352162843
7.225601285313827 0.24399271563293912 1.9717968740142362 -33.68609379073516
7.1840446610543065 0.23602695223333095 1.9727359002027156 -33.68867811838132
7.142375819223536 0.22689400908345203 1.9744190392062226 -33.69163650907846
7.100579421084784 0.21651368577192331 1.976995678616679 -33.6950756635828
7.058638867585096 0.20435404212023314 1.9805751819393491 -33.699531630832205
7.016536725212906 0.19127185466757654 1.9851807589395256 -33.704290848178374
6.9742556563997455 0.17945162148912105 1.9907193389805855 -33.707477821350345
6.931781787891713 0.1703680422051891 1.9970438340523953 -33.70786873447177
6.8891075794516095 0.16294489784904787 2.0040814564950624 -33.706566913311605
6.846227019943625 0.15583095839628908 2.0117008167989208 -33.70490214848668
6.803131055501055 0.14902714354309143 2.0197016328312425 -33.70294720629534
6.759814515987895 0.14226400635255218 2.0279347469113307 -33.701009354397
6.716278328956588 0.13316580112748336 2.0364354840044627 -33.70133720972206
6.672524703916399 0.11981265221509001 2.045192307203049 -33.70577744169613
6.628558559251848 0.10735453879969852 2.053687011680631 -33.709674910016865
6.584401062080327 0.09795968870158812 2.061658919962473 -33.71106153517431
6.540075847418197 0.08990888672951854 2.069121643739705 -33.71151550127486
6.49559723518095 0.08198564160600429 2.0760382410412137 -33.71213711972804
6.450974687958824 0.07431305721316112 2.0823132906668507 -33.712786531327964
6.40621659019601 0.06694027748650938 2.0878939016778326 -33.71339008772343
6.361330183670393 0.06030449943649763 2.0927420870170224 -33.71350878791781
6.316322260409494 0.05476193304585493 2.096860004223366 -33.71277233200808
6.271199864850771 0.050250685856881826 2.1002978796876675 -33.7111928567718
6.225970943705473 0.04567988655317332 2.1031462679303647 -33.70973794463956
6.180641720690804 0.03998009306139071 2.1054624548377245 -33.709334727273095
6.135214527346888 0.032978171098889814 2.107298308615405 -33.71005298105772
6.089687005296034 0.025702053155234366 2.108733276935511 -33.710835605941156
6.044052680961305 0.01868870625315416 2.1098405881681535 -33.71111948591527
5.998304163495745 0.01167182927324527 2.110665457374847 -33.711130528057424
5.952434543926888 0.004704649744419179 2.111239483916916 -33.710813569453904
5.9064376273232115 -0.0024054885233841493 2.1115982444530057 -33.710345452492085
5.860308031017094 -0.00957661766182611 2.111782109827046 -33.70965323942977
5.8140411196558865 -0.01679856331456193 2.1118325003673353 -33.70873727621512
5.767633144820586 -0.02431880828322212 2.1117903944921457 -33.70784145621141
5.721080739052716 -0.031844450495648643 2.111700089304724 -33.706720735965256
5.674381308615571 -0.03978173528710915 2.1115872094001706 -33.70578077061234
5.627531517364589 -0.048123452207890126 2.111462469758309 -33.705054204894644
5.580527312856173 -0.0565972964164328 2.11131954044974 -33.70433521841105
5.533365428747075 -0.06523789447159387 2.1111265374124644 -33.70369663178985
5.486043412448816 -0.07387565287393076 2.1108401302520345 -33.70302343603394
5.43855923345557 -0.08256937793062888 2.110435094383676 -33.702413586495005
5.3909119468303714 -0.09154238804693514 2.1099022086195904 -33.70211930716798
5.3431012040032835 -0.1004955229937872 2.1092536824530517 -33.70190938248001
5.29512805901219 -0.10870582437723425 2.1085160249827415 -33.701160199098155
5.246996065861398 -0.11676294686117644 2.107709988119161 -33.700451476635514
5.1987104801841415 -0.12485001205472447 2.106875762619917 -33.69999123923498
5.150277953314199 -0.13289094879154986 2.106054470373446 -33.69974273833624
5.1017057746027605 -0.14091009343605884 2.10526921267093 -33.699750040133196
5.053001497932999 -0.1491384639363009 2.104525110394568 -33.70024004418389
5.004172182278159 -0.15731486448496915 2.103824904041755 -33.70097328944974
4.955224260085047 -0.1653201205031737 2.103155328269649 -33.70182827227006
4.90616372279477 -0.17309322165626725 2.102492807552187 -33.70272887644673
4.8569960312598495 -0.18049490521368394 2.101809791080646 -33.70352000996088
4.807726258004484 -0.18735834668563756 2.1010777014943036 -33.70401716967145
4.7583590389605614 -0.19397939332479372 2.100258928835271 -33.7044705719387
4.708897540496817 -0.2001145834637945 2.0993236709178267 -33.70461996413162
4.659343701613637 -0.2057480836530112 2.098236780359607 -33.70441789696786
4.609699018845826 -0.21145711181310095 2.096946116443598 -33.70437962797918
4.559963980003219 -0.21723738856480054 2.0954180600599797 -33.704472539522094
4.510138316822433 -0.22299329549151806 2.0936345281550905 -33.70458638526099
4.4602213816793155 -0.22863779384383767 2.091592178755238 -33.70462384414319
4.410212367646289 -0.23415062731668262 2.089305656432684 -33.70455614060772
4.360110622330501 -0.23952598066858213 2.0868009694994147 -33.70437346446188
4.309915779804838 -0.2448349319675217 2.0841080450005522 -33.70414408005297
4.259627724425315 -0.25011874126320566 2.08126344738194 -33.70391252316571
4.209246107460576 -0.255398207345824 2.078305982313197 -33.70370896272005
4.158770185908148 -0.260619886663026 2.075280292661755 -33.703495121780996
4.108199249906268 -0.2657214034201189 2.0722333389509218 -33.703219637714476
4.057532735410635 -0.2706832968044694 2.0692081730072096 -33.702862930759274
4.006770287056482 -0.27549490893567574 2.0662420619324964 -33.70240425920586
3.9559117331528055 -0.27992484815418817 2.0633733924099342 -33.7016040479385
3.9049572160363692 -0.28389733191157873 2.06063229100741 -33.700366986102296
3.8539075211349396 -0.28775358666282047 2.0580330209641406 -33.69899956528102
3.802763963408727 -0.2919911479989108 2.0555781763358247 -33.69796932761376
3.7515274895059063 -0.29672945624755 2.053270007939687 -33.697397509500945
3.700198293592146 -0.3015379560057863 2.0511093941706404 -33.69689248496033
3.648776056882619 -0.30618803109959253 2.0490744300605694 -33.69626242527508
3.5972610392372677 -0.3106666005980095 2.047138170654278 -33.695529852296666
3.5456549106104855 -0.3152292511563188 2.04527137811764 -33.69498690210144
3.4939608950264187 -0.32114140020545967 2.0434387328057313 -33.695909502578154
3.442183656844949 -0.3282430403989955 2.041677653543406 -33.698209655941106
3.390327733750433 -0.3361045096118755 2.040027214806103 -33.70153788748128
3.3383975746276993 -0.34433672245393326 2.038518113158739 -33.70558409580148
3.2863985585595588 -0.35149710348756413 2.037204684068628 -33.70900855909532
3.234337644673449 -0.3572447756692988 2.0361182686674026 -33.7115124146389
3.1822231452181358 -0.3617993922803286 2.0352899017702852 -33.71331709265796
3.1300646378063117 -0.3653540991112195 2.034754809946717 -33.71459949947593
3.077872231727087 -0.3685218964461769 2.034535392083565 -33.71593827942427
3.025655667856265 -0.37137758974037977 2.0346526722688036 -33.717372608030196
2.973423833478819 -0.37399644539743643 2.0350981379069557 -33.71893047712631
2.9211844524102353 -0.37617168401398005 2.035830305737223 -33.72034967619624
2.8689438239591287 -0.37729564322088355 2.0367729486283848 -33.72095992526419
2.816707256192872 -0.37801691969649 2.03783811992813 -33.72135170356714
2.7644791240798594 -0.37666824472037724 2.038950231777588 -33.71978783272815
2.7122618628553172 -0.37364588987721303 2.040026641235425 -33.71660059187972
2.660055756196039 -0.3706426791168858 2.04096226214509 -33.71342963697553
2.607859454292614 -0.36838573295860033 2.0416478530152924 -33.71093784096046
2.55566985606574 -0.3684452090333053 2.0420138102825565 -33.7106347039884
2.5034826302910003 -0.3690113642968727 2.042068508840414 -33.71063097199638
2.4512924968095846 -0.36957740988775634 2.041823335032542 -33.71036702540072
2.3990935779426175 -0.3700494205653891 2.0413000191888613 -33.70972611585969
2.3468803401197613 -0.3704607625860747 2.0405353569429656 -33.708736571391505
2.2946480087624392 -0.37097559188106816 2.0395793089133556 -33.70756870718275
2.2423926007294015 -0.37172544321677686 2.0384930304323547 -33.70637039563139
2.190110821901614 -0.3728529771577051 2.037339961992101 -33.70530941224757
2.1377998022391282 -0.37431980341372967 2.0361791836479903 -33.70438497679142
2.085457293938137 -0.37643408080849255 2.0350413674345447 -33.703945279573
2.033081753921426 -0.3789075790967026 2.033969354297803 -33.7037613138859
1.9806721109571104 -0.3816847003497837 2.033019561249277 -33.70384314729946
1.928228329644156 -0.38481040214892054 2.0322884940033656 -33.704302131692145
1.8757518476877606 -0.38796395319284793 2.031895691682218 -33.704896911783365
1.8232452268380421 -0.39003646454667357 2.0319456265579823 -33.704613054076425
1.7707123531559192 -0.39134810495394906 2.032484805763441 -33.70383498684486
1.718158632704344 -0.39216254597374256 2.0335669836107035 -33.70287280888708
1.6655910162765075 -0.3925129775789361 2.035256784788707 -33.70178739173553
1.6130173219651984 -0.39250843138756025 2.037610107458436 -33.700696860223125
1.5604458873151696 -0.39227872728221164 2.040663847928359 -33.69972171231308
1.5078851528036967 -0.39191955714933563 2.0444297280931347 -33.698931565961544
1.4553432177252004 -0.39166290926266184 2.048892166723322 -33.6985209756757
1.4028274830577956 -0.39137216373876715 2.053988908855869 -33.69830306397856
1.3503443011675171 -0.3911097479769428 2.059639555123596 -33.69828937883143
1.2978990172363296 -0.3909103539575711 2.0657444677505588 -33.698469010176126
1.2454953400365967 -0.38953584644198186 2.072114460469 -33.6975569654761
1.1931355423373406 -0.38778167904218835 2.078643275870438 -33.69636370326139
1.1408224593032157 -0.3862202682211793 2.0852316315379427 -33.69549379081633
1.0885591016798668 -0.3848281003379559 2.09179562067092 -33.69493901723997
1.0363483826796653 -0.3833909130438401 2.0982795848976195 -33.69447366678749
