7.756307201924795 -1.2491800305815803 1.0563255554010162 -53.54612101759522
7.688277172557962 -1.2533794243795968 1.0554956019486068 -53.54433029080217
7.620271720120593 -1.260465758774585 1.0553675070545776 -53.54514361808811
7.5523000982696225 -1.266066951329009 1.0558497479661895 -53.54474104753061
7.484360130939585 -1.2699457615098708 1.0569390186071397 -53.54313365203963
7.416443913428554 -1.2731664429600626 1.0586377709845052 -53.54151888543515
7.348544503188897 -1.275783565727628 1.0609120642263514 -53.5400552556937
7.280655637883138 -1.277835058911768 1.0637198457881052 -53.53880080354769
7.212771749103081 -1.2792244690034174 1.067016056338346 -53.53761026694675
7.144888123889585 -1.2802003263040003 1.0707756768624206 -53.536628863341946
7.07700351919299 -1.280835909872556 1.0749722612224897 -53.53576804241274
7.009121049622122 -1.2795797356397418 1.0795038562158459 -53.53327804851124
6.941246668877631 -1.2779390526446934 1.0844315059418534 -53.53044442761887
6.873396872270021 -1.2784570396497081 1.0898878222370894 -53.52955424592162
6.805587135790326 -1.2810187053524251 1.0959484898363583 -53.53017340531075
6.7378295344988635 -1.2848417740788922 1.102654060428201 -53.53125729610824
6.670132525460307 -1.2898175413119846 1.1101338468111572 -53.53250959644789
6.6025043991919645 -1.296444431611355 1.1185569799113246 -53.534314664532005
6.534957811423194 -1.3037906485932806 1.127944683011216 -53.53573796716078
6.467506380310171 -1.312107593926144 1.1384120482543432 -53.53702832921239
6.400165621047694 -1.3217769270916537 1.1500884972294596 -53.53858570877327
6.332951971042655 -1.3322754265166112 1.162984692771559 -53.53999429254649
6.265880900196645 -1.3421171889952184 1.176923638795478 -53.53999394151942
6.198965009005705 -1.3501709491550826 1.1916851954563543 -53.53770237771493
6.1322162161292395 -1.3582316472497367 1.207442972987255 -53.53491513726858
6.06564881502435 -1.367226738952679 1.2242639043377128 -53.532613152922174
5.9992770962191475 -1.3773614608575913 1.2420773773032872 -53.53112107934352
5.933111488292375 -1.3885667047087622 1.2607164740545587 -53.53052468830652
5.867156140495409 -1.3988596721442048 1.2796480663087537 -53.52916746861412
5.801406942277845 -1.4088194714110631 1.298800103233472 -53.52767629650299
5.735861926501228 -1.4188355496310496 1.3180456606722522 -53.52650527094444
5.670519133276424 -1.4270459784959466 1.3368189293350883 -53.52405936197491
5.605370628003392 -1.4336887369327664 1.3549540198037024 -53.52063382422794
5.540408904108778 -1.4391392682973185 1.372318804780494 -53.51664525967028
5.475626970218125 -1.4442163731223794 1.3888630677174145 -53.512908027894895
5.411018112214053 -1.448644514567204 1.4043651142344198 -53.50921321230907
5.346573320750021 -1.4530364180605555 1.418772246273835 -53.50615540169435
5.282283492331013 -1.4573786276172986 1.4319742929841306 -53.50373130338125
5.218138241422431 -1.460854147097001 1.4438103368686772 -53.501158290687336
5.154124111074491 -1.464783644481069 1.4544224944093533 -53.49966648022312
5.090229030406228 -1.4684383934495786 1.4637505282490908 -53.498525414984734
5.026438390974175 -1.4721501747470103 1.4719097441498055 -53.49799962061064
4.962738579659102 -1.4749994228229837 1.478972445575745 -53.49712762276219
4.899117488874403 -1.477032820655258 1.4851557705555176 -53.495867784454596
4.835567778371396 -1.4789048792788944 1.490777233624854 -53.49475678314409
4.7720869536929555 -1.4834953195452727 1.4964046866831218 -53.49648407015683
4.708676239520695 -1.4910667442224796 1.5025461979071622 -53.50117143754094
4.645335347290719 -1.4991713365602723 1.5094618790941998 -53.50634465171131
4.5820649198808 -1.5095591319167452 1.5176694469870124 -53.51367416339595
4.5188750780142115 -1.520947659666136 1.5273670115184768 -53.52187824059905
4.4557792255897315 -1.5347513047492358 1.5389227519340443 -53.53231833458451
4.392796003716984 -1.5506047935414615 1.5524970013517643 -53.54461261752563
4.3299455832000415 -1.5669798913623865 1.5680357321914673 -53.5572469694029
4.267248152268474 -1.5810989263433235 1.5851665664648336 -53.567499967390646
4.204720900147901 -1.5909897790507965 1.6034546194711414 -53.57345022110384
4.1423769724181705 -1.5962376934796514 1.6225834633673917 -53.57470984034234
4.080226551744549 -1.5986764095518886 1.6425859337576727 -53.57308709724567
4.0182804625471835 -1.6012889613958974 1.663743106079501 -53.571511383628284
3.9565511320404676 -1.6034092027099696 1.6856175907311057 -53.56939892521644
3.8950462224516444 -1.605005564709201 1.7078871234602326 -53.56678914749273
3.833769430845813 -1.6071802827519082 1.7305035466270795 -53.56483149151905
3.77272352139622 -1.608937372001259 1.7529060081924597 -53.562683983682845
3.7119053781213838 -1.6099152052580765 1.7746401615366347 -53.56013871971124
3.6513062997268433 -1.609675136133716 1.7952954359128654 -53.556919862439905
3.590913483600918 -1.607910769200471 1.8145111193566035 -53.55285769001085
3.5307118731222205 -1.6049330939050896 1.832114278748189 -53.548351011703936
3.4706857150036954 -1.6005968541848261 1.8478763824033628 -53.54330146569511
3.4108172039350655 -1.595373305950981 1.8616958303181055 -53.53817908986324
3.351087828324986 -1.5936721144724366 1.8739833586317607 -53.53739867568695
3.2914821495708138 -1.5935292364606195 1.8842400520163425 -53.53889096256361
3.2319793406650836 -1.5968914186638221 1.8925923763207408 -53.54450736684836
3.1725596311805884 -1.5993835791631066 1.8987474484379083 -53.549584472068645
3.1132007944293503 -1.5961508074904294 1.90271484343762 -53.548925412443964
3.053881361501093 -1.5918297055145367 1.9050629201522467 -53.54715846532268
2.9945848888918034 -1.5866576451507939 1.9061917872727694 -53.54440254490339
2.93530012226286 -1.5819641933052948 1.906549762268167 -53.541894905745075
2.8760206315306194 -1.5789757301916252 1.9066427101356989 -53.540766272632894
2.816743940236323 -1.5787578103908695 1.9069335698769923 -53.54206775863865
2.7574703317338836 -1.5788765491108774 1.9077905646613684 -53.54329363982514
2.698204598485116 -1.5803706135455056 1.9094435402546948 -53.54547095323826
2.6389554939776536 -1.5820712035357383 1.9119650578468226 -53.5473835178935
2.579733952792791 -1.5846083562431128 1.915383904601674 -53.54965185869161
2.5205519459040735 -1.5920287961022177 1.9198475144520804 -53.556292812454004
2.461422898012436 -1.6059780109072699 1.9254305605732474 -53.56889411209655
2.4023608894322837 -1.6138946058856154 1.9313444736105072 -53.57511551458691
2.3433736046985296 -1.6143309166132804 1.9372730525961155 -53.573682218534564
2.284464889657729 -1.6122828251137584 1.9433553167450481 -53.56962021429432
2.225636829655663 -1.6070364572341997 1.949428312120811 -53.56238884741216
2.166886182223609 -1.602740003472379 1.955788845723826 -53.55614178503776
2.108213101679528 -1.6049630940485173 1.96289770415226 -53.556454083300515
2.0496228836872206 -1.607657149201613 1.9703017293071527 -53.55766491414677
1.991118903286651 -1.609231845384356 1.9777969583309367 -53.5584282190524
1.932703780681022 -1.6100780567754907 1.9853126584123386 -53.55927958647793
1.874380013576135 -1.6099720350276463 1.9927299079390266 -53.56011299914646
1.8161494257981732 -1.60898084883429 1.999948211083457 -53.56107640781845
1.7580131063619657 -1.6072769393317232 2.006880178057878 -53.5623957919642
1.699971765465211 -1.6047193968323281 2.0134153285838803 -53.5639561156503
1.6420256852991 -1.6008186011846866 2.0194197583910167 -53.56524922162843
1.5841740388556544 -1.595338804916293 2.0247792644623264 -53.56598223797594
1.5264142642594047 -1.586274268296051 2.0292704013462295 -53.563969603819096
1.4687414308694238 -1.577051278118213 2.0329709444720963 -53.56262052634903
1.4111460589404201 -1.5680705308560106 2.035698474605701 -53.56213861042819
1.3536180339658013 -1.5581712987716776 2.037287390168947 -53.56109012993465
1.296151097871362 -1.548424736581524 2.037760639880223 -53.56040968160081
1.2387399252700673 -1.5384890823025803 2.03713338410034 -53.559568527616825
1.181382241500647 -1.5279085543679525 2.0354747863770233 -53.557987818124985
1.12408223722402 -1.5178383847643517 2.0328749968845683 -53.556840216899836
1.0668484699204164 -1.50799261428196 2.0294425596871375 -53.55590582850103
1.0096941686608683 -1.4982616655941865 2.0252643440890163 -53.55526709749675
