7.847893875034106 -0.00220356800279625 1.4290929460745505 -13.728643777210017
7.740876884764194 0.0007674456574578183 1.425182780024852 -13.724111143301885
7.633811064439925 0.0001437646557139282 1.4230019895391774 -13.722757045580188
7.526724437016937 -0.0005222447374594122 1.4230456064870791 -13.721256347778727
7.419633355603457 -0.0012307167334480486 1.425371640771758 -13.719692500590016
7.312541453967242 -0.0020299502005975668 1.4298655958170243 -13.71815897396237
7.205449669072298 -0.003983442265145757 1.436343387351545 -13.717725062252127
7.09835686109693 -0.0051520959999245795 1.44442235002811 -13.716528398937081
6.991256547736808 -0.004144648373293604 1.4535932835141174 -13.713194846373236
6.8841497867241745 -0.0028715187744709826 1.4635136224559893 -13.709535477451473
6.777042910664308 -0.0016051092937669808 1.4737526822451312 -13.705746991507676
6.669963085353184 -0.0036070592520299656 1.484165908427616 -13.704898119808654
6.562934105507946 -0.006178288863820986 1.494151232741518 -13.70422027294845
6.455964172124461 -0.01105094559168436 1.5035787169546262 -13.705220136674855
6.3490576696462515 -0.018088606313147015 1.5122735507460732 -13.707631348350242
6.242227676621615 -0.027529063000001158 1.5201635952633876 -13.711566144651313
6.135487496730898 -0.03994894266469844 1.527226480894769 -13.717443480589607
6.028852205024726 -0.054789404684911794 1.533458029699752 -13.724632352396673
5.922342648725497 -0.07114383574367182 1.5388963455088238 -13.732225945462806
5.815983643986146 -0.08879791647345497 1.5436252764907632 -13.740007509132186
5.709804430668006 -0.1075861605922837 1.5477609873872793 -13.74784613917685
5.603832517182854 -0.12712246990603873 1.5514476085799151 -13.755455870945791
5.498093258551334 -0.14643841287558348 1.554850525829399 -13.762079009158128
5.392609454882696 -0.16225867594411197 1.5581280182194235 -13.764964309268203
5.287387544304364 -0.17215718590601115 1.5614114731545872 -13.76216250354726
5.182421741580515 -0.18000508574017673 1.5648892953871434 -13.75724482562937
5.077715301212141 -0.18492809834361384 1.568728637736622 -13.749541887880119
4.973274306498052 -0.1888046191973673 1.5731230298111674 -13.740768475871109
4.86911737713909 -0.1925992575570124 1.5782118248721622 -13.731852003108516
4.7652648369073445 -0.19702591237187256 1.584104174670579 -13.72350174859529
4.661734387800403 -0.202552587170859 1.590914848535965 -13.716210406131893
4.558538345787595 -0.20896306971026096 1.5986947811060184 -13.709881752219221
4.455681890820214 -0.21507579842987104 1.6073417632049902 -13.703583020095705
4.353161017618693 -0.217687764862282 1.616460377601477 -13.694631358050083
4.250958700260085 -0.2198107742115677 1.6259148555853051 -13.68580765514653
4.149071266216269 -0.21798952498705457 1.6350769488346393 -13.674191631351768
4.047473144912179 -0.22552919665973664 1.6445442264071854 -13.671790780862898
3.9461872369541964 -0.24158304280701132 1.6535119271713952 -13.678185335091722
3.845231060477467 -0.261250893621683 1.6609797787828828 -13.689211894889773
3.744595852937907 -0.2706977525907783 1.66604943096245 -13.692114428889147
3.6442284095139454 -0.2740005296405919 1.6691807005450043 -13.69043071128555
3.5440870063235916 -0.2786222690032231 1.670738374365625 -13.691064532162281
3.44414555540865 -0.28470268758166073 1.670870932199686 -13.694113407843838
3.344376846219539 -0.2926841895823994 1.6696612230679888 -13.699970084082624
3.2447525623877116 -0.30089206397954366 1.6672317873043623 -13.706968614880655
3.145241116076612 -0.3067072297664782 1.6638153037492989 -13.712456933365289
3.045809173248262 -0.30687897827630667 1.6597670838970562 -13.713086701913141
2.9464241197364984 -0.30544328260446213 1.6551002969924 -13.712683347008229
2.847060288899314 -0.30430570768238074 1.6499118133917932 -13.712976871088134
2.7476971931876304 -0.30359738436588357 1.6443656243807483 -13.71396544864592
2.648319225362136 -0.301423374056958 1.638819802493226 -13.713634046502696
2.548915689895621 -0.29976697288127274 1.633337155308726 -13.71385920101863
2.449481580407413 -0.299322407726585 1.6280704948201359 -13.71523605788274
2.3500148739951268 -0.29783273170915625 1.6233296090472717 -13.715384043322558
2.250516645283764 -0.2968503602698651 1.6191836113156874 -13.715729603859865
2.1509935349603775 -0.2990140536260549 1.6156986250307634 -13.718807089576549
2.051457546223025 -0.3040301243520109 1.613123671682052 -13.724242383754213
1.951924103698429 -0.3101661195625487 1.6117087912539214 -13.730250461488524
1.8524105152387214 -0.3174697041815324 1.611569145975604 -13.73683585674933
1.752935159904937 -0.32587346760199565 1.6127446237983172 -13.743880464939831
1.6535178360503884 -0.33446252038816415 1.6151956790505375 -13.75042905600778
1.5541787212058071 -0.3405047260310744 1.6187356129919683 -13.753749908381748
1.4549354367451663 -0.3437545900033324 1.6231423669072496 -13.753571198916845
1.3558008262875787 -0.346147666417177 1.6282778321530091 -13.75180946115984
1.256783204356221 -0.3509738091434189 1.6340635477282555 -13.751733854204904
1.1578897988012122 -0.34736263889654717 1.6394440462694297 -13.742772746605084
1.0591174094801403 -0.34774092427563114 1.6447700071966058 -13.737000259488068
