8.031340923759478 -2.5739731458492034 1.017132757994215 -4.016021379675157
7.961098001394655 -2.559265666780924 1.0199115129093115 -4.004623483372987
7.890890328154242 -2.5560832400717466 1.0228377607952837 -4.005201057465252
7.820751440209278 -2.554164797171713 1.0256678980444751 -4.00656611445483
7.750673482396083 -2.552083839476798 1.0283228673226348 -4.006978827189197
7.680642154730765 -2.5495444390263007 1.030712528998883 -4.005929914285996
7.610643279314219 -2.547970876877236 1.0327472797181865 -4.004730649089652
7.540665103846801 -2.548222618939792 1.0343138112519132 -4.004118979821342
7.470691852201689 -2.5515046870788223 1.0352899094056163 -4.00519180023049
7.400704758857553 -2.5575848101617984 1.0355446208380747 -4.007635205301657
7.330686177660267 -2.5660009437526035 1.0349464482529724 -4.010981308876337
7.260619169557468 -2.5771614719783913 1.0333258435345292 -4.01561099877059
7.190485392383131 -2.5917094766967272 1.030475450202567 -4.02209040556736
7.120260266963623 -2.609483171459908 1.0261987104276815 -4.030187197277195
7.049914177899808 -2.630409100760405 1.0203303512715598 -4.0397328610547465
6.9794166799692965 -2.653376135786664 1.012830261480026 -4.049620183109505
6.908740988432319 -2.6776352124749714 1.003692401011871 -4.059126426772634
6.837863559300235 -2.703950499939817 0.9928468478547984 -4.068906083189217
6.766761087303063 -2.731603471265778 0.9804301316944524 -4.07831150381332
6.695411095406583 -2.758652898660144 0.9668149253304884 -4.085694928299025
6.6237953256619235 -2.784773405564497 0.9522739478076672 -4.090882760547516
6.551900732324228 -2.8089462230934443 0.9372369850053738 -4.093211183982474
6.4797257487170254 -2.8297761380415687 0.9221622468820468 -4.091774596156158
6.407275366641151 -2.8520131065597036 0.906636565110767 -4.090723341019258
6.334529101130826 -2.8744319641717992 0.8910984170409437 -4.089347571117237
6.261453320379665 -2.8990332575962756 0.8754811498785648 -4.089567847997998
6.187981483214393 -2.9241017583686193 0.8602076467122224 -4.090271295752414
6.114069488308052 -2.9433795787779795 0.846218777379771 -4.086623373999949
6.039717800518415 -2.9619031590429015 0.8328032583559085 -4.082909221613518
5.964942836362103 -2.982108069308048 0.8196385056247747 -4.081267515243019
5.8897750737988614 -3.0060015618906526 0.8064486945059118 -4.083479423377174
5.814250733876933 -3.033058803566009 0.7933015151092877 -4.0892156469023515
5.738414809570404 -3.0617761161750443 0.7804070342013453 -4.097276948026963
5.662320733833075 -3.0784003477007182 0.7694035628017546 -4.096035181144437
5.586043845087467 -3.0934410074369496 0.7591805152923146 -4.094232978403191
5.509613688896698 -3.107652480532592 0.749785973544927 -4.092383984858479
5.433043155286292 -3.1218369848103174 0.7412647306160496 -4.091080978516426
5.356335084822937 -3.1359114865618976 0.7337133243548093 -4.090173116488667
5.27948943416987 3.133723969534448 0.7272065193231172 -4.089215777254096
5.20250582022085 3.120620032221904 0.7217227122160819 -4.088187601419989
5.125388806464035 3.108770334338325 0.7172638125375415 -4.086294486548521
5.048146231721964 3.0971500332175954 0.7137078607282857 -4.0843540041839805
4.9707885800095655 3.085037762118197 0.7109648439743963 -4.082915769711494
4.893323752572913 3.071496033881708 0.708959752465075 -4.082704962138603
4.8157530836789215 3.057318395383819 0.707730743180804 -4.082931419042145
4.738069358749108 3.0428826270038805 0.7072693903356343 -4.083221536959576
4.660263220861461 3.0283978477349556 0.7075425880103569 -4.083390544791232
4.582325815100429 3.0138715417988973 0.708508776254532 -4.083454305314461
4.504249681091221 2.9993094405567393 0.7101257855422431 -4.083448819082474
4.42602826492864 2.984705812422472 0.7123466824397396 -4.083430837909444
4.34765530633732 2.9701157236728823 0.7151102676592824 -4.08339621606814
4.269124120689487 2.9560297561864393 0.7183239598463002 -4.082949702315836
4.190428409656877 2.942461723508759 0.7218800366129936 -4.082086287993649
4.111563666593568 2.929603357667754 0.7256754631255327 -4.08064256086317
4.032527056849728 2.917269820875714 0.7296316000862999 -4.078787343165656
3.9533160745046456 2.905271307705984 0.7336848873502331 -4.076710881822118
3.8739271337525016 2.8931735074052227 0.7377801581468885 -4.074831491746714
3.794353858348385 2.8809053961801543 0.7418565906905156 -4.073267650270681
3.714587557612314 2.8700902533779935 0.7458438755093045 -4.070686487474957
3.6346217392661293 2.862738367878934 0.7496722068601266 -4.065399505475626
3.5544551846928925 2.8560484506742303 0.7533399803252989 -4.0598749739422075
3.4740900990498167 2.848635086414451 0.7568450559856034 -4.055407508394769
3.393536357216661 2.839591276479741 0.7601677353191375 -4.052909062122028
3.3128096199114525 2.8303486679131598 0.7633080158177641 -4.051264636093668
3.2319253387729945 2.8212522263880664 0.7663240350010684 -4.050293719961685
3.1509026896043655 2.812416103499616 0.7693028504349865 -4.049988319158391
3.0697561360538117 2.8039472722022483 0.7723358001739546 -4.050329777193865
2.9884952471121897 2.7962067737739615 0.7754997874622299 -4.051054765307969
2.9071274034933348 2.7901160462417582 0.7788535939666708 -4.051363270256791
2.825660218893022 2.7855922220090283 0.7824436518701261 -4.051347925233191
2.744102407227503 2.7830853884386686 0.786284195228547 -4.050583720715157
2.662464849517803 2.7824361785497724 0.7903702741132811 -4.049185839304442
2.580759927429333 2.7827408402395304 0.7946915079474253 -4.047967846758697
2.499000746337116 2.7834489064694328 0.799223381525445 -4.047412676357524
2.4172009401385055 2.784563888241148 0.8039250325145977 -4.047464002175605
2.3353745198246143 2.78677503691692 0.8087413414018612 -4.04737836899582
2.253534511998392 2.7897271973014552 0.8136542281343763 -4.047418153364971
2.1716952808123993 2.793074664313519 0.8186745231997506 -4.0478478652890715
2.0898703262641836 2.7969488385661645 0.8238203404528848 -4.048466016358911
2.0080698235224155 2.801596804192005 0.829129644642101 -4.048945809606391
1.9263016292449926 2.8069501620710606 0.8346669738153304 -4.049282448223041
1.8445736452196642 2.814520702452302 0.8404849879537839 -4.047886547957792
1.7628919105906848 2.8247012977364205 0.8466529361771532 -4.044287548884082
1.6812603601894436 2.837617816375232 0.8532433783535402 -4.0382805360765754
1.5996816186297063 2.8515312584389836 0.8603637326113323 -4.031558140233375
1.5181595731962578 2.863504526622285 0.868155435211358 -4.027054977361699
1.436700430933279 2.8736668017207414 0.876705292313189 -4.0246233260828745
1.3553099051712243 2.8833607567749353 0.8860706869220173 -4.0229277553624865
1.273993515272801 2.893568681258081 0.8963071870866145 -4.021036652899796
1.1927594406204514 2.9045114724741596 0.9075078328448662 -4.018836753926395
1.1116210793359085 2.91619951477536 0.9198177550266983 -4.016483241372646
1.030598589476182 2.9283705666566497 0.9334545041462988 -4.0144662915617175
