7.868796583624425 -0.31068643115113653 0.8728686304257232 -44.46208519739651
7.762999559491102 -0.30234124608108787 0.8544835215352434 -44.46671694692325
7.657008917002198 -0.2855311232255121 0.837009167729651 -44.46047128079883
7.550855139901487 -0.2699536265735322 0.8195186954704659 -44.45423130015426
7.444552441723614 -0.25700342278409744 0.8029297018645927 -44.449176879451876
7.338125706265045 -0.25218219979250567 0.7873856774336894 -44.450723943962664
7.231612695979327 -0.25083463413504536 0.7745803704281494 -44.453463090545725
7.125046125267912 -0.25354063974969016 0.7649076542682075 -44.45781639500233
7.018450754827461 -0.25896863184881014 0.7588497317522993 -44.46237255180536
6.911841135298115 -0.2667122291886984 0.7564511523372678 -44.466747086141964
6.805228570854681 -0.2755603588264669 0.7577028859426614 -44.46992251634954
6.698623811575502 -0.286111884254896 0.762455770430095 -44.47263809656864
6.592037922963014 -0.3014731420601925 0.7706350134939999 -44.47782500457688
6.485485011114905 -0.31778603546965933 0.7816989237772016 -44.48207099274579
6.378989798661223 -0.33321523228746724 0.7949199711427785 -44.483889197322284
6.272573928003872 -0.3403546683103736 0.8088401325492693 -44.47696546878607
6.166246437896881 -0.3461245441334583 0.823429502086792 -44.4672598905235
6.0600311915619445 -0.35814658461100324 0.8390841201832692 -44.461028631040364
5.953963072208561 -0.3765100131068635 0.8553997617223342 -44.458153482291245
5.848080568756841 -0.4046711456767832 0.8724504353653042 -44.46123621255288
5.742427250706714 -0.4391039042524544 0.8895724043524268 -44.46735251931971
5.637037147329445 -0.47512896353621886 0.906012822230107 -44.47290276394038
5.5319251552901045 -0.5098251495504118 0.9212944091659298 -44.475907366281135
5.427094599499311 -0.5435197252575323 0.9354008896328374 -44.47683463603933
5.322548135220643 -0.5775746433387994 0.9484994557573513 -44.47688426184448
5.2182908053170225 -0.6119063018263228 0.9607329263980771 -44.476189646396236
5.114328066051793 -0.6448806650625264 0.9722023561387301 -44.47377142424591
5.010659950781656 -0.6759780107121198 0.9831053620041474 -44.469543769477504
4.907280231538398 -0.7068917361752198 0.9937858574732771 -44.46502039441483
4.804187825746383 -0.7342238342755508 1.0042194003123397 -44.458005418328746
4.701377182965191 -0.7566430732968978 1.0144079449042984 -44.4478115710556
4.598839265462593 -0.7702905553564208 1.0239763797640553 -44.43194540250685
4.4965507618515845 -0.7812700249208946 1.0332433112698216 -44.415152007584204
4.394514132328449 -0.8166858382353074 1.044308214078443 -44.41821308731615
4.292802846929911 -0.8316990985462485 1.0533950274651893 -44.40782607633913
4.191360810596417 -0.8458104538440728 1.0615992687383944 -44.39888031893023
4.090171829866864 -0.861372150330497 1.0688589912225441 -44.393449307502244
3.9892188154122095 -0.8759651108385734 1.0749913133711055 -44.38967136987331
3.8884762453818857 -0.8914697940711375 1.0801052614978983 -44.38916027817023
3.7879190897622954 -0.9126360725128208 1.08437463492816 -44.396159536964824
3.6875267240473937 -0.9341145487904235 1.0875685464538924 -44.406121700658055
3.5872678518009304 -0.951966579614914 1.089553003612319 -44.415367748540866
3.4871071964585765 -0.9625516592983432 1.090390146563569 -44.42017080701048
3.387009095457666 -0.9689880904966816 1.0902484872003186 -44.42298773153406
3.286945183253995 -0.9658756854708117 1.0894135579776303 -44.41813865222509
3.186891240949653 -0.9607748326253528 1.0881092052582066 -44.41242257269184
3.0868330979504055 -0.956014650182059 1.086633059140237 -44.40768523781997
2.9867620272565953 -0.9556321501026596 1.0851711044985481 -44.4075592987267
2.8866744667887345 -0.9571799322994288 1.0838831493832959 -44.40927396617081
2.7865733127269845 -0.9595995824976933 1.0829325410680923 -44.41143465203568
2.686464230037583 -0.9616368111067697 1.0825762721974361 -44.41249097425243
2.58635584185022 -0.9653509296150986 1.0830368820519098 -44.41427014052086
2.4862621128540465 -0.9736857358361662 1.08457845531261 -44.41954359534965
2.386201226234975 -0.9856398152120912 1.0874521954530587 -44.42731531024197
2.2861938558515362 -1.0012270302164668 1.091908357616122 -44.43762886732114
2.186263266081874 -1.0182209263299404 1.0980481493797427 -44.44844943515628
2.0864329293142894 -1.0325388416538899 1.1057005907010053 -44.456049379135145
1.986722526282509 -1.0439950246918757 1.1147747476882253 -44.460401592767475
1.8871499340823203 -1.0491560907487936 1.1247798445111956 -44.45842754374754
1.7877261680741052 -1.0545373338452284 1.1361061552802811 -44.45634113077827
1.6884667773958453 -1.0615564118967078 1.1486748649373681 -44.45563955551936
1.5893863092738099 -1.0693066539029044 1.162086160232215 -44.455596329655975
1.4904961497313847 -1.0767631625167744 1.175859619220242 -44.455255657568365
1.3918035894458236 -1.0851866304654225 1.189711389111304 -44.455735591731006
1.2933145982334069 -1.0933211221930008 1.2029773755008526 -44.455683737084726
1.195032396620756 -1.0990539998356366 1.2148154217588594 -44.452876671063734
1.096960253010565 -1.102878016253924 1.2248031761375866 -44.44742048633727
0.9991005622561303 -1.1111963897174502 1.2331081683977927 -44.44508402493305
