8.022828167499704 -0.15636393779498467 2.452731364941269 -46.615962454883515
7.975516647154295 -0.15396238504942558 2.456896919096064 -46.613995799359806
7.9282037062220825 -0.15258744032991509 2.4606535919624037 -46.612997852489
7.880890977413675 -0.15205678002383513 2.4639566304476967 -46.61277022400616
7.833578192135435 -0.15165997117191563 2.466759345429532 -46.61261812811276
7.7862642298855524 -0.15088289094208576 2.4690603004222464 -46.61207343211696
7.738948546782124 -0.1499907479611594 2.4709208016755384 -46.61147051332263
7.691632579834536 -0.14949845274209364 2.472448004920615 -46.61140621480211
7.644318673199125 -0.1494840355938434 2.473749876010279 -46.61207306460678
7.597010183272888 -0.1494217176946073 2.4749170294151024 -46.613109771966215
7.549710739754286 -0.14826090098345115 2.4760287787142614 -46.61367525068158
7.502422177915348 -0.14551060137685018 2.4771929661878276 -46.61345952275369
7.455144886243159 -0.140656215302127 2.478512228197544 -46.612063117921
7.407880848618067 -0.13413215918591748 2.4800783304501652 -46.61003558404551
7.360636368499517 -0.12666345048942795 2.4819744732317113 -46.60822076039109
7.313421089659205 -0.11845214290294288 2.4842724142454293 -46.606895861900156
7.2662454769687095 -0.10891064601452469 2.4870092744661667 -46.60544730460435
7.219118682420694 -0.09799712517605234 2.4902011071770844 -46.60381308188597
7.172049853737444 -0.08658166454224918 2.493871701665081 -46.60293328855729
7.125049228003276 -0.07438540979650798 2.4979912505662565 -46.60244105743886
7.078125700130151 -0.06121632937583044 2.5024728459720964 -46.602020347275676
7.031286421173226 -0.04658770586303686 2.507172202778161 -46.601005777838374
6.984537663765665 -0.03119034714391493 2.5119627185798143 -46.60008569546758
6.937887684312141 -0.015164645811197402 2.51667294152895 -46.599311388622425
6.8913443597976904 0.001606198117712407 2.5211054739382224 -46.59847437679334
6.844913893193496 0.018767293744142027 2.5250887046852672 -46.59791794997731
6.798602151858616 0.03639962951864091 2.5284814957751194 -46.5974029071391
6.752412671283444 0.05427573944151056 2.5311862363878608 -46.59701359416508
6.706348388258981 0.07132290864201246 2.5330948734613195 -46.597826237959275
6.660411893618555 0.088173047301562 2.5340484290119987 -46.59881473105014
6.6145999559601725 0.10478661430381006 2.5339150241986106 -46.59975932206793
6.5689069597588015 0.12087508866921375 2.532611269125766 -46.600757719288794
6.523326551087792 0.1362834058414118 2.5301145579030955 -46.60178083593161
6.477852387668768 0.15103577473225388 2.526468593944893 -46.602650106933744
6.432479577866782 0.16535562955096914 2.5217712331874838 -46.60301093646322
6.387205161623086 0.1790431982778558 2.516125011813525 -46.603052120039166
6.342028398480546 0.19242294978229607 2.509700520905531 -46.60239401971443
6.296948912038223 0.2060003687852435 2.5027138688880064 -46.60049573615777
6.251966824717371 0.22032726919791926 2.495420800708631 -46.59680462284769
6.207080812761713 0.2346982508379479 2.4880115714849618 -46.59219114242687
6.162292186150884 0.24685372432461217 2.480526411886294 -46.589233084979355
6.117606082464964 0.2557915386411169 2.4731164918640807 -46.58915724935257
6.07302805981085 0.26402526757245004 2.4662218419082094 -46.58948464153642
6.028557303932076 0.27265678066530064 2.460009536593015 -46.589384638610966
5.984187258827266 0.2817875838024227 2.4545161473900357 -46.58908734370306
5.939911195170723 0.29032724844677193 2.4497371945071276 -46.59008147644027
5.895721129386218 0.29849160406398473 2.4458079694902635 -46.592373808994104
5.851610060789721 0.30695434053246706 2.442912770155404 -46.59538430318968
5.807574287824898 0.31641696923712403 2.4412213715054674 -46.5983994553984
5.763612570026533 0.32620938243337644 2.440810271257266 -46.602169529530016
5.719726345279739 0.33923762118485773 2.4416997523906754 -46.603254998507964
5.675915631339386 0.35534615955258975 2.443733185324623 -46.601628923164604
5.632181789649664 0.37229659210520977 2.4466738973636937 -46.599665262918705
5.588528417367416 0.39897836493304145 2.449863534040263 -46.586594265197306
5.544951629735957 0.4213762209732006 2.4532929111248576 -46.57860154072095
5.501464654953574 0.4374009793927666 2.4566046080548785 -46.57776414637504
5.458074713931645 0.4510754157947908 2.4592210219065236 -46.57893711877559
5.41477899362729 0.464246143852892 2.4607170704267727 -46.57963786432409
5.3715713973152885 0.47654959272598 2.4608454135811964 -46.580103597622724
5.328448242788802 0.4876682939002018 2.4594779582832813 -46.58065080253024
5.285408997656002 0.49801300659251163 2.4565798667501926 -46.580864474987905
5.242455217034428 0.5080634021124231 2.4521798623577244 -46.58032514571785
5.199590410143138 0.5178821530885076 2.446359915660414 -46.57913678866086
5.156820783474644 0.5269035814233262 2.4392160367988285 -46.5781219383329
5.114154945896644 0.5342155184180482 2.4308469772311034 -46.57847486821999
5.071601534281162 0.5407831767296911 2.421600168779114 -46.57936824181663
5.029165244069179 0.5466993006044069 2.411776497360008 -46.580906049820115
4.986848452329823 0.5527143094566892 2.401684578536045 -46.58248935699432
4.944650444805435 0.5602811494673734 2.3917248894938816 -46.58277131857774
4.9025691690822235 0.5662195936115888 2.3817754313368176 -46.585325415412214
4.860607618582426 0.5689872770870588 2.371915452807185 -46.59200636326952
4.818770826701643 0.5738528397560758 2.362963229407027 -46.59716237218873
4.777057399330834 0.5821290832327735 2.3552197879020174 -46.59929360212608
4.735463584818894 0.5940643672571928 2.3488144127417176 -46.597964976652456
4.69398395316099 0.606420506141458 2.343519083286221 -46.59657631709237
4.652614944660349 0.6192242481235402 2.3392633975349577 -46.59487088952828
4.611353198267344 0.6322178912631126 2.335829098665389 -46.592876220610165
4.570196511016864 0.6430100954766285 2.3329313273803964 -46.59299416762485
4.529142085575072 0.6525368310253463 2.3305443658609604 -46.59392535178619
4.488180168234937 0.6628406288428292 2.328614587005515 -46.5932116306479
4.447297622211698 0.6721587919268477 2.326953626458598 -46.59258726100026
4.406484313771995 0.6808866460578475 2.3254412146834325 -46.591411731212446
4.365730141281771 0.687841184861833 2.323958485720804 -46.59080974869527
4.325025950087409 0.6920278072115313 2.322393583991874 -46.591763002635254
4.284362684075119 0.695391673174522 2.3206989714777593 -46.592290356801676
4.243731315520949 0.6983142102246197 2.3188061840437957 -46.59214817765172
4.203126014646581 0.7006516590664352 2.316629072355749 -46.591661527101465
4.162544449514702 0.7060489971601243 2.314223197111114 -46.58738008766671
4.121985976332961 0.7118186610487771 2.311510194871967 -46.58224654705662
4.081452924897472 0.7114059407931596 2.308261374128653 -46.58302253155154
4.040950561501307 0.7090316003794697 2.3046489348534185 -46.58575995751412
4.0004824929317 0.7061457670129438 2.3006731547246755 -46.5892986383864
3.960051016244076 0.705432063604231 2.296439863304832 -46.5912539483427
3.9196586320350875 0.7058737989156817 2.29195299842589 -46.592864232643024
3.879309895998726 0.7058581772280131 2.2872079980959836 -46.59591772144209
3.839011321103533 0.7034770282194576 2.282200653511836 -46.60251940620521
3.7987722909328534 0.6997397327898529 2.27717518028956 -46.61173554713616
3.7586023596741187 0.6985965632718825 2.272591350137114 -46.61945242282708
3.718507282994699 0.700704905161148 2.2686768479690036 -46.62489150454194
3.6784918989071755 0.7098931901460532 2.2656994417630845 -46.62374259390496
3.638556578506039 0.7198102856741826 2.2634312851990113 -46.62259917688147
3.598704712225976 0.7340922974180886 2.261870230702251 -46.61719206436012
3.5589346358822556 0.7614694684356695 2.2609450579555643 -46.59756916038475
3.5192372497643953 0.7735103476476072 2.2598710160820996 -46.59458250749751
3.479626965256294 0.78319058282693 2.2586946101455374 -46.59362942435679
3.4400998297433887 0.7899923410102501 2.2572093752724514 -46.59495201596461
3.4006511758531475 0.7959927518206521 2.255269481330097 -46.596068956528484
3.361274281813612 0.8010650190168515 2.2527559813632374 -46.59701106468318
3.321963143074955 0.8053020161486159 2.2496139344869666 -46.59766517811971
3.2827126120694383 0.8088456250065958 2.24584118494325 -46.597940309864356
3.2435189690455744 0.8115429138716227 2.2414550285695394 -46.59808912887324
3.2043798859305483 0.8133964670947035 2.236508001619155 -46.59822679401407
3.1652937926592126 0.8152592264612594 2.231132384506768 -46.5976261617471
3.126259167899103 0.8191390194362994 2.2255705899139575 -46.5944212598001
3.0872739334100285 0.8246781847421165 2.2199423383313195 -46.58912840926727
3.0483364953626695 0.82885683533235 2.214197069480148 -46.58490549620144
3.009446435880013 0.8282206975649126 2.2082532741672893 -46.58533310750912
2.970604228380655 0.8264023837846466 2.2024474758576686 -46.586978522581916
2.931809008968933 0.824303649059307 2.196882608214884 -46.589112709530056
2.89306032841957 0.8221199975512999 2.191580429794257 -46.5916767115143
2.8543581484992298 0.8206562642649126 2.186601160413492 -46.59397450559131
2.815702193525171 0.8196449726277187 2.1819744438870496 -46.59636032651453
2.7770931446188456 0.81850620223703 2.1777491823207873 -46.59948787729638
2.7385318882713996 0.8182212796861874 2.1740580869773143 -46.60239618221853
2.700018997265939 0.819852609455794 2.1710129034438572 -46.60398360004658
2.661554622540203 0.8232873609306414 2.1686430040692772 -46.60429713750967
2.6231387696942057 0.827156221494642 2.166909599913673 -46.60464814260893
2.584771653755277 0.8317619275226336 2.16577085260977 -46.604591987229625
2.546452961910344 0.839216989603333 2.165125085570829 -46.601761452816596
2.5081813756946842 0.8518667355582665 2.1648243325868477 -46.5935315235374
2.4699546164003006 0.8564214064266009 2.1646532097887983 -46.59360976403768
2.4317736044893232 0.8597913934632727 2.164585142007676 -46.59459868509718
2.3936338847318397 0.8625801479835076 2.1645496006317555 -46.59571675969205
2.3555302866761156 0.8647745970698311 2.164463609925634 -46.59686756235281
2.3174580215685863 0.8665420920345033 2.1642494426160797 -46.59781450941693
2.279412419515658 0.8679032648479379 2.163853548988886 -46.598520765126665
2.2413893144969808 0.8688145484844911 2.163249647191199 -46.59905692374846
2.20338515927833 0.8692180472606559 2.162443291853073 -46.599538940785756
2.165396948360015 0.8691777424800563 2.161468869168069 -46.59997788024514
2.127422042255477 0.8699117416649278 2.1604003832639154 -46.5992399855363
2.089458116820685 0.8717211136106411 2.159314467304104 -46.59711391615999
2.051503116457083 0.8738782803217647 2.1582756244745567 -46.594409317404036
2.0135551067878543 0.8738721046084603 2.157316014425069 -46.59370020608487
1.9756118606611488 0.8724944703099866 2.1564914491911544 -46.594283820691835
1.9376714513808906 0.870925752630242 2.155854183167823 -46.59506752409003
1.8997324276186867 0.8691312408709336 2.1554153749965357 -46.59615008478126
1.8617938599963508 0.8672126629604817 2.155150976811245 -46.59748440271253
1.8238555071121345 0.8651546409300493 2.155029960769247 -46.59913248016865
1.7859178068866586 0.8633798899576971 2.1550359991272354 -46.60071426005462
1.7479819263150749 0.8619298187551055 2.1551685749575253 -46.60221473221452
1.710049515214076 0.8608928493149235 2.155437475939874 -46.60355216975829
1.6721223960502363 0.8602980381747376 2.155848771919998 -46.60468685217431
1.6342023964640757 0.8601059706672869 2.1564054272087367 -46.605632217248406
1.5962911910880453 0.8603063569216132 2.1571061918529644 -46.60635947709005
1.5583902069976636 0.8608864047287094 2.157943517396537 -46.60683230066043
1.5205005897465744 0.8633534646518926 2.1589040502163077 -46.60546200886989
1.4826234385343011 0.8678458874104089 2.159978603895485 -46.60203053944123
1.4447594943568045 0.869886473275889 2.1611892311489105 -46.60099022720698
1.4069077802036511 0.8701109240115397 2.16252586540709 -46.60160507136429
1.3690664844302454 0.8700467587359665 2.163960740303418 -46.60222707304281
1.3312335061245402 0.8696986536116041 2.1654798729104106 -46.60277501315394
1.2934064158365894 0.8689999709982579 2.167078394922633 -46.6032623914977
1.2555825173819635 0.8679209215101737 2.1687594235722187 -46.603684845499565
1.2177589303529088 0.8664520178020586 2.170533035031484 -46.604033425935455
1.179932671996956 0.8646709445285065 2.1724145522476705 -46.604224468796126
1.1421007748797498 0.8626853742866297 2.1744242700516674 -46.60415349348624
1.1042603440065557 0.860469353012812 2.176585124915114 -46.60385518743563
1.0664085191633839 0.8579608658362682 2.1789109996074383 -46.60340666878089
1.0285426082036973 0.8551114475366698 2.181410443997037 -46.60287589397694
