7.9073491968836676 2.062592748429627 2.6105975899594593 -41.36425523877863
7.865818198571793 2.0712028192364387 2.6042211366432966 -41.358619067768664
7.824325020458926 2.0787895227170665 2.5976635040858107 -41.35347696658567
7.782882167234055 2.081418279309239 2.590865034988801 -41.352797552213175
7.741495433603299 2.082960302562006 2.584387233643543 -41.35273534571355
7.70016057309595 2.084335471674137 2.578643182425461 -41.3523920910205
7.65886976956747 2.0851553892569576 2.573947649330769 -41.35222202700935
7.617614186110701 2.0855373914662247 2.5705778497657534 -41.35222629242384
7.576383761628384 2.086491691974412 2.568778259601591 -41.35156615515032
7.535165711619243 2.08761943690664 2.5687351469964605 -41.35078683335764
7.493943909515995 2.0881260745161767 2.5706063698089316 -41.350806175949835
7.452700067401344 2.0876201637368337 2.5745018672253064 -41.35214009827043
7.411416187295805 2.087379817822751 2.58034470898186 -41.35367398894555
7.3700748261062055 2.0878292363037017 2.587999824545061 -41.355143720994825
7.328660805648901 2.088972669864086 2.597334562232436 -41.356773668179784
7.287160304653046 2.0912467876174317 2.6081620416141127 -41.35842829763913
7.245560644416744 2.0946267261370703 2.6203437160836613 -41.360511706846204
7.203849160754291 2.099689967199125 2.6336650263080066 -41.362860133337385
7.162012488752375 2.1068193012071377 2.647908539959833 -41.36555716645264
7.120036686542019 2.1150142665360576 2.663049125725858 -41.37022814543428
7.077903636979993 2.1270174924479877 2.678371851036919 -41.374296637153606
7.035596464685185 2.1442833722192645 2.693271629430907 -41.37626146018786
6.993103524389173 2.166706151745462 2.7074551051560967 -41.37624514334249
6.950418284871384 2.193603623708378 2.720789923678618 -41.3749033221424
6.907537537831603 2.2230708669801906 2.733445062082532 -41.37434774783971
6.864452948553941 2.2552476350167496 2.745244958816071 -41.37392637676687
6.821159410002382 2.291126314230865 2.7559076459365004 -41.37157193777185
6.777659050107212 2.3288292837612867 2.7656719731098693 -41.36933362308129
6.733958689098853 2.3665977542390277 2.774696628309581 -41.36925227112195
6.6900651676954555 2.404742014124903 2.7828387985339114 -41.37003414135709
6.645992730966915 2.4440349466357567 2.789974316378329 -41.369604680154154
6.60176048800586 2.4827152661382224 2.796384036320835 -41.370102343688984
6.557376292128344 2.520902942864491 2.8021706487637648 -41.37079335651499
6.51284548053993 2.558408103266414 2.807494252708723 -41.37156585348706
6.468172403190882 2.5951130213333267 2.8124962039922723 -41.372351080382195
6.423360989410133 2.631039872985571 2.817285640366196 -41.37302287017509
6.378415139125928 2.66649493199893 2.8219265217361733 -41.37318079401218
6.333339692241917 2.7014727223432207 2.826487084729905 -41.37307721849614
6.288140480987515 2.736526340097989 2.830971286012037 -41.37226792471655
6.242823940128689 2.7715067025642077 2.8354470201131052 -41.37153414882587
6.197394002007219 2.806021826040226 2.840002398285071 -41.37225944871555
6.151850904964872 2.8409193782244135 2.8445631890555463 -41.37410489605471
6.106191289045814 2.877616875378963 2.8489494350045774 -41.375737825197426
6.060410147440776 2.9165799959266843 2.853022690878425 -41.37690317259406
6.014502502593764 2.957598394783006 2.8566954596945444 -41.37801873846159
5.968463797988485 3.0006770369084537 2.8598593287625382 -41.37903519833529
5.922289564238391 3.045779214251432 2.862412787160152 -41.37978416956229
5.8759756868117785 3.09266992988218 2.864279271921107 -41.3802966837904
5.829518497835726 3.140949986215804 2.865401686864883 -41.380794903787596
5.7829141028019855 -3.092909283143598 2.8657353581503124 -41.38124838479733
5.736158653191627 -3.042921563084204 2.8652612518215386 -41.38159514224051
5.689248698018248 -2.9926969444451204 2.863987264010151 -41.38180779903137
5.6421814598628535 -2.9426380666725507 2.861944411691788 -41.38181586821715
5.594954581307143 -2.8931822394430218 2.859188603665206 -41.381669178362046
5.547566585656625 -2.8446007643728204 2.855810106100678 -41.38116645108855
5.500017831844993 -2.797335893372023 2.8518992888317083 -41.38046327854618
5.452310259659775 -2.751915908124506 2.847513801731052 -41.379995056165406
5.404446214790054 -2.708653043003272 2.8427011565979488 -41.37987478812971
5.356428135510394 -2.667695685850323 2.837517477616137 -41.37997456576407
5.3082591264313415 -2.629148106915891 2.8320221742172156 -41.3801387118865
5.259943822029388 -2.5933475705316 2.826253398330381 -41.380653472266246
5.211488050836613 -2.5603842036172244 2.8202635537235334 -41.38144840892454
5.162897758467143 -2.530278703484205 2.8141083203265183 -41.38251770211514
5.114178824603794 -2.5028666049359667 2.8078520913569176 -41.383716948276316
5.0653369820866105 -2.478000240142127 2.8015500640122672 -41.38504158848705
5.016377736558893 -2.4554180203715013 2.795253625257094 -41.38639981430178
4.967306550033405 -2.434845018000586 2.7890027618552837 -41.38772757724327
4.918128800417039 -2.4159740420113316 2.7828283537427816 -41.3889376362271
4.86884971457799 -2.398431844329214 2.7767558735438906 -41.38986273098352
4.819473864653502 -2.3819816331525616 2.7707941171925037 -41.390526804602096
4.770005223075223 -2.366428850984257 2.7649369335546212 -41.39100061916313
4.72044635159826 -2.3510415139508782 2.759202899330563 -41.39068859558802
4.670799121512873 -2.335822157621839 2.753559440765526 -41.38988818828741
4.621065125584763 -2.321175670646087 2.7479428739020113 -41.38932441276767
4.5712450961019835 -2.307002952502893 2.7423238866154955 -41.38902306280569
4.521338583595037 -2.2931145254591927 2.736674143835215 -41.38879621581386
4.471344500902391 -2.2793746768988736 2.7309714658852955 -41.38845850171611
4.421261444355604 -2.2659172837380166 2.7251950962049634 -41.388120729852524
4.3710881832422155 -2.2527804577984165 2.7193392666672276 -41.38777923886662
4.320823519738739 -2.239978151418953 2.713402167905669 -41.38741144957523
4.27046631334928 -2.2275416403441883 2.7073833182609857 -41.38702545028176
4.220015412533766 -2.215463494149244 2.7012873473419288 -41.386585807129556
4.169469694811196 -2.2037803567370253 2.695115682258837 -41.386097067996566
4.118828119846836 -2.1925478992796594 2.6888667491617992 -41.38557967565828
4.068089801854512 -2.1818026422525865 2.682537773166225 -41.38503128380036
4.017254041291011 -2.1716017925891276 2.676121966900683 -41.384480113266726
3.966320240624034 -2.161912411320147 2.6696165084953645 -41.383856660351086
3.915287851064977 -2.1525959602424245 2.6630244246808505 -41.38296696144796
3.864156868726318 -2.1438459946639163 2.6563283518706657 -41.3819896708185
3.8129278673967515 -2.1359681281656346 2.649515501161187 -41.38121566007204
3.7616016336046476 -2.1290732926745943 2.6426041875045225 -41.38072457707171
3.710178870245781 -2.122884138146666 2.6356581592209336 -41.38019316145881
3.6586609041077875 -2.117442218489383 2.628734567505482 -41.37967969790872
3.607050497494151 -2.1134340173989288 2.621860694136875 -41.37995369818002
3.5553515132895495 -2.1104033603766057 2.6151655037762698 -41.38056644810315
3.503569061210347 -2.109231138388298 2.6087160700616625 -41.382498825476354
3.451709309535859 -2.110054703509022 2.60263229592958 -41.38590993144077
3.399778071948091 -2.1120648793322037 2.5970825225221543 -41.38997534462199
3.3477816308270243 -2.1141457272653144 2.5922287547232177 -41.39357123574224
3.2957271309675353 -2.115893184401701 2.5881542659603025 -41.39631080812489
3.243622439219698 -2.1174552537827283 2.5848751902444658 -41.398356984204604
3.1914765836848593 -2.1191220194708307 2.5823690775104637 -41.39999936747533
3.13929916255086 -2.121254507079054 2.5805888480661974 -41.401592678278334
3.0870995895739366 -2.1239026504365484 2.5794742725212974 -41.40318172789021
3.034886546464772 -2.1271060152241765 2.5789455354987827 -41.40483285717811
2.9826676402442147 -2.1304199059488 2.5789100497079898 -41.406164524458994
2.93044914517204 -2.1332689422197406 2.579266261102868 -41.40670740168938
2.878236547939503 -2.1361675815141044 2.579925165858022 -41.40708916574438
2.826034262783641 -2.1365174838061947 2.5807599623984583 -41.404809440359124
2.77384456091325 -2.1353532437055476 2.5816797770945756 -41.4010161225239
2.7216677585232087 -2.1347580076853494 2.5826120146633658 -41.397945421696576
2.6695024165177643 -2.1357787752270734 2.5834592032390744 -41.39682692945776
2.6173446782247476 -2.1376809086462747 2.58408015301262 -41.397012150428296
2.5651894224990426 -2.1389721947419518 2.5843516745214643 -41.39702947467878
2.513030297453356 -2.1394958649612663 2.5842199394711005 -41.396722548140495
2.4608610690399626 -2.1392836090473497 2.583657761253281 -41.39609200093502
2.408676248310975 -2.138534157671722 2.582657274310289 -41.39527518356477
2.356471160583626 -2.1374173784726476 2.581226276784089 -41.39434926174748
2.304241822664416 -2.136015502195049 2.5793899019465716 -41.39328623337916
2.2519849152955356 -2.1346072447125093 2.5771832613910575 -41.392264733477035
2.199697832490533 -2.1333259688471133 2.574662677062896 -41.3913304907936
2.1473788188639844 -2.132661193920507 2.5718851727747705 -41.390903423116235
2.0950266407370624 -2.1324894314695664 2.568929322359267 -41.390763262079986
2.0426400846554222 -2.132953591471801 2.565877572025754 -41.39093335715065
1.9902188416343098 -2.1341205258329006 2.5628094215945167 -41.391342628119375
1.9377637495925095 -2.1358608605601215 2.559806315123477 -41.391712812369335
1.885277121904662 -2.137599936752368 2.5569630287987093 -41.3913406687044
1.8327624436309053 -2.139533165334732 2.5543480616959138 -41.39036533010735
1.7802245089740107 -2.142104014541828 2.551998703895686 -41.389189910269415
1.7276692225496588 -2.1455725044387566 2.549924074961888 -41.3880458082831
1.6751032467529066 -2.1500698307198465 2.548112850916932 -41.387042493771176
1.6225334641734084 -2.1556675022108522 2.5465409782286414 -41.38625023131162
1.5699666489929325 -2.162317618976344 2.545179901576861 -41.38564478056576
1.5174093111308378 -2.1700862325898655 2.5439998105604826 -41.3853282717311
1.4648676290940963 -2.1789129278821253 2.542977467341482 -41.385291349112386
1.4123473076538995 -2.1884450810431986 2.542095549390308 -41.385262499372836
1.3598532840440136 -2.198472898756467 2.5413466647236307 -41.38512412928302
1.3073899877728377 -2.208910634501456 2.5407381189772273 -41.38488182181849
1.2549616724815595 -2.2194766873539855 2.540291580177751 -41.38435523822252
1.2025726427893597 -2.230626038938341 2.540046613159597 -41.3840377941881
1.1502277932098453 -2.2421159860561786 2.5400273137825193 -41.38374596707341
1.097931771737797 -2.2536739567196737 2.540228568668386 -41.38324701412825
1.0456890046420995 -2.2652851854939113 2.5406229489729015 -41.38253341994002
