7.722606983009554 -1.5604617746108005 2.4617630794831036 -25.30885417456743
7.700379808023461 -1.5616796838122655 2.465622264926493 -25.30827426030838
7.678184820340915 -1.5651663252026629 2.4701115229951967 -25.30929223985288
7.656031563241456 -1.5650821533840615 2.4746661877232343 -25.306353165614496
7.63392065740368 -1.5644652327536546 2.479207467022405 -25.30263883028387
7.611852527546986 -1.5672615622376664 2.483630214758427 -25.30223346963438
7.589824866711636 -1.5698018458099556 2.4874792165017134 -25.301908166361336
7.567829526499185 -1.5727985527355062 2.4905770057352767 -25.302625832471904
7.545857261674679 -1.574482457908431 2.492678104632219 -25.302891504104707
7.523897352740243 -1.5745711590637088 2.4936259715125106 -25.302531180399
7.5019388511148986 -1.5731880425577893 2.493297948587779 -25.301700529099676
7.4799701979353905 -1.5705299498643615 2.4916012385289004 -25.300574652382764
7.457978977338108 -1.5669988387317122 2.4884818654607574 -25.299479980806858
7.435952301352026 -1.5628460536492463 2.4839336163103227 -25.298540861073704
7.413877485458095 -1.5584158456551926 2.4780038295625304 -25.297941098395036
7.3917428760170925 -1.5537017657600565 2.470815192765784 -25.29747276529593
7.369538008130642 -1.5491446886521105 2.4624803438929717 -25.297348785636302
7.347253116496386 -1.5447946044788499 2.453154497178762 -25.29734093221135
7.3248787900209384 -1.5404879821404973 2.4430194949756614 -25.296977210282883
7.302406282002234 -1.5361229762503275 2.432263106542279 -25.29590237644264
7.279827716430086 -1.5330618141035492 2.420924639633031 -25.295320915513415
7.25713507417296 -1.5331133973821143 2.4089939190122887 -25.296902823255692
7.2343207278929285 -1.533616345372143 2.3969843711329832 -25.29787687292967
7.21138213321313 -1.5343600872452525 2.3851029855325656 -25.298068476281053
7.188318877062133 -1.5358342551496473 2.3734368831295423 -25.298052134834194
7.165131781694854 -1.539060864324843 2.3619795012476175 -25.298950189827366
7.141821929615553 -1.5439498746908984 2.35080757937567 -25.30081324488404
7.118391778546082 -1.5477429957639988 2.3402310349202406 -25.301152915909988
7.094847245723565 -1.5507237289849676 2.330218663804898 -25.300442428011443
7.0711957678271045 -1.554719406635932 2.320592367400282 -25.300656282998034
7.047445054503928 -1.5591961121292315 2.311411698350676 -25.301463967215227
7.023602426441274 -1.563571130296266 2.3026946582346506 -25.302450198708932
6.999673113248084 -1.5672999311935771 2.294463566645184 -25.3032160175595
6.975660991716549 -1.5705064037019136 2.286684416609831 -25.303956181557353
6.951569584244769 -1.5732990418285653 2.2793133507029557 -25.30480746109258
6.9274023860806615 -1.5753106837736828 2.272324058357729 -25.30540823106184
6.903163007892789 -1.5762416085937458 2.265663097735176 -25.305428189986998
6.8788551388381425 -1.5765833027539518 2.2592006111633163 -25.3052963619961
6.854481614000742 -1.5771661103113934 2.25275362429948 -25.30579167173699
6.830043717272432 -1.5777221418274294 2.2461965344584653 -25.30659467343969
6.805539795924803 -1.578135945839976 2.2394134286296654 -25.30751595692928
6.780966773570159 -1.5777690232658772 2.2323388703359774 -25.307852061196
6.7563207405352115 -1.5767741430731392 2.224909190771597 -25.307694881521
6.731597612919123 -1.5755201840196207 2.2170684972163786 -25.307363503465524
6.706793252802131 -1.5740793215416005 2.208796308320372 -25.306884357307865
6.681903385639848 -1.5725077062527495 2.200084506522832 -25.306271938955796
6.656923690939319 -1.5708731894019041 2.1909370061963496 -25.3055599678502
6.631849922069358 -1.569150190151258 2.181379961852524 -25.30469581389469
6.6066781053991965 -1.5673627582333611 2.171448039403059 -25.303682891580976
6.58140467885643 -1.5658137723531576 2.161159725544037 -25.302812614835084
6.5560262422434175 -1.5652507056578826 2.1504995975606085 -25.302833459399153
6.530538824823412 -1.5651240474533163 2.1396120670406487 -25.303208665304496
6.504940096866739 -1.5645064748087565 2.128702444502875 -25.303037231144835
6.479229865264731 -1.5639250732020045 2.1178121351071924 -25.3028786965333
6.453408910311401 -1.5636791163709938 2.1069806176841173 -25.30306536803141
6.427478558412511 -1.5636222913996394 2.0962780673131682 -25.30346987745738
6.401440578776063 -1.5638053634696745 2.085730221921392 -25.304150218696527
6.375296802309922 -1.5641944709451838 2.075357499316995 -25.30507082879302
6.349049111353382 -1.5647333830295662 2.065177415032134 -25.306169926276667
6.322699447609106 -1.5653627585607437 2.0552029092350104 -25.307381342813805
6.296249815025613 -1.5660279455185986 2.045441647332823 -25.30864412967569
6.2697022674282215 -1.5666748062968954 2.035896637549979 -25.309899537386805
6.243058867921558 -1.56726282496043 2.0265649694955084 -25.311104258898474
6.2163216336870155 -1.5677478711414978 2.017439628328117 -25.31221308428227
6.189492491707046 -1.5680940818412248 2.0085090637627627 -25.313190400595595
6.1625732424366735 -1.5682571067417872 1.9997592550718721 -25.31399304041132
6.135565543345932 -1.5682158860830222 1.9911715600640014 -25.314601657926865
6.108470883032225 -1.5680776946603274 1.9827144693477672 -25.315124969485453
6.081290526876279 -1.5678852396795535 1.974363282337327 -25.315605580675516
6.054025575937901 -1.5676644275274956 1.9660993124869062 -25.31606872921514
6.026676970905542 -1.567442606765597 1.9579075644795125 -25.31654052536127
5.999245499562438 -1.5672186117650508 1.949778569207573 -25.317017958805607
5.9717318185783546 -1.5669921588205649 1.9417051738370859 -25.31749835105915
5.944136492447242 -1.5667672323084163 1.9336819792616537 -25.317982798614075
5.916460024427185 -1.5665487758668053 1.925705398788814 -25.318473025715882
5.888702879054954 -1.566349455257103 1.9177728722719025 -25.318978355427966
5.86086549210682 -1.5661721605086383 1.909884007103859 -25.31949839245143
5.832948275333695 -1.566012014173609 1.902039968621347 -25.320025192763815
5.804951630088264 -1.5658656365874826 1.8942424143929026 -25.32055262224226
5.776875962597308 -1.565730230013497 1.886493389762844 -25.321075501605577
5.748721694436186 -1.565603260181645 1.8787952046763683 -25.321589342930572
5.720489269850225 -1.5654842747422213 1.871150165963467 -25.322092199230553
5.692179158918168 -1.5653755727644523 1.86356042266733 -25.322585338365577
5.6637918594271985 -1.5652786503567884 1.8560282885848782 -25.32306956986003
5.635327898958876 -1.5651927721100969 1.8485563981334778 -25.323543719446405
5.606787835439343 -1.5651159269782462 1.8411474992055645 -25.324005632434215
5.578172257930872 -1.56504562028051 1.8338042821348004 -25.32445298093586
5.549481786777058 -1.564979217168095 1.8265292654347496 -25.324883598880994
5.520717073002293 -1.5649186047840253 1.8193243905182461 -25.325300109360413
5.491878793015175 -1.5648594446038322 1.8121917565594454 -25.325699156898743
5.462967641538855 -1.5647950040293563 1.805133233225956 -25.32607516698475
5.43398433263845 -1.564722686160385 1.7981499809941097 -25.326426806190142
5.404929601907503 -1.564642127818514 1.7912426648380364 -25.326755050656523
5.375804204418673 -1.5645542889351842 1.7844115939286689 -25.327062242744695
5.346608910818572 -1.5644608199799983 1.7776568274254037 -25.327351422059444
5.3173445027821735 -1.5643637427455153 1.7709782506846867 -25.32762596944623
5.288011768545965 -1.5642651753223018 1.7643756339503376 -25.327889297227493
5.2586114986879995 -1.5641656655040581 1.7578487745807543 -25.32814315877372
5.2291444836154275 -1.5640604716527244 1.7513977599211856 -25.328383920317705
5.199611505579598 -1.5639440604936463 1.745022774869956 -25.328607039204094
5.170013322730422 -1.5638173014852665 1.7387238273351853 -25.328814231422697
5.140350684951949 -1.5636820512742236 1.7325009569715994 -25.329008041217094
5.110624338081687 -1.5635395489060024 1.7263542609846059 -25.329190247349494
5.080835024904166 -1.563390277482483 1.720283857273326 -25.329361745679982
5.050983485496919 -1.5632339837156188 1.7142898588115831 -25.329522594704834
5.0210704576424785 -1.563069878242553 1.7083723495170269 -25.329672242639845
4.99109667759873 -1.5628957015950853 1.7025314376642349 -25.32980862238675
4.961062882454476 -1.5627074968150847 1.6967672022748106 -25.329927955752225
4.930969813739335 -1.5625030335395054 1.6910793056961397 -25.330028204939154
4.900818214673184 -1.5622819354511228 1.6854671322791654 -25.330109205788844
4.870608828778557 -1.562045165562948 1.6799299181828853 -25.33017215102325
4.840342398545777 -1.5617945626147716 1.6744668442796926 -25.33021911896663
4.810019664126518 -1.5615323675649413 1.6690771021896325 -25.330252590984536
4.7796413619055 -1.561260843058023 1.6637599403494479 -25.330275063050657
4.749208223392847 -1.5609820619512025 1.6585146870396312 -25.330288827769714
4.71872097436933 -1.5606977398105324 1.6533407606160273 -25.33029580324846
4.68818033436141 -1.5604091694386382 1.6482376678644715 -25.3302974662371
4.657587016392704 -1.5601171233776288 1.6432050042871131 -25.33029475655497
4.626941727194519 -1.5598220506739713 1.6382424368167503 -25.330288276501605
4.596245167624537 -1.5595239950653108 1.633349699030245 -25.330278213939586
4.5654980333588 -1.5592227226441617 1.628526579685038 -25.330264475019447
4.534701015643298 -1.5589258091794687 1.6237725281842632 -25.330254741791236
4.503854797304126 -1.5586397022900418 1.619087079332288 -25.330255575849108
4.4729600541195245 -1.5583629807197057 1.6144701685838088 -25.330265711657745
4.442017460587315 -1.558094421775591 1.609921757583456 -25.330284095194635
4.411027691009259 -1.5578330170164356 1.6054418303084506 -25.330309902455397
4.379991420323952 -1.5575778843977786 1.6010303942964503 -25.33034245326654
4.34890932476373 -1.5573282581904027 1.5966874801257032 -25.330381201444546
4.317782082377219 -1.557078006090938 1.5924133771374924 -25.330420275387056
4.286610376539026 -1.556830260662745 1.5882080092294162 -25.330463045033532
4.255394909402225 -1.556594414621915 1.5840714283535042 -25.330519212250856
4.224136397806546 -1.5563690331488125 1.580004499683643 -25.33058778273142
4.192835563214749 -1.5561526753363464 1.576008218972841 -25.33066776459013
4.161493133830574 -1.5559443568557352 1.572083724779387 -25.330758629853662
4.130109846603576 -1.5557431643328854 1.568232245869894 -25.330859929964298
4.098686447600339 -1.5555481121024857 1.5644550492659166 -25.330971149838277
4.067223691763553 -1.5553575028368505 1.5607534148599003 -25.3310910668271
4.035722342743564 -1.55516440301302 1.5571287567063274 -25.331213240809582
4.0041831741318 -1.5549677489809839 1.5535821882820973 -25.33133706733188
3.972606959311853 -1.5547657417572782 1.550114740976772 -25.331461185052852
3.940994475059515 -1.5545654831768716 1.5467270204982846 -25.331593080584852
3.9093464971476175 -1.5543670965380305 1.5434197714173303 -25.331733277920385
3.8776637954530555 -1.5541644478397278 1.540194159435645 -25.331876072502347
3.8459471434014465 -1.553951678822199 1.537051651142089 -25.332016062381363
3.814197328874608 -1.5537330302818266 1.5339935956921473 -25.3321579423424
3.7824151601219977 -1.5535102363726545 1.5310207074281272 -25.332303878017306
3.750601449247244 -1.553283345191162 1.528132896274282 -25.33245426270409
3.7187570011902182 -1.5530516122275009 1.5253292187869703 -25.33260857446016
3.6868826065553955 -1.55281373730374 1.5226079280953067 -25.332765597837728
3.654979037060972 -1.5525651899694886 1.51996668799426 -25.332920760039357
3.6230470445748364 -1.5522972252116207 1.5174028212705553 -25.333065166105072
3.5910873667480208 -1.5520117965292535 1.5149132596702448 -25.33320049960436
3.559100733746901 -1.551709750737376 1.5124952882516445 -25.33332731772598
3.527087869835837 -1.5513920710531095 1.5101469283853366 -25.333446330456155
3.4950495005368456 -1.5510597994840818 1.5078672642818836 -25.333558380103717
3.462986362041452 -1.5507110186441049 1.5056567120588336 -25.33366148952826
3.4308992105031555 -1.5503404715270015 1.5035176564139714 -25.333750587094713
3.398788838388981 -1.549934375498499 1.5014556349942043 -25.33381250919043
3.366656108729914 -1.5495152141208446 1.4994782461763376 -25.333870745784317
3.3345019847461916 -1.5490965680140516 1.4975932640243914 -25.333940278496968
3.3023274878625832 -1.5486999695827468 1.495807523336387 -25.334044124814262
3.270133662805502 -1.5483292893083653 1.494126939924046 -25.334187614213583
3.2379215637611534 -1.547970821973564 1.4925562249940358 -25.334358354260395
3.2056922485921358 -1.5475940085023063 1.4910986877980605 -25.334526866196057
3.1734467833252453 -1.5471965584869343 1.489754894547644 -25.33469151846414
3.141186239427721 -1.5467812602850077 1.4885206418365942 -25.334855192179987
3.1089116329914 -1.5463456979979355 1.4873868135208013 -25.335014770534485
3.076623871317037 -1.5458931792977075 1.48633961433637 -25.33517189193978
3.044323713762126 -1.5454015277612587 1.4853619839026841 -25.335301818309674
3.0120117587982054 -1.544839752470565 1.484435313189584 -25.33537028220529
2.9796884724394386 -1.5441780322510996 1.4835392252316346 -25.335343702994763
2.9473542124639893 -1.5434559044036027 1.4826506167187996 -25.33525751594827
2.915009128519424 -1.5427249499454654 1.4817446316375507 -25.33515898598553
2.8826530881710637 -1.542054491613078 1.4807953867592603 -25.33511273959563
2.850285627548256 -1.541398502227017 1.4797801328227551 -25.33506806017752
2.817906072872491 -1.5407644509075298 1.478684749813067 -25.335028639121
2.785513669357993 -1.5401582652277959 1.47750578371294 -25.334998539304294
2.7531076754024317 -1.5395847368153246 1.4762522218588463 -25.334982985559158
2.7206874839169077 -1.5389549748132634 1.4749458774874424 -25.334896143038165
2.688252749702568 -1.5382937247028292 1.4736171617992355 -25.33476792425374
2.6558034821467786 -1.5377779246090226 1.4722983037137667 -25.334782376189523
2.6233400579097004 -1.5375250176078261 1.4710282677605848 -25.335066529793878
2.5908630763442764 -1.5374287573389953 1.4698588747402563 -25.335525827708715
2.558373398397352 -1.5372360062016253 1.4688494793864049 -25.335918709987098
2.525872347107399 -1.5369760295147528 1.4680537910729 -25.336284757505467
2.4933618662739727 -1.5367685742217938 1.4675144851809174 -25.33675353245495
2.4608444612225813 -1.536593183703835 1.467253184488743 -25.337312310075653
2.4283228319767924 -1.5363711112746612 1.467267914301342 -25.337885133269033
2.395799553604005 -1.5360240870409845 1.4675405042249838 -25.33839152969434
2.3632769285310515 -1.5354455368892934 1.4680445334590413 -25.338718878318005
2.330756975715426 -1.5346567414844379 1.4687491604622909 -25.33887995367912
2.298241450984751 -1.5337122228716646 1.4696196215254322 -25.338919112556944
2.265731807808726 -1.5318810022583256 1.470614451062155 -25.338092616814386
2.23322928905436 -1.5290373670649406 1.4717052168774227 -25.33626368085737
2.2007350414246662 -1.5257382720481003 1.4728738619838793 -25.333982002818516
2.1682499897344476 -1.5226387407306685 1.474105031554448 -25.331897071432863
2.1357747512336003 -1.520672750768319 1.475388901232275 -25.330938587849438
2.1033096208019493 -1.5193622268874165 1.4766990694781221 -25.330620687941625
2.07085465921037 -1.5182652257705627 1.4780186422720627 -25.330495026172265
2.038409782732503 -1.5170700385239542 1.4793411037739732 -25.330246327498145
2.00597498308357 -1.5155472398636336 1.4806676388654463 -25.329645151436267
1.973550396294878 -1.513819797164314 1.4820081440227322 -25.32881764472475
1.9411362924201152 -1.5117416055492525 1.4833713235467099 -25.327621914724283
1.908733101441654 -1.5096695880861049 1.4847728690827628 -25.32642086082548
1.8763413542574485 -1.5076209686963127 1.486222247107459 -25.325237945393106
1.8439616432077028 -1.5060357906864827 1.4877356538940476 -25.324520393321507
1.8115945895088492 -1.5050926011793515 1.4893246216728169 -25.324453325455444
1.7792407975289284 -1.504330176972141 1.4909895988535802 -25.324579495915344
1.7469008493643698 -1.5034622483807054 1.4927320855454786 -25.324614367497098
1.714575330845224 -1.5022680003681457 1.494551280611281 -25.324337063483405
1.682264819366579 -1.5005909092878544 1.4964431579409032 -25.32358949637039
1.649969851703815 -1.498495984732263 1.4984023806563913 -25.322434152066975
1.617690867353114 -1.496253753325335 1.5004213025253528 -25.32113826368426
1.5854281929561662 -1.4939493280937686 1.5024924453462338 -25.31978399339257
1.5531820571268853 -1.491602638101004 1.504609028812697 -25.318388111495345
1.5209526016789114 -1.4892122581406266 1.5067655817902403 -25.316945756037953
1.4887398980925557 -1.4867784629658258 1.5089580155745235 -25.31545355274647
1.4565439626793464 -1.4843131688045021 1.511183506559168 -25.31391967126295
1.4243647685816199 -1.4818529067586574 1.5134405821241403 -25.3123769427635
1.3922022541147094 -1.4793974491328643 1.5157279663121477 -25.310821404153067
1.3600563349884502 -1.4770889808044747 1.5180479735114252 -25.30939186874192
1.327926898771601 -1.4751093056176154 1.5204037946130657 -25.308266860819586
1.2958138220791784 -1.4737263029281555 1.522804065035908 -25.307712245584597
1.2637169934494683 -1.472915977810097 1.5252596618635146 -25.30770252982216
1.2316364362647345 -1.472258196066096 1.5277867005401564 -25.307816747643145
1.1995724937034227 -1.4717688164624134 1.5304265389681666 -25.308073079768697
1.1675258993358795 -1.4715097898363723 1.533236037634673 -25.308536834075042
1.1354979204408344 -1.471557211957239 1.5362780513371768 -25.30928760810815
1.1034903974325108 -1.4717722769188022 1.5396139863424783 -25.310188039505732
1.0715058245403182 -1.4719565845640434 1.5433056154581166 -25.31103955431015
1.0395473784459408 -1.4716993462114143 1.5473999125294728 -25.311428268035385
1.0076188454234192 -1.471270667702425 1.5519458491019094 -25.31162020953905
