7.8721599887853735 2.813693505476481 0.3304777581982329 -31.268214281155494
7.825242969654534 2.8152439837649585 0.3275780086695954 -31.266823535458144
7.778311199657836 2.8147870100600465 0.3252573543227753 -31.266643968118466
7.7313711001803425 2.812931276354314 0.32351058770211205 -31.26702191984093
7.684422856475525 2.81046860964318 0.3222927814671071 -31.267279094359047
7.637465563797354 2.8093057484262705 0.32150767346561365 -31.265728372462824
7.590499357386475 2.8085604036870047 0.3210425365906913 -31.263502557702218
7.543527905081701 2.8061215479348625 0.32079839018538286 -31.262964325197082
7.496556352202133 2.8030411231729535 0.32061324354182935 -31.263413507830492
7.4495883465776 2.800801565315447 0.3203072604102977 -31.263895442975134
7.402622802105528 2.801287410855755 0.3196799402337313 -31.263135884165166
7.355656078293131 2.8047519667259455 0.3185145390608246 -31.261362092201644
7.308684942807972 2.8100723178053673 0.3166274791540911 -31.26015329237005
7.261710586176131 2.8167587978830873 0.3138382243958447 -31.26040353815535
7.214738292352238 2.8264418525277257 0.30999047010307595 -31.26063031363205
7.167773561855324 2.839416507379521 0.3049784479788876 -31.260584875859358
7.120820764884877 2.855641105799441 0.2987596595027671 -31.26027240545293
7.073882775449424 2.873584836438961 0.2912315380011394 -31.261512020364314
7.0269644036080585 2.8942716436065528 0.2824470044067436 -31.263074675287058
6.98007074763417 2.9199273785830844 0.27268813859061775 -31.262080552870323
6.933206821305911 2.9494385666584924 0.2619575590593135 -31.26022382727107
6.886382346502689 2.982803382289788 0.2504223762035666 -31.2581516218223
6.839608987577283 3.0235619546372283 0.23897625281595364 -31.25090614804443
6.7928946412826745 3.0706521400271307 0.22786554674491905 -31.24046833337335
6.746257187179562 3.120149654643623 0.21667126207447115 -31.23542630422765
6.699723916131854 -3.109144801441408 0.2061055401087826 -31.234727173693884
6.653311511702249 -3.0488468353348623 0.1969951607386137 -31.235290737563666
6.6070258080838755 -2.9823627035450486 0.18993844793237422 -31.236341056980812
6.560870320435609 -2.911300205197096 0.1853864745866285 -31.237572681796337
6.514846931973427 -2.8381800366163548 0.18357024229100743 -31.238246020949063
6.4689546416906545 -2.7659783690287147 0.18447790471139533 -31.23813395597316
6.423192850565478 -2.6973558654783263 0.18794692404791735 -31.2373093271663
6.377562981502321 -2.634190550439734 0.19372492172486414 -31.236023088502243
6.332069270213804 -2.577522464257922 0.20151762118579278 -31.234711020890444
6.286716910358309 -2.5276339190823816 0.21099328457642821 -31.233831114172105
6.241510479712052 -2.4843305515148457 0.22178889232642057 -31.233844153782833
6.196452866631574 -2.446281475901079 0.2333561192047304 -31.233928128931026
6.15154181004026 -2.4124843012780786 0.24531514104027116 -31.233995428173124
6.106773889716174 -2.3816149796868253 0.25727170371750085 -31.233499651068364
6.062147209416132 -2.3527492794438243 0.26900637939098354 -31.23254912060993
6.017660391601318 -2.325457281551733 0.28043432410142916 -31.231667318126796
5.973311026085697 -2.2989060919130178 0.2914405071215153 -31.230636547518117
5.929094271988091 -2.27266773183439 0.3019890197197031 -31.229638321965723
5.885003897622778 -2.2463833501547845 0.3120640093772019 -31.228801272227464
5.8410326548823335 -2.2196842721721346 0.32164199377499697 -31.22804255057939
5.797173695849381 -2.192370565151705 0.3307123486236569 -31.227298595693433
5.753420968331106 -2.1643600538261816 0.3392806485202957 -31.226459506162
5.709769650013175 -2.1358259560157453 0.3473947619390421 -31.22556292067646
5.666217048792427 -2.106792781229076 0.35510180264426056 -31.22424823754669
5.622762513343935 -2.0774927920901485 0.36247699253072735 -31.222271055725813
5.579407380217626 -2.0497318266085087 0.3697206828369668 -31.22141838334727
5.5361530343035446 -2.024719421606985 0.3769077652623449 -31.222588653159562
5.492995346719442 -2.002317862096829 0.3839511039660995 -31.224968398798225
5.44992440386809 -1.9822066482654428 0.39075056770795114 -31.22758637966438
5.406928301371218 -1.9639284445745113 0.39720763562117334 -31.229408490332695
5.3639939752426065 -1.9477801082485988 0.4032991159764762 -31.230505182757952
5.3211118090797305 -1.9344818119806284 0.4090897633303182 -31.231633698554596
5.278277022888695 -1.9235042892167677 0.41461240812054095 -31.232252168063745
5.235486045258371 -1.9148300054213863 0.4199874583438986 -31.23252178977561
5.192738384568984 -1.9074450947371668 0.4252852860737517 -31.23167213299427
5.150035145259835 -1.9008828772583106 0.43060892788741745 -31.229667721877448
5.107380858516442 -1.8951855532673498 0.4360696046809633 -31.22710620027864
5.064783049380854 -1.8927274086920118 0.4418939371576162 -31.227001113997034
5.022251316685133 -1.891019147003603 0.44803075984064095 -31.227483817601716
4.979790221880575 -1.8896768574674463 0.4546199606912088 -31.228732660114467
4.93740172814547 -1.887931970646486 0.46174209424940355 -31.23053534334079
4.895086715014255 -1.8867973274326626 0.46956446875699165 -31.234413199582008
4.85284609659443 -1.8868652221295383 0.4781632653415916 -31.241421366235954
4.810683529513125 -1.8868355794818172 0.48738881608536044 -31.250657340700037
4.768603831513561 -1.8827496976729117 0.49678823131088723 -31.258190906774473
4.7266101191312515 -1.8732882878861874 0.5061145904996432 -31.262522638020243
4.684704835902618 -1.8562201941313792 0.5149773195394484 -31.26074466588897
4.642886796555888 -1.8372917905873891 0.5238432721836863 -31.258952161237936
4.601158267781291 -1.814217834075806 0.5323378476249321 -31.253630996275916
4.5595183718295145 -1.7814415710293212 0.5397640922116942 -31.237075570643242
4.517961439923183 -1.7563184413571447 0.5480059757493632 -31.229388360681384
4.476500140880379 -1.7369299178485729 0.5566626245483783 -31.22725863740132
4.435134560513926 -1.7214446111767134 0.5653441911486821 -31.227580467873224
4.393859322287506 -1.7090324645211532 0.5738834707230699 -31.228706534478796
4.352667400550597 -1.6989307859861282 0.5822001967218351 -31.22940736944841
4.311552292374878 -1.6915059372309762 0.5903651782143893 -31.22998339454992
4.270510454600125 -1.6866886529526426 0.5984478631204341 -31.230445250484813
4.22954077376189 -1.6842278119861362 0.6065189680566029 -31.230709575750595
4.188644003748552 -1.6839483142986647 0.6146565028449086 -31.23086267470171
4.147822326264302 -1.6848887197960711 0.6228641098876609 -31.230299650002124
4.107078375213278 -1.6868601501625429 0.6311903967464544 -31.229229795212675
4.066416232191012 -1.6876100404804346 0.6394951322031798 -31.22595129418591
4.025839696474527 -1.6907544200679427 0.6480939005633423 -31.22434166106673
3.9853551297610093 -1.6973197179822588 0.6570583402757835 -31.225796598485722
3.9449680305610055 -1.7038669089004803 0.6661349136729873 -31.227398205019064
3.9046784689231386 -1.7097269982482632 0.6753367861491957 -31.228805380981882
3.864485077730208 -1.714922685179303 0.6847372202233747 -31.230316594719405
3.824387356698908 -1.7218051937854195 0.6945462559104068 -31.234477700034788
3.7843869872370615 -1.7274688165786554 0.7044541700573942 -31.238761743223428
3.7444825628796625 -1.7285097388939379 0.7140330513674369 -31.2399722941348
3.704669078208887 -1.7263210892082315 0.7232763380939438 -31.239478216321615
3.6649419006240493 -1.72209544490035 0.7321454435465248 -31.238408627288024
3.625296511422416 -1.7168553457777587 0.7405973980387517 -31.237657387001818
3.5857292492855013 -1.7102500043503286 0.748501623667804 -31.236581835148925
3.5462364208454886 -1.7025827462609708 0.7558385023695017 -31.235081659628356
3.506814180967138 -1.6965174005416885 0.7627351361071761 -31.23559567117629
3.4674579685465745 -1.6897141166514271 0.7689382467107536 -31.235358266658125
3.428158338113915 -1.6826631598508062 0.7744511299340939 -31.234594649223062
3.3889063513499993 -1.6766136681735333 0.7792994747862013 -31.234336698561933
3.349694874487659 -1.6718520822800658 0.7834362380638916 -31.234678737755672
3.3105159978627876 -1.667809311977448 0.7868533263081269 -31.234881773266032
3.27136244707226 -1.664430201547648 0.7896501476376017 -31.234803912966903
3.232229245216915 -1.6617067170211575 0.7919624455545932 -31.234423634412167
3.19311283786293 -1.659703271808164 0.7939460489405312 -31.233859191366335
3.154011283092894 -1.658571887976404 0.795760309503705 -31.23336221757753
3.1149242792654004 -1.6573718669045323 0.7975254280066726 -31.232136562171227
3.075852795307323 -1.65759544047112 0.7993763706675985 -31.231818367944705
3.036799265553672 -1.6596451079829084 0.8014080723671265 -31.233012670660763
2.997766698053946 -1.6633415561687663 0.8037324315417574 -31.235707288450797
2.9587575487851763 -1.6677319929011205 0.8065026769318749 -31.239062566025368
2.9197752847670184 -1.671236563757447 0.8098022236881209 -31.241664702455232
2.8808240886276337 -1.674201212177466 0.8136800353942236 -31.244005123172613
2.8419089348171 -1.6758786633618932 0.8180937288158115 -31.245476531172145
2.8030346191288293 -1.6761797129740932 0.8229621295367961 -31.246086575043243
2.7642049125808654 -1.6757043882757974 0.8282062183085785 -31.24650185347398
2.7254230956554077 -1.6746150848517036 0.8337432871493857 -31.246905919173457
2.6866921810579245 -1.672717906830295 0.8394837067234561 -31.247064014192432
2.6480144486128294 -1.6706106636401212 0.8453826996955821 -31.247477230786174
2.609391827129223 -1.666470475629492 0.851261794136461 -31.24613023065222
2.570824598458702 -1.653906994204887 0.8566924051964784 -31.2362989381718
2.5323101135150083 -1.6483547086843418 0.8625403988259799 -31.233555859055393
2.4938521846413506 -1.647151977329458 0.8684859906070703 -31.23501174130059
2.455450470439938 -1.6466716685061702 0.8741773219812583 -31.236826199768252
2.4171010391892853 -1.6466577967618568 0.8795069524693461 -31.238611774752236
2.3787992558058417 -1.6470581752274378 0.8844092352769409 -31.24023420397421
2.3405403538418423 -1.6478108005191836 0.8888437481026225 -31.241591741603486
2.302319490023748 -1.6488466383764069 0.8927966536672334 -31.242622211397972
2.2641320111842735 -1.6502479149631442 0.8962729755908668 -31.243449043887956
2.225973549895012 -1.6520141928215109 0.8992810750685313 -31.244141807835412
2.187839842098688 -1.654034380657472 0.9018278803334562 -31.244678422934058
2.1497266233626484 -1.6546416122069452 0.9038928282687517 -31.243527859976872
2.1116296173616282 -1.654286186103648 0.9054946813976138 -31.241250037575682
2.073544689068351 -1.6530980129869393 0.9066501596042276 -31.2380904870216
2.0354675041091164 -1.6515381543744359 0.9074017003377006 -31.234601696430786
1.9973938374458515 -1.653103652968978 0.9078065794647465 -31.234294551392864
1.9593192709315816 -1.6552556496652229 0.9078943827053654 -31.23479101578348
1.9212400960190634 -1.6572456998347047 0.907744589249704 -31.235430927426926
1.8831536374345335 -1.6593397037944024 0.907460315692522 -31.236517135012868
1.8450582393656663 -1.6614490199718797 0.9071380795264421 -31.237984424915446
1.8069531723821346 -1.6630626365771863 0.9068780294059571 -31.239327240132646
1.7688387622204491 -1.6641880246781169 0.906764436739919 -31.24053174848995
1.7307164267696704 -1.6649113454349398 0.9068517662125277 -31.24165329253681
1.692588249058029 -1.6652783170768177 0.9071678217505837 -31.24269793615607
1.6544566003234746 -1.6650170686792132 0.9077193505802166 -31.243341650633283
1.6163239478798286 -1.6645126557464571 0.9084983543870531 -31.24390880706583
1.5781926042070002 -1.6638121985162677 0.9094889750317606 -31.24438136590129
1.5400646335691552 -1.6628596202808497 0.9106720289917253 -31.244629337138754
1.5019418834070055 -1.6617045551389358 0.9120392662303203 -31.24461372334104
1.4638261132325041 -1.66070918867137 0.9135981941678478 -31.24460565634857
1.425719069953984 -1.6603006500147224 0.9153418396138037 -31.244963096473036
1.387622244733353 -1.6601769045024177 0.9172406347596463 -31.245327640769794
1.3495368565529127 -1.6600157693544682 0.9192535223392945 -31.245335902809096
1.3114638515796575 -1.65881584858581 0.9213183945506682 -31.24397201133162
1.2734039388071683 -1.6575782422805443 0.9233949571096493 -31.242236464257076
1.235357052776539 -1.6566238686691617 0.9254276776426151 -31.240457446578944
1.197322385870764 -1.655510923070744 0.9273547286485323 -31.238218242911664
1.1592985920199919 -1.6549952909108179 0.9291255634657029 -31.236303915725713
1.1212834114679813 -1.6557866667857555 0.9306700934549372 -31.23546655625485
1.0832734867190834 -1.6567823791401195 0.931910781303096 -31.234669157497322
1.0452650383611044 -1.6578098167972433 0.9328084739884551 -31.233783131132974
1.0072538833636349 -1.6588865381443447 0.93335389881962 -31.232851117815628
