7.789073800850685 -2.1725162924224666 2.7032970976374116 -50.42725591106934
7.7084946606926925 -2.1573196508649275 2.7094738445914928 -50.42026237733241
7.627914321881452 -2.1460180609895816 2.715626166290932 -50.41854918476024
7.5473655488731435 -2.1345385267386834 2.7212382822052743 -50.41761205042793
7.4668515923715475 -2.1230494112213822 2.726034922919011 -50.41721007901423
7.386363399276396 -2.112034922890764 2.729714741728548 -50.41740381478329
7.305884571936692 -2.1014275892129337 2.7319521606589205 -50.417735188078666
7.225393010855588 -2.091475899022403 2.7324940109199005 -50.41826867249621
7.144866438432849 -2.0825944964344503 2.7311395556524567 -50.41947894674691
7.064281816747287 -2.074674817788894 2.7277334561848146 -50.4215089533408
6.9836160239276825 -2.0672275410087906 2.7221916358504674 -50.42426086121715
6.902857824203376 -2.058017543786058 2.714709342234741 -50.42580456798509
6.821998234092539 -2.047831924096009 2.7052283883169346 -50.42744015024454
6.741033417256912 -2.0378420285751644 2.6935241333439754 -50.43076945606498
6.659951821510603 -2.0278122840773274 2.6794997934005687 -50.43573230871445
6.578730231468944 -2.016796899815344 2.6632425887681435 -50.44130898066071
6.497338517326431 -2.0043100345046314 2.644869456050115 -50.44687620650389
6.415743487518321 -1.990164176338196 2.6245118538289933 -50.45206927116462
6.333913657164344 -1.9746535914628711 2.6022481528092056 -50.45702541068938
6.2518214058209844 -1.958079663406353 2.5782024099104026 -50.46185623514785
6.1694427593582155 -1.9394343358939405 2.5529652076077927 -50.4650751839243
6.086762168627149 -1.9168251771284324 2.5276252051523964 -50.464039300998515
6.003775646313056 -1.8938828151608804 2.5015266492540147 -50.46282555613046
5.9204734977149815 -1.870844407981795 2.475101547001297 -50.46123257750632
5.836844644172067 -1.8484427995509067 2.448634259784619 -50.45964312839208
5.752880898713866 -1.826768514184309 2.4225844466263933 -50.45773361459472
5.668562138692574 -1.807375487844799 2.3967695461443426 -50.45717987694757
5.583873257311884 -1.7919209822571114 2.3709444963145523 -50.45975686128495
5.498813531198788 -1.7781483170600467 2.345975398541915 -50.46270250744288
5.41340292942988 -1.7646103473588255 2.3223224481141416 -50.46435389142399
5.327668884718186 -1.7506748012563305 2.300130949285017 -50.46408811285335
5.241639683691825 -1.7365155147332125 2.279295444631086 -50.462244982659506
5.155340890141986 -1.7237057514730136 2.259355900037261 -50.46072150547642
5.068791826193546 -1.71138374573836 2.240409473569694 -50.45873916166097
4.982010549156499 -1.6987650898175972 2.2224841367829633 -50.45562479104074
4.895014812364177 -1.6866399254699873 2.205266534236293 -50.4523902340774
4.807820488849496 -1.6750015196741386 2.188607325751521 -50.44917044009502
4.720441488385005 -1.6619611096077924 2.1726977616513334 -50.44409949925992
4.632892506627569 -1.6488507730501272 2.1571307384367127 -50.43872789052959
4.545186503585356 -1.6367947017621987 2.141584836950757 -50.434368655243134
4.4573364732023215 -1.6261743831673134 2.1259171940499275 -50.43153405360708
4.369348663087188 -1.6160927070065139 2.110256365583029 -50.42936323117884
4.281223008255092 -1.6064094857521412 2.094605832833515 -50.4277506034116
4.192957437683939 -1.5970873211791472 2.0789531700418666 -50.426678094485524
4.104548076910689 -1.5879309018631251 2.063321534758511 -50.425943518083834
4.0159894636100555 -1.5788808209805512 2.047721327992464 -50.42547477049748
3.9272755311624308 -1.5701539770958488 2.032123904547338 -50.425483468001616
3.8383993600065422 -1.5614157571339666 2.016600378247335 -50.42559305865774
3.749352458057955 -1.552497841665687 2.001201046455121 -50.42558458542302
3.660126476544861 -1.5435517320344634 1.9859282949491754 -50.425565156120676
3.570713890851543 -1.5346238619953292 1.9708051343646358 -50.42552320580144
3.4811082925759234 -1.5255385551621186 1.9558926842316096 -50.42520598382316
3.391305391322891 -1.5155842940695152 1.9413521739695216 -50.423791050183326
3.301304367445991 -1.505125344477348 1.9271596973244218 -50.42159834313608
3.211108873787872 -1.4943004743151231 1.9133291415233118 -50.418725431121985
3.1207267864151356 -1.483541435024605 1.8998452757656044 -50.41559945421216
3.0301685997816348 -1.4731898473535259 1.886737224260878 -50.41256783964965
2.9394466001911583 -1.463900893705298 1.8739945396297115 -50.41031955233107
2.84857320910338 -1.455864392992696 1.8616745294572048 -50.40906984469598
2.757559174763934 -1.4487226308100019 1.8499142585932804 -50.408474656148464
2.666413299617234 -1.443521310686388 1.8386703080130378 -50.40964157838575
2.5751431016197763 -1.4399627080937611 1.8280677026886958 -50.41229643474395
2.4837579448539606 -1.4362662290333712 1.8183547789416286 -50.41466101595132
2.3922694664953457 -1.4324524755793369 1.8095711505352186 -50.416805828880236
2.3006875660974524 -1.4288428236234811 1.801734470390843 -50.41909295941987
2.209020964678071 -1.4246550047344027 1.794944909455282 -50.420746341754956
2.1172790713501892 -1.4200998336897934 1.7892034319898542 -50.42199933346292
2.0254724529147063 -1.4153130766019497 1.7845120127090557 -50.42300590843338
1.933613526836564 -1.41020668365544 1.7808730234602284 -50.423701210389396
1.8417161743503225 -1.404963510193683 1.7782671566742263 -50.42430468677074
1.7497953031848772 -1.3996056455783499 1.7766739524014248 -50.42488434176051
1.6578665870483427 -1.3936738142969733 1.7760693115002275 -50.425035844891966
1.5659458210101678 -1.387389758344045 1.7764092286409467 -50.42505481929222
1.4740499191091108 -1.3809993308554085 1.7776389575950904 -50.42528418200562
1.3821945383482979 -1.3740962407341977 1.7796719092336524 -50.42542323686096
1.2903943394722408 -1.3662820194571923 1.782390903951997 -50.425200605139956
1.1986645852924789 -1.3575075633427869 1.7856634405164453 -50.42473382218003
1.107022701623548 -1.348092460854334 1.7893401729308405 -50.42456905104303
1.0154881381552425 -1.3379166055915792 1.7932318646844516 -50.424883467823065
