7.85382195144447 2.989492241582667 1.579198999410497 -11.340138863520584
7.792889808457564 2.9953694273842943 1.5806314837459536 -11.332663837436947
7.731942848301773 2.9980873198965443 1.5820639818514837 -11.328344034918244
7.6709983189269595 2.9972106483289007 1.5834031140268374 -11.327602627118765
7.610068321150527 2.99583549653932 1.5845303732830192 -11.327334397606355
7.5491519637273345 2.9942399197458816 1.585369121815029 -11.327260293914255
7.48824336776478 2.992406284250946 1.585856119196154 -11.327399740013352
7.427333480314045 2.9902289742814734 1.5859444089994545 -11.327861534884997
7.3664097933368415 2.987662989469326 1.5856083304343407 -11.328695250876375
7.3054572841139205 2.985288017021744 1.5848440927969407 -11.32932658443317
7.244457887350426 2.9841833117654937 1.5836960178967447 -11.328683122542012
7.183392662544523 2.98442604157898 1.5822885887960119 -11.326694866872264
7.122246833277762 2.9853526271062103 1.5807892589922545 -11.324029866444866
7.061013232640871 2.9853859494106105 1.5793583977136392 -11.322264754364326
6.999688523317567 2.9839708038131962 1.5781428713011865 -11.321952108743071
6.9382686393979345 2.98130860456632 1.5772546593151624 -11.322889453245878
6.876747589335172 2.977572071113392 1.5767560997738217 -11.32490591035001
6.8151180518393115 2.972964884048246 1.576693124638548 -11.327802193705264
6.753370866923008 2.968066123878265 1.5771001557966 -11.331005986200955
6.6914944523208515 2.963070399180085 1.5780040034296459 -11.334332722236972
6.6294755089594135 2.958329799854538 1.5794144332005282 -11.337441705014955
6.567299155725498 2.9551129929301223 1.5812991689293234 -11.339072566868943
6.504950167517553 2.95204790834165 1.5836378373936195 -11.340613942191299
6.442411083450454 2.9492417646680233 1.586354821608363 -11.341970760078025
6.379666486435832 2.94644923880426 1.5893526515068572 -11.343400522389416
6.316697041448554 2.944627984176937 1.5924938165085374 -11.343950889482848
6.253490919594083 2.9439430844676564 1.5956827335277515 -11.343461347858206
6.190036898094614 2.944225382882935 1.598808268616356 -11.342107541848494
6.126322868012283 2.9443435168139476 1.6017770244213911 -11.341039155194064
6.062335447572824 2.9451064630309647 1.6044599249969518 -11.339448400446477
5.998066715545576 2.946229915540614 1.6067833126678939 -11.337628578326788
5.933517290533819 2.9480635747216732 1.6086845293992145 -11.33522446928969
5.8686960558366295 2.9509145841490905 1.610123598812741 -11.331916603126434
5.803618891492474 2.9541042665012713 1.6110951221561407 -11.328378754851403
5.738304528113567 2.9571025613930573 1.6116086801930936 -11.32513162721924
5.672770543598747 2.959984389466407 1.6117007447483838 -11.322082883265498
5.60703326630367 2.962782477477063 1.6114482464326543 -11.319185316526799
5.541107456763226 2.9667536741626215 1.610986445647862 -11.315149855330654
5.475006900673 2.9702304956056573 1.6104854222997556 -11.31165939266989
5.408744924927413 2.972837248584756 1.610142026166295 -11.30908188986977
5.342331614719585 2.974137835247147 1.6101609307593157 -11.307850537975218
5.275772762891538 2.974497583775238 1.6107299392698247 -11.307592829146339
5.209069426760157 2.9740360352719994 1.611971821781288 -11.308194117960664
5.1422186812978055 2.9732415339810014 1.6139520429930725 -11.309167213845573
5.075215062305335 2.9724353525549847 1.6166930459074105 -11.310195843039457
5.008053116985862 2.9717413972883024 1.6201827762184624 -11.311162514184721
4.940728639313987 2.9712222055258746 1.6243817085092442 -11.312008873302416
4.873238839142952 2.9709612371275362 1.6292269005356341 -11.312651925262326
4.805582178407194 2.9709565100555624 1.6346392673883958 -11.313093176118407
4.7377577315955515 2.9713200447711174 1.6405167631262711 -11.31321462940148
4.669764004404665 2.9718334342153057 1.6467715262061327 -11.313234899501122
4.601599408940086 2.972256185915542 1.6532981309942503 -11.313395998369893
4.533261364117189 2.972477635592865 1.659981075615024 -11.313809462355309
4.4647455548354955 2.9728276659768142 1.6666782613223152 -11.314140599530054
4.396046596933117 2.973262150635251 1.673271252873328 -11.314441693135114
4.327158496651925 2.974384326681308 1.6795882085107898 -11.314104080752651
4.258076869488585 2.976138333168038 1.6855208349489372 -11.313194294926335
4.188799250375438 2.978471113764277 1.6910007499395459 -11.311772150309734
4.119326841614068 2.9814758568866653 1.695981299352981 -11.309739593395165
4.049664977640036 2.984902682678923 1.7004518500537769 -11.30734245140842
3.979822221192537 2.9887029605501696 1.7044158642831577 -11.304614772361843
3.909809441436471 2.992376514998864 1.707908729147358 -11.30205163259581
3.839638236917549 2.9955892252785823 1.7109764511272734 -11.29997589534888
3.7693194850978378 2.9985791864531817 1.7136882318964184 -11.298119071972296
3.6988631263747878 3.000933612498778 1.7161568721351095 -11.296875395352979
3.6282804469530925 3.0015864583510967 1.7185052080304724 -11.297302850672816
3.55758144773457 3.0012754833577513 1.7208425991619294 -11.298613699737482
3.4867722885169457 3.000955626989509 1.723281753640874 -11.299814248672897
3.415856312159498 3.000274845793732 1.725923629760264 -11.301254066864068
3.344836139243796 2.9991727459201454 1.728832709150158 -11.30298310059101
3.2737145220451316 2.99744051567115 1.7320496845221356 -11.305202083140525
3.2024946752705774 2.9946137197923415 1.7356009181756182 -11.30837170175869
3.131180596513786 2.9909202795520757 1.7394845461493926 -11.312247191085447
3.059778697198647 2.9871164668742014 1.7436700911253151 -11.316047186228172
2.9882972428234553 2.9836922729259077 1.7481244920338077 -11.319265955666312
2.9167454209157655 2.980637385263541 1.7528142419770927 -11.321910838487758
2.845133275910048 2.978240858715075 1.7576876905670906 -11.323690540222728
2.773471671074779 2.9758608511415447 1.7627182198062528 -11.325255508040307
2.7017719853696325 2.9733445720664524 1.7678711832610172 -11.326764510018219
2.6300447176140707 2.971052681695225 1.7731022732085813 -11.327864177657226
2.558298438419317 2.969396356222867 1.7783814883888285 -11.32815769289486
2.486540024912538 2.968316133758823 1.7837018239258537 -11.327724110774081
2.4147758959173586 2.9670467485545906 1.7890809926245823 -11.327350170339864
2.3430111204754813 2.965707669073247 1.7945224679990779 -11.32694611430538
2.2712475103059453 2.9643396744360664 1.8000518232227396 -11.326511749275022
2.1994827404814963 2.962685009237021 1.8057045022272962 -11.32634189616976
2.1277121226679876 2.9608945572110117 1.811484096795811 -11.32630946766609
2.055929300441508 2.9590872037222384 1.817372842132063 -11.326312686559957
1.9841273136336761 2.957421223916885 1.8233437717663705 -11.326203054798603
1.9123000678752196 2.9559522176261877 1.8293777192372052 -11.325925081219358
1.840443069915223 2.954600046483362 1.8354683643265535 -11.32555091130145
1.7685535036749824 2.9531585531076647 1.841616377438479 -11.325271565650889
1.696629704787775 2.95142148220578 1.8478169097524566 -11.325271673217518
1.6246703490702439 2.949461549142737 1.8540347468487468 -11.325449726110655
1.5526739342016225 2.947317424003697 1.860211403098674 -11.325733458729792
1.4806393510031128 2.9449092391826834 1.8662774026822302 -11.326161121635103
1.4085663435275892 2.943213615792548 1.8721299559420066 -11.325694359192495
1.3364570941149572 2.9421087776400823 1.8777250204282594 -11.324390055208656
1.2643174138608106 2.9409967127381473 1.8830544390461679 -11.322771176336087
1.1921562856017203 2.939046067897648 1.8881301008328022 -11.321591177057078
1.1199849783443334 2.936275510666064 1.8929709221651372 -11.320741948160228
1.0478161929702454 2.9320266480759507 1.8976073308835648 -11.320777449702089
