7.893444470560266 1.9856870798789026 2.1653696817703603 -16.22984647088063
7.856099564441585 1.9878512141426492 2.165855586090731 -16.22899001953767
7.8187382039670235 1.9907660990616616 2.166571637700637 -16.227227814410064
7.781363943962882 1.9932286438359326 2.167452983882404 -16.225807681633096
7.7439795387712325 1.9945642542849666 2.1684247489432895 -16.22542134587767
7.7065877348753515 1.9951377600933318 2.1693838934357066 -16.22571297775588
7.66919109032097 1.9950017501886446 2.1702026785052904 -16.22662834187706
7.6317906822672 1.994197776331876 2.17071917171799 -16.228107734826814
7.5943871255641 1.9940129823687844 2.1707468768165583 -16.2288537326922
7.55698162736627 1.9948506453079613 2.170135262799319 -16.228466772937452
7.519575910906003 1.996074158491502 2.1687735944261535 -16.227589892769046
7.4821742788715975 1.9973551765803874 2.166574714646408 -16.22656411071094
7.444782909521409 1.9985086728497063 2.1634739671964627 -16.225594144868957
7.407408714150989 1.999756206554535 2.1594474298906134 -16.22447941255004
7.370059034815294 2.000800871244111 2.154482867598065 -16.2235278535536
7.332742073540068 2.0014442804392987 2.1486017936264745 -16.222944179430716
7.29546624539478 2.001810386329352 2.1418759965704353 -16.222601662448348
7.258239506670988 2.0016180982388785 2.1343758261947143 -16.22275862155869
7.221069039386082 2.0013936469294946 2.12623355041342 -16.222854557983702
7.183960721714041 2.0012646403694725 2.117552626758559 -16.222704508679172
7.146920675934298 2.0009747211343436 2.108408136762695 -16.222506304175973
7.109955519862583 2.0005235180337317 2.098894346524953 -16.222218392842787
7.073071611612968 1.9997067089200258 2.0890819477453424 -16.22201204789608
7.036275188329417 1.9983628384312508 2.079040313421388 -16.222032250087686
6.999571541502859 1.9966864039162198 2.0688738585271267 -16.222096521126893
6.962964426044651 1.9967497580797091 2.0588827747146943 -16.220206445661866
6.926454698691133 1.996460237151849 2.0489689815776693 -16.21842038141431
6.890044616617048 1.9940052756601154 2.0390850809536625 -16.21850290227013
6.853735974537697 1.9904559559061368 2.0294774435160012 -16.2194222691041
6.817526413942 1.9863067391592717 2.0203185254858176 -16.22071486888293
6.781411753909883 1.9821697892243224 2.0117616142312382 -16.221812839292053
6.74538725497574 1.9780628322400968 2.0038836452457534 -16.222720019703836
6.709448615833254 1.9739934117201001 1.9967306827018219 -16.223453349639584
6.673592179162273 1.9702825953237777 1.9903258750323127 -16.223738388811853
6.637814760431759 1.9675720103874006 1.9846758085777765 -16.222997987193303
6.602113669346088 1.9666483965542343 1.979754192487864 -16.220522021347065
6.566486625925578 1.9676586046242668 1.9754923728298521 -16.216227106578152
6.530931163871139 1.9685652466839476 1.9717344836047093 -16.21213991209927
6.4954472052296754 1.9686142851269777 1.9683825562261006 -16.209062602623053
6.4600344107277845 1.965408147296248 1.9652584279463352 -16.209380857198767
6.4246932011429045 1.9618198264712887 1.9622500511055532 -16.210376997357596
6.389422058675072 1.9582843332028943 1.9591068340996527 -16.211629072868945
6.354218713150959 1.9549449478189718 1.9555955216309977 -16.212960750789634
6.319080241928464 1.9525577558245992 1.9515458388586917 -16.2136226305528
6.28400269800476 1.9503460469022835 1.9467807217893944 -16.214380622537654
6.248983052295613 1.9466532367731564 1.9411062199776368 -16.21688483820371
6.2140211222730475 1.9411409990552289 1.9343998660439687 -16.221509646102316
6.179119033122098 1.9357882282705154 1.9267304522111997 -16.226336924922094
6.144279669556726 1.933677924547401 1.918370868114824 -16.22831218630979
6.109505006687462 1.9344167025944232 1.9094291842727993 -16.227778455608576
6.074797639543292 1.9353706845500007 1.8998380707734888 -16.227288226904147
6.040162120872474 1.9368099241599672 1.8898169482373612 -16.226484691974406
6.005602999451406 1.9484079789274868 1.8805811383997113 -16.2155889225376
5.971117384617138 1.9565211733718282 1.8709027672343554 -16.208131713039744
5.93671660664868 1.9574473503903538 1.8605650124452822 -16.20770227952604
5.902410564317414 1.9562837262245105 1.8502748154831685 -16.209133130625553
5.868200326916319 1.9548542884276785 1.8403731582982217 -16.21055928648602
5.834083590351957 1.9533961974017005 1.8310034863676907 -16.211719679235046
5.800057357847328 1.9518949125915057 1.822235436657078 -16.212631322735355
5.7661184982964375 1.9503117665899978 1.8140753980354496 -16.21335765994268
5.732264816410047 1.948621948328666 1.806489806613715 -16.213957073269057
5.698495500641468 1.9468037234340354 1.799426215885053 -16.214491999723613
5.664810951206544 1.945334642889823 1.792850014434153 -16.21454443593354
5.631212277397203 1.9457246912759 1.786776419776348 -16.212694205246834
5.597700791236264 1.9443222754117222 1.7809025765512352 -16.21257592670144
5.56428127634674 1.941573448294193 1.7751745046505358 -16.213816940485213
5.530956500055689 1.938470624932398 1.7695411208503031 -16.215497297406117
5.497727251417294 1.935349584703701 1.7638731439764272 -16.217323608651917
5.464593898184753 1.9330268244161313 1.758036715867628 -16.21851941662095
5.431554537089195 1.9315790590776751 1.7518897398346058 -16.219031675640267
5.398608387890984 1.9306826464092457 1.7452942426112041 -16.21920170686525
5.365755622794511 1.9278519643631038 1.7379940273494812 -16.221505443150633
5.332997994918479 1.9240286468880445 1.7300047747140328 -16.2250356148686
5.300336369450668 1.9215823210520049 1.7215406613358932 -16.227446502638394
5.267769777572936 1.9221653765435716 1.712851675719836 -16.227072250566238
5.235295365126491 1.9230216634647606 1.703840705456524 -16.226615019850488
5.202911949636045 1.9238791261040409 1.6946332633398147 -16.226300753268788
5.17061870151675 1.9254305184863179 1.6854431797322673 -16.225387707499454
5.1384145828777035 1.92902268942551 1.6765407350343835 -16.222482715662466
5.106297689657309 1.9299740185623258 1.6676349604767728 -16.22223624201934
5.074267933529518 1.930565000955087 1.6591145694161415 -16.2223520857276
5.042320032529262 1.9300659147501635 1.6510879023936829 -16.223546835845976
5.01044803474388 1.9294431971316965 1.6437995634408102 -16.224843726349114
4.9786438933302755 1.928577743333066 1.6373621435999166 -16.226354561081962
4.946899518622199 1.9280226264836402 1.6318530446763102 -16.227525136509634
4.915206808339638 1.9279694176751236 1.6272449641181423 -16.228165377547462
4.883559225301671 1.9280434260612689 1.6234424341469398 -16.22865328391913
4.8519528027065455 1.9288129477896392 1.6203620404927173 -16.228428391995728
4.820384710658502 1.9317978468068473 1.6179152772300391 -16.225981453869164
4.788853054378369 1.9375459966176978 1.6159673601109497 -16.22077462805268
4.757357072141581 1.9395037688381807 1.6142421234503468 -16.219362771715584
4.725899339334684 1.9383628226648293 1.6125985278466008 -16.221071181111043
4.694481596916697 1.9361094136479926 1.6108615597095668 -16.223929173929697
4.663104696731481 1.933181917203361 1.6087866245350575 -16.22750821897238
4.631769327566559 1.9303875998274946 1.606139947752545 -16.231009778043777
4.600477145946842 1.9282654226556923 1.6027374645323234 -16.233902142166045
4.569231196034915 1.9252853689122715 1.5984081427557422 -16.237719691835316
4.538036553479427 1.9226974195041544 1.5931472352667402 -16.24121165342997
4.506897539436247 1.9189853427868173 1.5868705185420722 -16.245887130479282
4.475819264838248 1.9169323157126092 1.5797771053113934 -16.24893838894179
4.44480569652251 1.9178527425832415 1.5720774778240387 -16.249020203545545
4.413859650000895 1.9191128355712717 1.5637315710151325 -16.248744735928156
4.382984904375783 1.9203866160088 1.5549019642726856 -16.248412498813686
4.352184466197692 1.930895203890765 1.546666680361129 -16.23876501362438
4.321454969294013 1.9439286402566711 1.5386217875305832 -16.226534686484587
4.290798382654002 1.9454567802154914 1.5296487795280982 -16.225787156883616
4.260224053865895 1.9449135046004133 1.5208401989795974 -16.227089321968037
4.229730141984633 1.9443911637733604 1.5125647868477636 -16.228365919543066
4.199312210832921 1.943922967182555 1.5049525989904344 -16.22960796163957
4.168965330764314 1.9434934595547744 1.4980616311901485 -16.230853336100154
4.138684676861055 1.9436056697450521 1.491928343885082 -16.231614660182537
4.108465794344071 1.943964895075152 1.4865039833321245 -16.232197601398244
4.078305881776909 1.9444180913332396 1.481738161160146 -16.232762996461503
4.048202999531753 1.9450953040502894 1.477591416529457 -16.233183445615772
4.018155481471842 1.9474581713376187 1.474069225568791 -16.231986800974468
3.9881610873215134 1.951686178764849 1.4711090584685405 -16.228982918600124
3.958217764253932 1.9566013245258227 1.4685975103027782 -16.225345183247356
3.9283240257395255 1.9598849269183864 1.466385493766213 -16.22339532495979
3.8984793911347526 1.959842578325482 1.464314722951023 -16.224829621489008
3.868683699304404 1.9592168692301435 1.462283235753204 -16.226875623752065
3.8389360762680855 1.9578619755171038 1.4601135842268043 -16.229677496075404
3.8092363647884926 1.9565268053131764 1.4576676776817283 -16.232479835378165
3.7795842940554585 1.9557175057736447 1.454828635460815 -16.23476431591324
3.7499799757231194 1.9556656718225562 1.4515064634323827 -16.236283009352434
3.720423886085067 1.9557048562975783 1.4476183747567457 -16.237687336530037
3.6909170489385588 1.9555407324906613 1.4431222061898668 -16.23925142056295
3.661460903290066 1.9556795457978131 1.4380389275007737 -16.240444346799773
3.632056918608292 1.956037490486253 1.4324050025206565 -16.2413305587886
3.6027068092832337 1.9562279162436294 1.426274682093566 -16.24228368480656
3.5734122048742907 1.9565591545524685 1.4197747100211966 -16.242988423801282
3.544174397551348 1.9572709315725298 1.413039922038662 -16.243213405913984
3.5149944532288178 1.9646838046322501 1.4066516441493888 -16.236650970429586
3.485871021599629 1.9695786715227446 1.4001098843416901 -16.23256692392711
3.4568066511284017 1.9690462195160878 1.393385752215178 -16.23390460464001
3.4278027066834658 1.968170806175058 1.3869929962237595 -16.23560012896154
3.3988556784269557 1.9674051662192 1.3811006528237775 -16.237220555602118
3.369961151938627 1.9668393472803865 1.3758171445911023 -16.238695416776316
3.341114504555232 1.9664737171865323 1.371205661863559 -16.240039273410083
3.3123114447912223 1.9663365333511917 1.3672932718169422 -16.2412333173167
3.283547902621464 1.9664404882788105 1.3640719140856998 -16.242266668514795
3.2548201660243663 1.966725847227434 1.3615096313183976 -16.243194346642632
3.2261248048975424 1.9674352566479634 1.3595666077170447 -16.243760151936435
3.19745856591813 1.970358577286164 1.3582167174077093 -16.242143607165122
3.1688181334996477 1.9752414283428372 1.3573819033995818 -16.23857759518895
3.1402006746244964 1.9806882733191808 1.3569683215942667 -16.23444633343906
3.111603759993605 1.9842896609923608 1.356878748175836 -16.2321578706932
3.0830248493900925 1.9848443656035908 1.3569975749914183 -16.232901239414826
3.054461628326409 1.9848658078422892 1.3571868142376031 -16.23413232790842
3.0259124302890448 1.9843820193067845 1.357302759674276 -16.23581969723928
2.9973763639177973 1.9829343730141367 1.3571997530880402 -16.238429813104414
2.9688531722783047 1.981338492299818 1.3567341547227902 -16.241146323048813
2.940343569237341 1.980326615185153 1.3557956037939383 -16.24323315089323
2.911849617672795 1.9798594452449565 1.354329855340878 -16.244716024224893
2.8833738911025177 1.9796125120849941 1.3523092858778005 -16.245903784455784
2.854919203518475 1.9795411850619478 1.3497332520624894 -16.24682762858437
2.826488526783471 1.9795867430618792 1.3466258049267685 -16.247538274462606
2.7980847961292175 1.9794985678894639 1.3430288749415435 -16.24828576685651
2.7697108180543664 1.9794184524597846 1.3390197317367194 -16.24893614989918
2.7413689901222913 1.9796748844004999 1.33469872177984 -16.24917617889944
2.713061425316507 1.980626050189357 1.3301804501992744 -16.248670256524505
2.6847900941456055 1.9850102865163408 1.3257083707913961 -16.244716244960635
2.656556485521426 1.986817601520325 1.3210814105593798 -16.243348420085837
2.6283626650312573 1.98742899024218 1.3164509896026517 -16.243219637538225
2.6002094430518796 1.9873318806316758 1.3119256370966859 -16.243856503682366
2.5720965677174035 1.986786261775994 1.3076049716074793 -16.245000596457785
2.5440227535849353 1.986367040769332 1.303613343298685 -16.246077653243113
2.515985806725095 1.9860713954479825 1.3000438784067907 -16.24709197205148
2.4879830552758784 1.9858899159923369 1.296962527442636 -16.24805353490634
2.4600114983972015 1.985817809286093 1.2944122936551994 -16.248965545809902
2.432067867376823 1.9859325566101824 1.2924177396721597 -16.249744659459044
2.4041486506634415 1.9863705145380866 1.2909843325443249 -16.250243510695356
2.3762501855214055 1.9878601772515914 1.2901105891545104 -16.249713285076837
2.348368780039323 1.9901320556863888 1.2897712322197474 -16.248401722526232
2.3205006815483813 1.9932591161087023 1.2899254599268068 -16.246214073042914
2.2926420446034363 1.997042297839341 1.2905113523120926 -16.24332890103467
2.2647891139444902 2.0000613420503996 1.2914475233429425 -16.241154439507767
2.2369383074219447 2.0008168333788716 1.2926581697184785 -16.24118191573836
2.2090860173198346 2.001075801964656 1.2940290952817712 -16.241627924236198
2.181229676124259 2.001133929271217 1.2954548678346305 -16.242191856866327
2.153367583404162 2.0008235895814286 1.2968321720756226 -16.243046539807636
2.1254989043323804 2.0001852079367985 1.2980578695463714 -16.244162710734496
2.0976236806396744 1.9991703384281037 1.2990338717255592 -16.24559585811957
2.0697427735296365 1.9980998657488713 1.2996682667468717 -16.24702689436269
2.0418581033640435 1.9972296091459443 1.2998980622035967 -16.248199884268445
2.0139724403952584 1.996508394791286 1.2997038993084167 -16.249165584678483
1.9860888271196335 1.9958070232341611 1.2990942970023185 -16.250052834557067
1.9582102447165959 1.9951361657237106 1.298098220662774 -16.25085412707881
1.9303395245927433 1.9945101245347008 1.2967609388139212 -16.251562231866828
1.902479257007016 1.9939865579958738 1.2951389895471739 -16.252128573073914
1.8746317439206874 1.9938180393765905 1.2932975798882242 -16.25231375073517
1.846799091304186 1.9940542135131334 1.291293835274628 -16.252084691607443
1.8189833342711081 1.9943233491572718 1.2891712593238527 -16.2518300059471
1.7911863455313803 1.9943977316370713 1.2869830144702439 -16.251792201287266
1.7634095666262597 1.9944538067417958 1.2848035527320556 -16.25180649503298
1.735653863350358 1.9953950361634003 1.2827265034805893 -16.250972838323726
1.7079196568017194 1.9971294498073966 1.2808207025471392 -16.249377594334845
1.6802067803916814 1.9984572307980615 1.2791316302401503 -16.24821034066816
1.65251420851016 1.9992212724116853 1.2777318123563508 -16.24762351930989
1.6248401084355317 1.9996628122040945 1.2766873651537183 -16.247368412667456
1.5971820375999766 1.9999870711124121 1.2760487150344382 -16.247224330777392
1.569537012418505 2.0002001689663786 1.2758553434277742 -16.24716427565764
1.5419014981233656 2.000377173354874 1.2761394550818466 -16.247094308441856
1.5142714512934177 2.00069117551887 1.2769122535689184 -16.246825329615284
1.486642573334753 2.0011030866232806 1.2781578691366893 -16.246382564507996
1.4590105468741736 2.0015165583868875 1.2798436957751167 -16.24585122878006
1.4313711839038534 2.00188059274128 1.2819253421281602 -16.245274522924262
1.4037205801827441 2.002229069399094 1.2843513354473475 -16.244613611884
1.3760552561132893 2.002651844202381 1.287068120066569 -16.243776548603662
1.348372248978034 2.0031544300636597 1.2900243195249645 -16.24276089546361
1.3206691147173566 2.0034528354130976 1.2931715992185173 -16.241858788681384
1.2929437939391961 2.003042312601242 1.2964621074239355 -16.241587939118723
1.2651945316614839 2.002334129432733 1.2998159036482628 -16.241555800803713
1.2374207427717525 2.0013429515178296 1.303158043226476 -16.241757411121206
1.2096227313226482 2.0002952460845527 1.3064079784460132 -16.241967679360265
1.1818017785896273 1.9989361424202179 1.3095005345057418 -16.242435575033536
1.153959658823696 1.9971528223898216 1.3123797158952222 -16.243266579330317
1.1260985468975646 1.9951268198376237 1.3150051226344623 -16.24427370360285
1.0982210816435245 1.99308280663502 1.3173561490033372 -16.245226999577355
1.0703302732415596 1.991215865267343 1.3194342049401682 -16.245926079815575
1.042429354462196 1.9895700384531354 1.3212639387691472 -16.246320873816238
1.0145215406937709 1.9879625203788283 1.3228876307895407 -16.24658676534054
