7.930941720776474 -1.8632198549930392 1.6466628855069916 -3.650045701348285
7.8698759354981584 -1.861423229213744 1.6485405630004513 -3.6469729535895556
7.808789974930002 -1.8612505376306765 1.6498504047705373 -3.6455597727867475
7.747693913306629 -1.8613544649914358 1.6505190295148924 -3.6444364730361603
7.686588061627383 -1.861773483332397 1.6505111544757738 -3.643626940266534
7.625468696759733 -1.8624711251710349 1.6497649994925714 -3.6430834254668016
7.564328948399636 -1.8629480534986824 1.6482015870338034 -3.6422978620278514
7.503159229677631 -1.8629813093659595 1.6457310956821403 -3.641042788475568
7.4419493878197605 -1.8627607438631577 1.642250470572536 -3.639507538400485
7.380689782773635 -1.8623012573300084 1.6376560717783974 -3.6377079990899346
7.319371715915158 -1.8616662224881106 1.6318476698543323 -3.635707894478863
7.2579874243684985 -1.8616857453094244 1.624702615270235 -3.634336618640606
7.196529837205859 -1.862962128642335 1.6161216997479975 -3.6341916300598283
7.13499127278272 -1.8651311783159064 1.6061138430825115 -3.634900416747457
7.073363401805499 -1.8680087579341544 1.5947183009366803 -3.6362678120497978
7.01163581314005 -1.8714264904573008 1.5820023231349534 -3.6381128758221775
6.949796337204888 -1.8750991937240962 1.5680787355306773 -3.6401355991041
6.887831064619773 -1.8790736493666784 1.5530448191753183 -3.642364849892515
6.82572493809586 -1.8839442383083058 1.5369432121338757 -3.645371861066496
6.763460344210224 -1.8887778795662147 1.5201049271869063 -3.648203351808969
6.701020491024297 -1.8941302994893003 1.5026292961226957 -3.651390417463909
6.638390787412746 -1.8991424634249843 1.4848399490063282 -3.654056676129249
6.575562091652378 -1.90398184540618 1.4668522735017593 -3.6563507240468685
6.5125244113211265 -1.9087399279527428 1.448770987684933 -3.658351838160437
6.449271857447307 -1.9132866791338181 1.4307229060377817 -3.6599206585259703
6.385802616387361 -1.9178903796738629 1.4127569848655708 -3.6613077826459444
6.3221155973302405 -1.9226843127678384 1.3949530310489855 -3.6626268651104095
6.258209422624185 -1.927533994154499 1.3774235843387335 -3.6637285217697166
6.194083616533409 -1.9324843563125578 1.360220491666039 -3.6646420257760055
6.129739107269823 -1.9374781957012688 1.3433816883945051 -3.6652998124741214
6.065178316456534 -1.942509059042607 1.3269077211428053 -3.665687521294724
6.000404849699369 -1.9476855430659326 1.3107585416372904 -3.6659046379540676
5.935422926033797 -1.9531200078478832 1.2948815546127619 -3.666054580354935
5.870236902170553 -1.958852285097454 1.279230629784481 -3.666171715257991
5.804850682219702 -1.9650360173794252 1.2637430865064494 -3.6664037527112012
5.7392668926255155 -1.9715526361351723 1.2484055676816537 -3.6666430144270645
5.673486656616063 -1.978306688580729 1.233203523491528 -3.6668109841690177
5.6075096661202 -1.9852794515699916 1.2181043134343774 -3.666906770671602
5.5413348181147954 -1.9924027234267514 1.2030848005404529 -3.6668836175458086
5.474960989707225 -1.9996184415924967 1.1881324893284313 -3.6667030121094264
5.408387100914696 -2.0069791699951125 1.173230546221535 -3.6664293232020038
5.341612059780526 -2.0144630777845753 1.158383337418025 -3.6660546609913367
5.2746347467427075 -2.022086490527592 1.1435985470826153 -3.6656054687794417
5.2074540454350355 -2.029898753098898 1.1288886408699705 -3.665137572683584
5.140068789947628 -2.037824349927147 1.114290624980139 -3.6645885111079277
5.072478057871483 -2.045689010052136 1.0998577049421343 -3.6638030396038186
5.004682221885545 -2.053640005992857 1.0856048022530695 -3.662927352671412
4.936683270918286 -2.0619225873827958 1.0715473780537665 -3.662196996247056
4.868484217998557 -2.0704643204691027 1.057760120521795 -3.661550208825105
4.800089361830936 -2.078368888520107 1.0444438864087542 -3.6601622065594044
4.7315067374817925 -2.0865637088664517 1.0315588743367552 -3.658901887690251
4.662746454892859 -2.095347360573289 1.0191395572777109 -3.658049290474464
4.593818542423284 -2.1050557652186344 1.0072110554382163 -3.6579173718417217
4.524731659473479 -2.115387590866358 0.9958680418971796 -3.6582296107612744
4.455492137298163 -2.126281295899321 0.9851542922984943 -3.6589321869991247
4.386104594282669 -2.1374808621160004 0.975116806409941 -3.6597964318837506
4.316572607104002 -2.148861150673839 0.9657802875167222 -3.660723394486961
4.246899610495155 -2.1603450836189966 0.9571559116150213 -3.6616680233694603
4.177089422059203 -2.1718321586979275 0.9492466585120474 -3.6625712697960386
4.107146565094938 -2.183455811272425 0.9420265140099984 -3.6635934359731372
4.037076190038 -2.194962970723529 0.9354897914653547 -3.6645395656640853
3.966884412521771 -2.206242772345134 0.9296089330452996 -3.6653410635523693
3.896577869610077 -2.217366678386138 0.9243368903516025 -3.666090844366382
3.8261633500645127 -2.2284541066061356 0.9196198091639184 -3.6669187802550094
3.7556475681360086 -2.239529467412222 0.9154075518077076 -3.667858075122951
3.685036846385362 -2.250466029296993 0.91165669834433 -3.6687927422979585
3.6143369888788475 -2.2610319186600996 0.90832894739369 -3.6694997130383156
3.5435523556573205 -2.2712753079683687 0.905380716099329 -3.6700058242683973
3.4726864430750917 -2.2812291269565548 0.9027742089574038 -3.6703192542350846
3.4017416588569445 -2.290716764562726 0.9004829646680601 -3.6702514910300303
3.330719301664317 -2.300015100048058 0.8984673484733523 -3.6700384934165076
3.259619951422439 -2.3091348743786377 0.8966936481479884 -3.6696692889383606
3.1884434012152907 -2.3180954786421064 0.8951185449100313 -3.6691421542466514
3.1171889166532103 -2.3273856207712087 0.8936699459505822 -3.6688960060873357
3.045855060175934 -2.3366468386479076 0.8922883674031478 -3.668574737331464
2.974439329969436 -2.345780533670968 0.8909098670019565 -3.668070513002277
2.9029392746754836 -2.3548888202878406 0.8894843110408434 -3.6674728562563015
2.8313528181801533 -2.3639752053903877 0.8879814938177396 -3.6667972219354352
2.7596779692645805 -2.3730958373820132 0.8863781595151127 -3.666127859290369
2.687912583610666 -2.3822385336991645 0.8846591807690489 -3.6655162945627056
2.616054378695985 -2.3917809264429066 0.8827956015410269 -3.6654138253178408
2.544101411245494 -2.4013678319006675 0.8807946581109877 -3.6656223191434436
2.472051529301429 -2.4096766745025913 0.8787198508294031 -3.6650473397687904
2.399904534516265 -2.41658034766891 0.8765967410643253 -3.66370100757648
2.3276656977529098 -2.4224404688707764 0.8744542467305167 -3.6620280933541363
2.2553434656257987 -2.427606892026495 0.8723223282837024 -3.6604330499607918
2.1829481559044606 -2.4325182543520505 0.8702381257703882 -3.659384134636387
2.1104911358271083 -2.4376848620161424 0.8682555869310211 -3.6594123389695654
2.0379836343888553 -2.442348276481998 0.866495078634161 -3.6597997964063382
1.9654373527199471 -2.446847963567088 0.8650563454761369 -3.660874678432005
1.8928646290371876 -2.4513648963879233 0.8640552806141594 -3.6628083230027997
1.8202773373885994 -2.455281467186228 0.8636108843161904 -3.6649623277626895
1.7476859759420456 -2.458213778473036 0.8637988115461637 -3.666913332882491
1.6751004935898324 -2.460147080504293 0.8646549856236224 -3.6685939216271257
1.6025306072307564 -2.4611769419421 0.866189089116668 -3.6700342937317165
1.5299858512767375 -2.461275355861786 0.8683902722634859 -3.671119025062736
1.4574753522294293 -2.460600592378284 0.8712223032358398 -3.671915147466633
1.385007795878402 -2.459103758247571 0.8746295713804858 -3.6722615760896957
1.3125911639040329 -2.4571844717048497 0.8785547373749107 -3.672457460465228
1.240233140454583 -2.454758341293363 0.8829398751619748 -3.6722758511201508
1.1679406927906422 -2.452552588242258 0.8877516161552302 -3.6723422343918366
1.0957210191452287 -2.448581673243839 0.8929084446014128 -3.670343167721433
1.0235777221067492 -2.445225734309383 0.898427366880217 -3.6686178916196166
