7.859104187759016 0.08528371515835974 1.5609235886884658 -14.522112717805983
7.772602589185072 0.08870961107338032 1.550092366077532 -14.520287721739786
7.686129255039691 0.09171015445220485 1.539588083359378 -14.519061429511982
7.599672858709748 0.0956637306138754 1.5298397742014413 -14.51705691762068
7.513218158626581 0.10655639366802969 1.5215695154806952 -14.508256288052973
7.426755821656432 0.11342199347943523 1.5141633703815562 -14.503621117501268
7.3402882426260785 0.11798196644367911 1.5080719718003839 -14.501385448599954
7.253802306613782 0.12322211339051485 1.5036922835837228 -14.498485342103788
7.167279631668359 0.12423928059557166 1.5010742722488146 -14.499767456464275
7.080689034110104 0.12095565023474907 1.5004710741139036 -14.505222729748098
6.994011067495599 0.11727017075984755 1.5018561812552202 -14.510879095625677
6.907239836731333 0.11416896639254066 1.5050539715419222 -14.51570875004255
6.820380524131422 0.106558669186242 1.5101510093440536 -14.524754188063325
6.733449941459955 0.09796324284702844 1.5167448048108447 -14.534473291047597
6.646472427430515 0.1021065650154493 1.523412098455605 -14.531244210169548
6.55947188520839 0.10814783368285841 1.5306382418912288 -14.525841978322944
6.472477269085754 0.10855191903653609 1.538737202746245 -14.52568280406031
6.385533732790391 0.10870910267758366 1.5467517768031613 -14.525406545135521
6.298692233821405 0.10560124410139593 1.5544679859021975 -14.5279502310135
6.212007365204438 0.09960777124470449 1.5612825095557965 -14.53290132067575
6.12553197231148 0.09549185977834573 1.5662876249658833 -14.535590534347428
6.039303792109352 0.0932735316800128 1.5691231486328676 -14.535999722162972
5.953358405939047 0.08709721821312093 1.5696241940182136 -14.539780341865901
5.867741324167157 0.08488796742144283 1.5674333695140776 -14.539305505734898
5.782463592207862 0.08766673160859154 1.5627287023385905 -14.533688507144591
5.697527143242684 0.09016007225462246 1.5555614671314706 -14.528064299541384
5.612937678597861 0.09464977835321924 1.5463190083457516 -14.520350148971259
5.528660331295867 0.09918113361550365 1.5351275413530001 -14.512475268405757
5.444662183855973 0.1028312933259208 1.5221278337229518 -14.50537083075554
5.3609067309282725 0.09247588991827198 1.505949274959491 -14.511543267537771
5.2774013972711025 0.0879939047200969 1.4894496207372598 -14.512158605375808
5.194095085597631 0.0849190726141211 1.4725669937725487 -14.511529032757894
5.11097075314895 0.07586496062824682 1.4546546188525369 -14.51676290864169
5.028033778548868 0.05827689388298039 1.4357639755546343 -14.530383306934846
4.945283538613914 0.04922978401046729 1.4188128672648919 -14.536080683656477
4.862681625435079 0.04317537901268343 1.4033208440481015 -14.539201655803254
4.780208661596334 0.03457524387430295 1.3888607492914562 -14.545118050641534
4.697859298292341 0.029361144748084614 1.3763498546342632 -14.54807751211749
4.615621078654601 0.0422123421838756 1.3671437299211429 -14.533724799324427
4.533465747878356 0.05756623843472458 1.3596738237860262 -14.517172375681918
4.451389916374479 0.06855243704155252 1.353651212159056 -14.505115627451994
4.369401027774007 0.07493929966305345 1.3493642538627006 -14.497752690902567
4.287501441976081 0.07833633837202988 1.3471278422604207 -14.493452526930419
4.2056858089257565 0.08059619120408909 1.3470048798904113 -14.490325512086144
4.123945182727245 0.08254443682871317 1.3488709878424574 -14.487490966046098
4.042270836127474 0.08329556626564312 1.3526191101605647 -14.485748113626583
3.9606551469607854 0.08403124682790578 1.3580270415028939 -14.483865364039055
3.879089380913649 0.08431702157414621 1.364931177097788 -14.482224676161154
3.7975682540482607 0.0839474667831978 1.3731107616749527 -14.480995595842877
3.7160919902789225 0.08587603757198697 1.3819618098826139 -14.47728184719977
3.634668018255278 0.08878339079898538 1.3912320871144837 -14.472387481819673
3.553315825316393 0.0913030793549128 1.4005969197229708 -14.467655534656595
3.47205267228144 0.09175825508484861 1.409794673074533 -14.464696986540062
3.390896769054664 0.0911663405514322 1.4183721166200984 -14.462490934235808
3.309861856888685 0.0890477542847232 1.4261654490192532 -14.461476215895301
3.2289625313514145 0.0858629273397282 1.4330105365590486 -14.461188402387519
3.1482123230566605 0.08206791310591595 1.4388000958270195 -14.46118710597926
3.067623660154379 0.07853443523792054 1.443435620043868 -14.460665150497352
2.987204895771521 0.07445957704699131 1.4469325748335968 -14.460438467270562
2.906962752099321 0.06899533351676455 1.4492509649251637 -14.46137497694772
2.826900343100431 0.06436466915443158 1.4501450304416221 -14.461423838838314
2.7470108241513054 0.06068979554356309 1.449389603366445 -14.46053953781954
2.667281007172112 0.057023229808260065 1.4468954993767214 -14.45969149929855
2.587698681782775 0.05366674200679799 1.4426650748664467 -14.458651091963596
2.5082518399341507 0.05049111824990602 1.436747223656722 -14.457593297285465
2.4289304760012387 0.047301260519323096 1.4292235117189884 -14.456746244078118
2.3497258119271036 0.043810463930280596 1.420217360712997 -14.456417506126996
2.270629893091703 0.04162388967050137 1.410061305400092 -14.455085739346563
2.1916321211513607 0.042120614746259506 1.3992387976398306 -14.45144968426062
2.1127222521586693 0.04380113373733018 1.3880096470044516 -14.447015191072108
2.0338943344597866 0.04432287664463088 1.376398690615809 -14.444139793316848
1.9551402950332855 0.042687029102339805 1.3645969321347047 -14.44387418415264
1.8764475100949665 0.04075723978145047 1.3530749535992024 -14.444419483268817
1.797799827635972 0.03921497995875093 1.3421696357325834 -14.445096135785695
1.7191802069969233 0.04269541008806858 1.3325249398026033 -14.441239746528199
1.6405736143090681 0.044329644258057764 1.3237923163273444 -14.439634170873456
1.561970852437417 0.04728813545606512 1.3164892523551095 -14.4370090119506
1.4833624013131388 0.049310652694097 1.3107631345130917 -14.43554170539741
1.4047404375850834 0.04980325976888029 1.306783830785448 -14.435719316606798
1.3261009265729418 0.0456864671387933 1.3045399266798625 -14.440548152332472
1.2474416106622614 0.03914011721155821 1.304070123249097 -14.447721313911662
1.1687616045801765 0.03443630631141875 1.3052122929301915 -14.452858401275128
1.0900619261264435 0.02936407075079809 1.307900669986835 -14.458153461364512
1.0113453979082323 0.025941484767883813 1.311846272813218 -14.46156384258322
