8.069210070768259 2.2994689453412884 1.556708524012946 -49.7363038633187
8.008238888470604 2.305404695264551 1.5574292703491466 -49.72881461712717
7.947250352053417 2.308463935909458 1.55824703661853 -49.72419103496188
7.886261581513845 2.3077049989623926 1.559138024611409 -49.723360437316735
7.825284836354571 2.3063910557148875 1.560058531973171 -49.7230478370889
7.764318987068192 2.3047731431075085 1.5609934010930102 -49.722998396627986
7.703357777963568 2.3026929099867 1.5619434922431954 -49.72336911490845
7.642391775319448 2.3001771547371614 1.5629364084720445 -49.72413252404564
7.581408487566985 2.297332151804489 1.5640379817343626 -49.72518210344426
7.520392955848819 2.2947105820152056 1.5653450196161378 -49.72596619737219
7.45932740151505 2.2933219333909847 1.5669749326723528 -49.72548107105532
7.398193312091179 2.293092645604544 1.5691021511032273 -49.72380864831186
7.336976669043414 2.2934204475335047 1.5719324885583568 -49.72155945394603
7.275669422549871 2.2930406694703924 1.5756862613410736 -49.72000550235247
7.214266916379447 2.2914539267660174 1.5805436127469101 -49.719657399405065
7.152764829612083 2.288836704503967 1.5866112202164304 -49.72035539967502
7.091157126512077 2.2853307643294625 1.5939403573856 -49.72197883563769
7.029436142464511 2.2811586877208527 1.6025350912093608 -49.72432970917894
6.967593193985088 2.2765653465998703 1.6123691258274162 -49.72718947313807
6.9056180941288305 2.2716420057941336 1.623405563784818 -49.73049433450884
6.843498990264659 2.2670812870602757 1.6355077435406598 -49.73357728271378
6.781222489103586 2.263356556731825 1.648502569715604 -49.73598666123753
6.718774990261381 2.2597528925547286 1.6623340704926473 -49.73846207380047
6.656142655766127 2.2570363389297334 1.6767338647714871 -49.74024905120004
6.593315563498854 2.2551676064104633 1.6915165463748167 -49.74140022198959
6.530281221470208 2.253616923783609 1.7065608751098502 -49.74246747526069
6.467029077766659 2.252763477974485 1.7216388348043128 -49.7430791676522
6.403547382198123 2.252843700215769 1.7365835523678066 -49.743003891799674
6.339825353243252 2.2536405408416353 1.7513032046091839 -49.74247904679918
6.275852892560979 2.2547527840168713 1.765740972391249 -49.741936306177195
6.211620360868127 2.2563459521353515 1.7797804133927593 -49.74122689022818
6.147122296007265 2.2586907344447456 1.7933072530028162 -49.74008460760858
6.082360515916666 2.2615552275828885 1.8063018543464189 -49.738748930353076
6.017342083090642 2.2651866075267777 1.818691028290795 -49.736953931237025
5.952079746659471 2.269389816781524 1.8304786564755753 -49.73488356839229
5.886590234648454 2.274049731868899 1.8416812611674565 -49.732634630511924
5.820890061722916 2.2782538599832685 1.8524491336958155 -49.73113376081345
5.754993070614423 2.283485406197557 1.8627019908423608 -49.72879201833822
5.688914019059863 2.289668404162715 1.8725713320952888 -49.72563455792737
5.6226694481410195 2.2950942928374043 1.882374935032769 -49.723397593955326
5.556271960695523 2.2994049215575343 1.892297654323192 -49.722393044145115
5.489729125418679 2.3027035049537736 1.9025020911935444 -49.72246323588726
5.423043140630669 2.3050781120259227 1.9131293299428664 -49.723485396057576
5.356211715942672 2.3070996041732 1.9242222317677213 -49.72484030139583
5.2892295540480605 2.30905241521516 1.935806698604678 -49.726220841812534
5.222091563133876 2.3110220884934525 1.9478911193208743 -49.72753470186261
5.154793980750539 2.313105121162524 1.9604501751527992 -49.7286819256121
5.087334781179031 2.3152068770801386 1.973457898372004 -49.72976847475299
5.019713706786447 2.3168911064597846 1.9869185441518062 -49.73126652304252
4.951930262352218 2.3186228946129557 2.0007014723481666 -49.732702389312855
4.883982914028057 2.320568361460162 2.0147013493135093 -49.73391145318991
4.815870277619124 2.3225798823224557 2.028851847097086 -49.73505484664029
4.747590184955162 2.3244272533448416 2.0430877416591904 -49.73638712146448
4.679138931760363 2.3263117906875808 2.0572845964543838 -49.737719394738946
4.610511305543671 2.328270733442366 2.071350825270737 -49.73905098810623
4.541701380874444 2.330709740755992 2.0851470065975133 -49.740003214798854
4.472704115638865 2.333913378429061 2.0985506054663765 -49.7403414207758
4.403515949626841 2.3381577645126956 2.111454558576296 -49.739832321096294
4.334135660627622 2.3431485872759255 2.1238486624633177 -49.7388276838419
4.2645652687064715 2.348882990063199 2.1356820181329677 -49.737344067988204
4.194810059854883 2.3552670525414574 2.146924588097304 -49.73547267750088
4.124878083765733 2.3622196671681532 2.157563587151137 -49.733274264940185
4.054779213395784 2.369238825045112 2.167651021734231 -49.73124977594269
3.9845241773443547 2.3760731359723986 2.1772272821667746 -49.72961502081324
3.9141232613178443 2.3827840499077495 2.1863090056632966 -49.72821428785149
3.8435863997031774 2.3885540751475416 2.194996661881276 -49.727796480917355
3.7729254815932314 2.3925144426109632 2.2033799180363385 -49.729153989041144
3.7021500589582943 2.3957974829341833 2.211414966478449 -49.73093765957253
3.631265599642077 2.398958091469993 2.219129287203479 -49.73244045832699
3.560275662869867 2.4013739542142676 2.2266126542107485 -49.73422984588877
3.4891830855749117 2.4027893793451267 2.2338985370623847 -49.736488521030246
3.4179908756973894 2.402557797897976 2.2410266637909313 -49.73981889643438
3.3467024719858913 2.4010958811533833 2.2479568738699487 -49.74370888646141
3.2753236985131227 2.398814366163384 2.2546439065442243 -49.74767445479678
3.2038624036001697 2.3963212842759094 2.2610366668284785 -49.75105268934863
3.1323276005053358 2.393506045515847 2.2671314309912503 -49.753957678566444
3.0607290838844516 2.3909161141956545 2.2728965052793795 -49.755858216048395
2.9890773890447506 2.388095222861588 2.2783524326710194 -49.757268451993035
2.917383979190436 2.3846135883337847 2.283527871364612 -49.75868169013547
2.845659719892018 2.3809185534812296 2.288429374405975 -49.75972087607601
2.773913978594291 2.3775360767319933 2.2930813262967824 -49.759946274943374
2.7021542268238212 2.3745182167587533 2.297542776238017 -49.75939836902619
2.6303870536127745 2.371236761416629 2.301899572444231 -49.7588001545184
2.558617759951541 2.3682925018020695 2.306225911816616 -49.757672126824055
2.4868485583284925 2.364712959167098 2.3106746189807157 -49.75710086005566
2.415077180074133 2.360892999951639 2.3153414990021988 -49.756800564056874
2.3432984391241223 2.3570474954418845 2.320266661515733 -49.75662152145021
2.2715053820642512 2.353302134067264 2.3254552417235645 -49.756488679337934
2.1996903921741255 2.349816235346814 2.3308881823816634 -49.75627654233807
2.1278463589334486 2.346740780862823 2.3365346621914824 -49.755844309211824
2.055967703981072 2.344023211770933 2.3423666632058624 -49.75523050936531
1.9840507789530875 2.3415386618255463 2.3483606063314575 -49.754530655157126
1.9120934204349835 2.339085586493584 2.3544909814114 -49.75390278062835
1.8400941563543645 2.3364495858100214 2.360711706682379 -49.753516846159236
1.768051823543546 2.33353953601612 2.3669466088199353 -49.753422704459936
1.6959653213016888 2.3304031078753633 2.3730851188513404 -49.75352866019261
1.6238336962493007 2.3274727210906403 2.3789695504432573 -49.75333401041145
1.5516568989870647 2.325314958113609 2.3844295549026335 -49.7521875659241
1.4794377931884202 2.323569003072368 2.3893544488683323 -49.75032893106108
1.4071826086927057 2.3214948488645484 2.3936620070291275 -49.748371222376754
1.334900385601871 2.3184728539955457 2.3972837436598162 -49.74681467965553
1.262601528186477 2.3145367660839233 2.400151959526516 -49.74550011716516
1.1902975555184105 2.309555034239778 2.4022064401618852 -49.744421739385366
1.1180013473154806 2.3031154789955397 2.4033970554324395 -49.74384349994621
1.0457277316253086 2.295314137433676 2.403717670167964 -49.743502376176714
