7.850893571890165 0.27805978372499823 1.121752725665903 -26.35660202742323
7.7997588779338365 0.2812687961306927 1.122413823471098 -26.34971287839761
7.748661769107594 0.2830475433417126 1.1228000251460617 -26.34425385183045
7.697614783167334 0.27837288654530556 1.1229847447523555 -26.3452213222158
7.6466248971683095 0.2738618858190447 1.1231062639390148 -26.34637220990094
7.595683696863953 0.2715906766025256 1.1232224710903091 -26.345808214317515
7.544777226043044 0.2707347161683615 1.1233981323197275 -26.34444282339136
7.4938919228580785 0.27044905951111514 1.1236985671848996 -26.343208383301466
7.4430135109692745 0.2708487616016143 1.124219654648626 -26.342073425124525
7.392125675450819 0.2705469495380631 1.1250660831107553 -26.342497109571198
7.341212415011659 0.26992492680081503 1.1263762051875403 -26.344151425157946
7.290258678564827 0.26963118005124603 1.1282969659632556 -26.34637896353744
7.239247955988933 0.2697140176165823 1.1309726729806147 -26.349111288211283
7.18816273372133 0.27006290700894464 1.1345573285446247 -26.352439442624465
7.136983361069018 0.27072349226352566 1.1391998071083693 -26.356287349412078
7.08568845252025 0.27167363624490726 1.1450233388444504 -26.3606466824544
7.034256205529165 0.2731424988647893 1.1520893733925341 -26.365230168806235
6.982665143625542 0.2753366089874081 1.1604066901619108 -26.369745199008257
6.930895187545936 0.2785478191210274 1.1699262372625112 -26.373774297443788
6.878929181542021 0.28354045996173083 1.1804970578492335 -26.37634210451489
6.826754910871571 0.29168150614661414 1.191816270109544 -26.375767506634922
6.774369361445341 0.2994990401691652 1.2040656190655243 -26.37565432151579
6.721771804516977 0.30736534322506565 1.2170261590071658 -26.375393135117314
6.668945806821903 0.315755201471958 1.2303743607836148 -26.37426918857203
6.615867537170123 0.3224798023631448 1.2440305221331858 -26.37450145184566
6.562506432681294 0.3259518176499734 1.2578836204990578 -26.37770225920073
6.508843707242817 0.32441781904934675 1.2719132815728345 -26.38569003471141
6.454880049291166 0.3222453482332274 1.2853537626464209 -26.393728555980758
6.400639730882667 0.3210911879647678 1.2978879445617708 -26.40007095785146
6.34615346443878 0.3212432998982725 1.3094155005257146 -26.404455427945265
6.291448656051363 0.3232571086553604 1.3198522066763876 -26.40635750853651
6.236549625835683 0.32678663836136 1.3292455109853898 -26.406210556689786
6.18147520920097 0.3304378661846057 1.3377518345378763 -26.405540437500918
6.126238596484532 0.33398559103350534 1.3454420246148506 -26.404636954965014
6.070852916138063 0.3376075666006706 1.3524038035680708 -26.403363034669155
6.015330849105945 0.342571955291113 1.3586928739324848 -26.4004526938241
5.959688167718485 0.34808698784233827 1.3645193689884303 -26.396770011253253
5.903942178944113 0.35320699031037694 1.3701141511571338 -26.393327774915214
5.848103971105933 0.3574736044389766 1.375648953942044 -26.39063570157215
5.792176381050059 0.3616657060253878 1.3811655401665748 -26.387925784341142
5.736158810598576 0.3658131091835701 1.3867463337754404 -26.385195943477726
5.680049214636121 0.3696596027340439 1.3924781367275632 -26.382726706486608
5.62384392817659 0.3728583934654179 1.3984563074069514 -26.38089101632378
5.56753692463859 0.37577168993387133 1.4047420567680784 -26.37933255513184
5.511119723522478 0.3784509660755357 1.4113967997525052 -26.378014548321822
5.4545834882442765 0.38086029891282835 1.4184613624304132 -26.376983992201744
5.397918821682554 0.3832386056766778 1.425927606617409 -26.37599848925982
5.341116074523746 0.3854991510900035 1.4337787745155575 -26.375146130997237
5.284166146283851 0.38754857006320187 1.4419737271257331 -26.374518928056986
5.2270604580485305 0.38918776887260526 1.4504654133480968 -26.3743157286181
5.169790422815187 0.3902640449075734 1.4591950968376555 -26.374685572248744
5.112346564754742 0.39108376460184197 1.4680538569576376 -26.37530110257959
5.054719066785135 0.39188618715706436 1.4769180416397085 -26.375902389912497
4.996900224012614 0.39360380888758206 1.4855977167711243 -26.375515666085718
4.938885815292231 0.39613161686488596 1.4939982927077375 -26.374231838024535
4.880676658987156 0.39901556896001567 1.502083494614573 -26.372492088957195
4.822277418054176 0.40216788393533004 1.5098223473169323 -26.37035720004895
4.763694538942991 0.4048676224802346 1.5172584387301107 -26.368546448523638
4.704934257875651 0.4072769912640742 1.5243867406305665 -26.36687705027729
4.646002749904914 0.40950972075759845 1.5312093643575178 -26.365224215228587
4.586908042444973 0.41158276437815694 1.537735159637865 -26.36356682859074
4.527659439914102 0.41330967409462754 1.5439847387285952 -26.362093714755858
4.468266562238832 0.4145349195249503 1.5499740187389053 -26.36096336089154
4.4087384023134915 0.4153582444290593 1.5557041628407295 -26.360077383562604
4.349082993094923 0.41598442579364586 1.5611733671338432 -26.359234829789557
4.289307644780087 0.4165129248310024 1.5663865846325542 -26.358344409455952
4.229419230396266 0.4169719619999318 1.5713531664498246 -26.35738729704841
4.169424185582719 0.4173751255339392 1.576083595008029 -26.356358724917875
4.109328422689108 0.41765649443257247 1.5805912628825598 -26.355333221679174
4.049137180520039 0.417614217498609 1.5848934946217466 -26.354521255875383
3.988854863308871 0.41714503715563483 1.5890002444864642 -26.35403266458279
3.9284842078161293 0.4162613625777369 1.592911807210264 -26.353861962522636
3.8680262563873407 0.41532784402364303 1.5966126608671254 -26.353650556630527
3.80748119223464 0.4144599945915347 1.6000939217673509 -26.35329145404014
3.7468492586217925 0.41345259264943063 1.6033532434886857 -26.35299843283274
3.6861307513202863 0.412317306560473 1.6063889936126559 -26.352764339242164
3.625325642880659 0.411105828061099 1.6092023410372458 -26.35254070271821
3.56443365217908 0.4098688830447179 1.6117976241752814 -26.35227947294674
3.5034544140021717 0.4086499074557439 1.6141825851104998 -26.351939611785944
3.4423876482730407 0.4074871989012179 1.6163681019655596 -26.351485083729195
3.3812333127991376 0.4063214139855553 1.618369134968473 -26.3509777955912
3.3199917103962533 0.40513009976984465 1.6202042648957886 -26.350442570907262
3.2586633363261326 0.40405558450364043 1.6218960613374558 -26.34973963711279
3.1972490640773135 0.4031239909670065 1.623472004132601 -26.34884608919281
3.1357505274234554 0.4022224348457919 1.6249587865441475 -26.347876854429344
3.074169918265357 0.4013215628750262 1.6263756057130072 -26.3468612581755
3.0125097018378257 0.4004397635665362 1.6277305948441114 -26.34577956699856
2.950772626974489 0.3996114792833003 1.6290206050599956 -26.34459486994477
2.8889617331284896 0.39852216854843214 1.6302374395762163 -26.343619088671026
2.827080361828902 0.3969212517666123 1.6313661708658942 -26.343098997522546
2.7651322042131135 0.3942260307892799 1.632387033072525 -26.343613202301924
2.7031208240966365 0.3907404418156693 1.6332719468038832 -26.344854480250014
2.6410492959263587 0.38665900623457994 1.633982885960988 -26.34663051224379
2.5789209598382015 0.3826168775998462 1.6344749537130956 -26.348311484101473
2.516740494936657 0.37919569796807945 1.63470760942552 -26.349321687942243
2.4545140619735113 0.3761098994082978 1.6346768046136586 -26.34995265645744
2.392249616233641 0.37315049034967923 1.634406097067185 -26.350414623597935
2.3299560633683853 0.3702032459296096 1.6339364008152581 -26.350819714405667
2.2676426256817064 0.3671530202555662 1.633314903057562 -26.351278493616142
2.2053182578082047 0.36403802068419444 1.6325872872750113 -26.35174680506187
2.1429912936097346 0.3609272162985079 1.6317890563511965 -26.352148896010675
2.080669323413229 0.3575010170831769 1.630936328796645 -26.352796259015356
2.0183591464333164 0.3539670854083054 1.6300410339963214 -26.353471959225317
1.9560663728790109 0.350321676958854 1.6291077490901693 -26.35416996778318
1.893795346694929 0.34781193366768687 1.628141500037856 -26.353633767300465
1.8315486415129867 0.3467657803502366 1.6271197431256152 -26.351526864785832
1.7693273933251996 0.34678294631522333 1.6260154083947762 -26.34824284935646
1.7071319953492183 0.3471433159834521 1.624803520007483 -26.344495269698463
1.6449629406976634 0.34762959449738307 1.623488376568652 -26.340491360527885
1.5828199407503643 0.34689157571353263 1.6220606409069316 -26.337570264165763
1.520702952583509 0.34441055509517987 1.6205444597070426 -26.336235141428787
1.4586112740882566 0.34042547353705044 1.6189910033241 -26.33622883975889
1.396542571122589 0.33632475725426664 1.6174996895090552 -26.336146908983835
1.3344939355241867 0.33222301545866717 1.6161199033021332 -26.335849810656292
1.2724625502475488 0.3286463501268814 1.6148973357210727 -26.33477920429162
1.210446469468989 0.3252926741769475 1.61384748765768 -26.333192367492202
1.1484449729170276 0.3212636718430914 1.6129606706638366 -26.331930271355752
1.0864583977893592 0.31508768533871606 1.6122192931554633 -26.33239802863963
1.0244885058883308 0.30823111464864517 1.6116727190569127 -26.333052444734562
