7.866240835093911 1.1004277630216357 0.7170146440773876 -40.67106903034166
7.844350603951871 1.1009515628531097 0.7133557522313433 -40.665382869050056
7.822511433798211 1.0991361430343345 0.7093464471475461 -40.66195769156197
7.800728160664699 1.0923019390930324 0.7050136158568234 -40.66353239736515
7.779002630546495 1.086882213220884 0.7007758919971236 -40.664350927783275
7.757328106931278 1.0824638075811637 0.6967712404156394 -40.665087972944335
7.7356970225918795 1.079606337938907 0.6931831641141374 -40.66545287705209
7.714100908415917 1.0788656104617438 0.6901928724356922 -40.6650450447521
7.692530653978315 1.080396078739999 0.6879798781083215 -40.66377851937025
7.670975412187898 1.0832273892669808 0.6866998777489877 -40.66264442775163
7.649422920153531 1.087319680531909 0.6864986721954259 -40.66166629830781
7.6278591215948675 1.0923834655613887 0.6874825961379895 -40.66104842408421
7.606270000307755 1.0984230748540023 0.6897038284332442 -40.660603955897365
7.584641682404716 1.10508608593283 0.6931810107222259 -40.66045348976697
7.5629609537516576 1.1122998901535042 0.6979144522874646 -40.66035787157117
7.541215267104818 1.1198030374726058 0.7039026934333524 -40.660226614725374
7.519392522637476 1.1268868561829704 0.7111714302074759 -40.6604282913375
7.4974803846311575 1.1336618802690788 0.7196458759207977 -40.66049685515768
7.475466070827979 1.139872668883663 0.7292338485254074 -40.660435249039814
7.453336828475007 1.1439466306118298 0.7399472552662476 -40.66166861136169
7.431080330216714 1.1464370225975673 0.7515328124416757 -40.66343312478726
7.408689616192971 1.14996331940575 0.763455551102977 -40.66300010410186
7.386163949295901 1.1531257593028754 0.7756765181223066 -40.66186586162877
7.363503191352177 1.1549329632394474 0.7881228011594806 -40.66112960802861
7.340708237147221 1.1558019632966183 0.8005783221641046 -40.660510066409174
7.317782717145938 1.1566220945936543 0.8128094623760587 -40.65929706818824
7.294732513240283 1.156458276988034 0.8247920299041128 -40.658610550244596
7.2715666903091964 1.1550339462239823 0.8364124104245272 -40.65890978723298
7.248295777034263 1.1523695054501533 0.8475436066133559 -40.66033500261361
7.224927682563297 1.1498049046459593 0.8579658868848522 -40.661719945674015
7.201468130418799 1.1472980784747184 0.8676256738579752 -40.663220145842736
7.177922340650115 1.1449750587516454 0.8764719024889879 -40.664786775515914
7.1542958849495975 1.1429394767433465 0.8844940108031666 -40.66635665935506
7.130594673493111 1.1415294793413873 0.8917021997015019 -40.667603599968835
7.106825123725807 1.1408557391500154 0.8981639832235858 -40.66840626565774
7.082993897250124 1.140938857508538 0.9039921534650186 -40.66872611128128
7.059107220214016 1.142092849352684 0.9093262846237222 -40.66823315681805
7.035170286736619 1.1420720212373785 0.9144820482245443 -40.66918035451099
7.0111855361453195 1.1417895833617522 0.9196288766268031 -40.67070177825579
6.987149943747269 1.142341559581575 0.9249103281419567 -40.67170449802778
6.96305860335925 1.1436473622035017 0.9305021977122451 -40.6722694024017
6.938905519010968 1.1452893772969241 0.9365322035989382 -40.672803687582764
6.9146838684736185 1.1473995337519767 0.9430739169916884 -40.67314792071206
6.89038612460551 1.150173605614813 0.9501704507450318 -40.67306899080472
6.866004871313761 1.1534105480930088 0.9578744761405678 -40.672733382594046
6.841533049989665 1.1569608087385108 0.9662147900318057 -40.672255943516234
6.8169638048432555 1.1606805110945628 0.9751956501228678 -40.67174274583057
6.792290553021069 1.1644516025818243 0.9847989011124494 -40.67126899992309
6.767507074185488 1.1686371734774217 0.9949322296192089 -40.67040978460794
6.742608303314244 1.1733475105209388 1.005506619865551 -40.668995329259545
6.717590924977068 1.1783255129242167 1.01646376033995 -40.66723628472529
6.692452995151307 1.182030359680386 1.0278941795323429 -40.66666111466836
6.667191161934183 1.185256783006993 1.039566498547393 -40.66641063408657
6.641803203242052 1.1886046088063333 1.0512284691545835 -40.665862041454716
6.6162885856759805 1.1913848062946224 1.0628196292401744 -40.66571861931453
6.590648627972202 1.1935354608879414 1.074254979982948 -40.666036384350605
6.56488603986174 1.194739533301954 1.0854992996153952 -40.66712276402176
6.539004601732935 1.1949310718095414 1.0964907940650515 -40.66903441190289
6.513008824799128 1.1944814940022113 1.1071277757501854 -40.67139799806163
6.486903814158403 1.1937069261907862 1.1173390899963553 -40.67390893132613
6.460695028610893 1.192872436300431 1.127086187720803 -40.67632302762189
6.434387863869534 1.192207026676169 1.1363562842993258 -40.678438567374776
6.4079876423852715 1.1919346994761295 1.145152503226128 -40.680061007381674
6.381499354453871 1.1921858259017128 1.1535003608371386 -40.68109039227943
6.354927478174834 1.1926817015887925 1.1614629341234748 -40.68183815039632
6.32827540806507 1.1934507018440375 1.1690786105294233 -40.68230276611127
6.301545664154775 1.1943938596131587 1.176398819816963 -40.682605962528214
6.274740046185051 1.1955272222135338 1.183469656356232 -40.68274862858864
6.247860070321582 1.1967673713306326 1.190352739230399 -40.682831469916614
6.220906808425343 1.1977484601172552 1.1971385483518007 -40.68324041054645
6.1938805758780795 1.1984400749463653 1.2038940163239114 -40.68401821477319
6.1667805145037775 1.1992903837728253 1.2106518740720664 -40.68471852735195
6.139604740779487 1.2004232242552368 1.2174525373516807 -40.68520822797846
6.112351320784436 1.2018991245447723 1.2243215549748274 -40.68541211592902
6.08501868967797 1.2037405903020304 1.2312695247714935 -40.68529199826913
6.057605767562906 1.2058562959230845 1.2383048366691893 -40.68492491814564
6.030111872693611 1.2081687492602822 1.245429458906023 -40.68437411943769
6.002536609959875 1.2106092560032926 1.2526391171408326 -40.68369465725813
5.974879791810625 1.2130088857786023 1.2599312851484523 -40.68304427783334
5.947141303204014 1.2153992249481584 1.267280944595344 -40.682379936620904
5.919321084857336 1.217538688213614 1.2746768195267428 -40.68193752390967
5.891419102643475 1.2193836063719186 1.2820980718309554 -40.68175453427912
5.863435265014421 1.2210381344558232 1.2895175003166588 -40.68172066168342
5.835369571301181 1.2225443266315474 1.2969187208505384 -40.68178987534257
5.8072221308069905 1.2239658095798192 1.3042877663297179 -40.681895717889304
5.77899316153079 1.225322601896525 1.311617054938706 -40.682017024583246
5.750683036506405 1.2266416609330604 1.3189005097369835 -40.682126989809056
5.722292255538862 1.2279468628542782 1.3261336292109325 -40.68220304027488
5.693821436919766 1.2292516421402933 1.3333130783041574 -40.68223393482376
5.6652713152106395 1.2305287968258365 1.340437902543091 -40.682249950357736
5.636642708892612 1.2317785288672172 1.3475038404256605 -40.682254239618615
5.607936493091455 1.2329990808395708 1.3545067890986184 -40.68225204193635
5.579153584775258 1.2341877057387312 1.3614428707914403 -40.68224954503327
5.5502949283171334 1.2353399684704418 1.3683086377984852 -40.68225445489393
5.521361481015656 1.2364421997699104 1.375101736879961 -40.682283479353046
5.492354189952241 1.2375066536554666 1.3818185891918557 -40.6823269314722
5.46327397844271 1.238537150345342 1.3884571780584838 -40.68238321591841
5.434121759609612 1.2395326977832446 1.3950167307968386 -40.68245522208163
5.4048984371864455 1.2404934006949324 1.4014971585880496 -40.68254443679448
5.375604895485949 1.2414197864107526 1.407898912909699 -40.68265163415292
5.346241993534386 1.2423125997376718 1.414222859126003 -40.6827770959125
5.316810561928745 1.2431686986518453 1.4204704269522852 -40.6829247498957
5.287311398633875 1.2439907432414468 1.426642884681555 -40.68309247145046
5.257745266418005 1.244786039146149 1.4327414695401364 -40.683273294810185
5.228112897625491 1.2455627065341879 1.4387676328434071 -40.683459311425764
5.198415002621913 1.2463334355108513 1.444722654252331 -40.683637930834806
5.168652267499266 1.247104542864246 1.4506079540838144 -40.6838028817949
5.138825344458835 1.2478749465829824 1.456424766138139 -40.68395524864038
5.1089348765728255 1.2486418503793546 1.4621741575302973 -40.684097781245626
5.078981506369579 1.249402560568605 1.4678570341421961 -40.68423309820792
5.048965878984391 1.2501551430806774 1.4734741329133554 -40.68436305427965
5.01888864367384 1.250898420969588 1.47902602174272 -40.68448876572072
4.988750454802051 1.2516319857896028 1.4845130965814735 -40.684610616623864
4.9585519726308735 1.252353352373951 1.4899357389903596 -40.68473112136551
4.928293862060327 1.2530620629038236 1.4952940834256683 -40.68485081863366
4.8979767883782905 1.253764507527935 1.5005878331117646 -40.68496343750276
4.867601416892098 1.254464539781061 1.5058168643367296 -40.685065288179004
4.837168417259354 1.2551643796711307 1.510981132462468 -40.68515435968656
4.806678465331671 1.2558653599781289 1.5160805977372747 -40.68522956935704
4.7761322438840335 1.2565679849381635 1.5211152031156883 -40.685290697382776
4.745530442497272 1.2572724727497282 1.5260848441600152 -40.68533783518411
4.71487375710063 1.2579619968272389 1.5309902087052478 -40.68538814688318
4.684162875717476 1.2586328469201642 1.5358310819819756 -40.68544566294404
4.653398489295148 1.2592856967795634 1.540606891279985 -40.68551002038534
4.622581296167439 1.2599210984793343 1.545317022665963 -40.68558097340457
4.591712001835275 1.2605396374414908 1.5499608590396499 -40.685658238808855
4.560791318152965 1.2611419817046188 1.5545378050886334 -40.68574144693441
4.529819962550659 1.2617288738105827 1.5590473016929534 -40.685830150256294
4.498798657420304 1.2623017608048226 1.5634888073714666 -40.68592319403866
4.467728129971213 1.2628620523473792 1.5678618356657263 -40.68601945896912
4.436609112677969 1.2634098367585915 1.5721659924357128 -40.6861191473086
4.405442343095479 1.263945387403143 1.576400880335387 -40.686222278165936
4.3742285629578825 1.2644690458574983 1.5805661208284025 -40.68632880146589
4.342968517435246 1.26498123934665 1.5846613645559138 -40.68643857884853
4.31166295446549 1.2654824701500433 1.5886863003451799 -40.686551393213676
4.280312624173277 1.2659733436787177 1.5926406604604133 -40.68666692027767
4.248918278049274 1.2664561605209481 1.5965241602927194 -40.68678313861768
4.21748066659834 1.266930951229929 1.6003366590424044 -40.686900302082435
4.186000549863761 1.2673967067772565 1.6040776900181581 -40.68701973911177
4.154478700906386 1.2678566608167867 1.6077463687067126 -40.687138576650746
4.122915908276814 1.26831310985809 1.611341711205314 -40.68725490790005
4.091312969403002 1.2687657157338377 1.614862858604805 -40.687369475969625
4.059670687133852 1.269214938675076 1.6183090222583345 -40.687482241029294
4.027989871171847 1.2696611206079809 1.6216795128331964 -40.68759329236197
3.9962713377515695 1.2701044719081782 1.624973755583368 -40.687702855845615
3.9645159089849265 1.2705450178476914 1.6281912976038304 -40.68781134011416
3.9327244120797267 1.2709826488985523 1.63133180727515 -40.687919278310204
3.900897678483564 1.271417447366338 1.6343950636359843 -40.688026993854095
3.869036542947065 1.2718503668602883 1.6373809326922868 -40.68813391402352
3.837141841644224 1.272282623489101 1.6402893424975227 -40.6882391727861
3.8052144108421158 1.272714587003235 1.643120265164874 -40.68834271968362
3.7732550882518576 1.2731375567358636 1.6458739667229136 -40.688453536532506
3.74126470893445 1.2735514319766776 1.6485505101772364 -40.68857199336002
3.7092441015923834 1.2739635404867422 1.651149641102419 -40.68869100803738
3.6771940952346833 1.2743781025531227 1.6536707360686715 -40.688806589689314
3.6451155303517804 1.2747959339386312 1.6561126101046038 -40.68891817675397
3.6130092670927842 1.2752167118227022 1.658473645008838 -40.68902640147978
3.580876187738226 1.2756400045176428 1.660751972643151 -40.6891320641891
3.5487171966361326 1.2760651428628016 1.662945670659521 -40.68923625169009
3.516533218745598 1.276491427796776 1.6650529083273908 -40.68934011329933
3.4843251972225118 1.276918399721662 1.6670720667295587 -40.68944457091613
3.4520940902805046 1.2773465631219187 1.6690018226023886 -40.68954957248877
3.419840868083261 1.277776477353967 1.6708412325561148 -40.689654976955666
3.387566509968274 1.278209738526808 1.672589729257923 -40.68975955239987
3.355272001748835 1.2786444811898208 1.6742471822417782 -40.68986544828568
3.322958333226824 1.2790736733694514 1.6758140793401193 -40.68997989140673
3.290626493633155 1.2794978494737437 1.6772917762166357 -40.69010246161274
3.2582774577584446 1.2799183488029087 1.6786824583285207 -40.69023177966427
3.2259121757751608 1.2803364765345457 1.6799888953868929 -40.69036632356723
3.1935315666351616 1.2807530655303114 1.6812141013909616 -40.690504873923565
3.1611365150166013 1.2811924108151855 1.6823606890634613 -40.69062264255862
3.1287278788081543 1.2816443558807633 1.6834311960949937 -40.690729170291974
3.096306493865594 1.2821049522035532 1.684428510347975 -40.69082784137867
3.063873159386022 1.2825733968434703 1.6853558039971004 -40.690918908175874
3.0314286391725282 1.2830399037045548 1.6862169603303814 -40.69101165876997
2.998973654439886 1.2834984990476803 1.687016857813764 -40.69111165642952
2.9665088642158706 1.2839452695359657 1.687761419009946 -40.69122242857004
2.9340348516523633 1.2843775196686456 1.6884576361801338 -40.69134628848877
2.9015521129960393 1.2847978523639423 1.6891135379935456 -40.691480255411776
2.8690610492516084 1.285209433046337 1.6897381689918314 -40.69162078571753
2.8365619550763 1.285616386874535 1.6903415137364846 -40.69176339428507
2.8040549845525016 1.286028113602501 1.6909347503418817 -40.69189825326018
2.771540153038527 1.2864530849427274 1.6915303995163744 -40.69201642885191
2.7390173404550437 1.2869195548764785 1.6921421686264 -40.692089262590066
2.7064862968322543 1.2877073507564936 1.6927836239818679 -40.69183693284007
2.673946704786052 1.288715755446399 1.6934716963158694 -40.6913596087522
2.6413980933443324 1.2897862933732527 1.694220684627435 -40.69081534684424
2.60883990658354 1.2907394102068077 1.6950380770368587 -40.690383938696385
2.576271577468517 1.2914822400983224 1.6959211947172435 -40.69015954107766
2.543692582722745 1.2919732505928487 1.6968587530590056 -40.690185667284574
2.511102513663984 1.2923676597233358 1.6978299532307126 -40.69031000650776
2.478501173720726 1.2926981784789173 1.698807832946211 -40.69050291122698
2.445888702523347 1.293072273750135 1.6997552543137147 -40.69066092795804
2.4132656647555333 1.2934872998023594 1.700629403120846 -40.690791470113
2.380633086375403 1.2939452371432878 1.7013885845964771 -40.6908976774825
2.347992459752201 1.2943729065867513 1.7019928381756921 -40.691057884258505
2.315345804153543 1.2947428853771006 1.7024064634572944 -40.69130488530374
2.282695540017077 1.2950382510720344 1.7025982078519335 -40.69165986321382
2.2500444062978127 1.2952252791158199 1.7025412364296146 -40.69215898174286
2.2173953688785732 1.2953395105550174 1.7022137750874158 -40.692766768098835
2.184751517307946 1.295430630301939 1.701602376315402 -40.693431137600534
2.15211599270259 1.2955445123399483 1.7006996167542727 -40.69410199743342
2.1194919368674245 1.2957062540145872 1.69950358100161 -40.69474879228369
2.086882444223617 1.2959216709109995 1.6980176876644693 -40.6953595029598
2.0542905212627334 1.2962036689469072 1.6962506759354767 -40.69591460682224
2.021719046413151 1.2965990727711922 1.694217585058522 -40.69636029819693
1.9891707205268627 1.2981302819306486 1.6919628128020363 -40.695664864793585
1.956647963756988 1.3010547409337136 1.6895250590309088 -40.69356363273646
1.924152916438499 1.3048080042537895 1.6869272691036352 -40.69061726542069
1.8916874592753372 1.3092125781913448 1.6842083259308278 -40.68700022267167
1.8592530367407716 1.315160140623885 1.6814529758248224 -40.681815467231566
1.8268504154150962 1.3221999914788127 1.678723667294334 -40.67551084671664
1.7944798529135246 1.3268802720581785 1.6759976314931975 -40.67154231575862
1.7621412297266743 1.3291894175688215 1.6733717062645967 -40.66991788574052
1.7298329766105516 1.3300507679436209 1.6709831137873465 -40.66970635857979
1.6975521688014448 1.3302999207505213 1.6689464497001485 -40.67006491511567
1.6652948236475347 1.3307886368736657 1.6673517666081774 -40.670135473089154
1.6330561902805996 1.3315075268516914 1.6662275323726141 -40.66992177313725
1.6008314999985378 1.33291044924983 1.66557659048455 -40.668968662502934
1.5686162974844675 1.3353399857418737 1.6653794955764847 -40.666935770794154
1.5364066397334186 1.338389020983974 1.665599088925056 -40.66423481927941
1.5041990798131173 1.3403765144369049 1.6661943949820373 -40.66255354733939
1.4719902770301765 1.3408725773527619 1.6671163376682636 -40.662331211990264
1.439777224771778 1.3410002318457221 1.6682850889385281 -40.662455053302494
1.40755795184808 1.3409638383669955 1.669603523280377 -40.66272957622378
1.3753314815586712 1.34067186340031 1.670970932644419 -40.66325408267155
1.343097827574143 1.3399317458104565 1.6722765578592458 -40.66423068167426
1.3108580768379385 1.338065421482171 1.6733952821424487 -40.66634752935553
1.2786143779217587 1.3362647132021497 1.6741894627687954 -40.668422416391984
1.246370684005633 1.3348315308958567 1.6745690572126115 -40.67016192781616
1.2141320477753264 1.3339034415640754 1.6744924081695172 -40.671429876548075
1.1819041712779463 1.333302692360211 1.6739422271761921 -40.67239968813524
1.1496930882266487 1.3329815997811643 1.6729225858256793 -40.673111174194176
1.1175049449048131 1.3328798815709018 1.6714561561212145 -40.6736137455651
1.0853457678038512 1.3330240753810703 1.6695869288156633 -40.673868019409696
1.0532212190580392 1.3330867124373684 1.667368530917139 -40.67418984349711
1.021136339692211 1.333324789345806 1.6648734465367192 -40.67430344275364
