7.849974075627532 2.980759955366553 0.9304553210914371 -16.93155589506545
7.832179873506529 2.985198639698459 0.9311845468341402 -16.92754808869127
7.81438747062637 2.988021383762185 0.9321464836176527 -16.924989627342185
7.796595790767437 2.990262330079961 0.9332746359126064 -16.9228323397763
7.778802638771118 2.9924775403440593 0.9344954339031801 -16.920527958247668
7.761005708862312 2.9944902357473135 0.9357444738570817 -16.918271723357556
7.743202968419451 2.994195399332203 0.9369839831916353 -16.91818805389825
7.725392724763083 2.993671133832566 0.9381454465394184 -16.91825005825241
7.707573497076266 2.992796293174851 0.9391896896849337 -16.918633819683862
7.689744717732667 2.9916462941831266 0.940081444019317 -16.919329652835255
7.671906426255453 2.99014015662579 0.9407767902091786 -16.92048927162522
7.654059747641901 2.9886853178241872 0.9412183364008647 -16.921774162457268
7.636207431017259 2.9875036531041212 0.9413626139407953 -16.923019313014187
7.618353354023013 2.9867121641208727 0.9411719714720597 -16.924141582202502
7.600501859533998 2.9862672582362575 0.9406233715829463 -16.92520399879855
7.5826576061391435 2.9861338310814918 0.9397111834742315 -16.926251819152775
7.5648254278445775 2.986307941557341 0.9384476092042099 -16.927290615872693
7.547010157748941 2.9871099702941724 0.9368689024580428 -16.927989985231697
7.52921645905617 2.9885371862723225 0.935023030822556 -16.928339274283687
7.5114487729469275 2.990188378708915 0.9329659805398622 -16.928732679115406
7.493711240268531 2.992082867794865 0.9307773605883656 -16.929139240447093
7.476007608117438 2.994211381069226 0.9285413716875761 -16.929558088448005
7.458341328940905 2.997313843139003 0.9263621429958427 -16.929220342923838
7.44071551893192 3.002551082528832 0.9243498697329603 -16.92691765457155
7.423133305799656 3.0102402149650462 0.9225750709219808 -16.922289743355293
7.405597534694525 3.01820412959315 0.9210359615853648 -16.917543186917158
7.388111424109209 3.0265732070309443 0.9197633832851122 -16.912492658596513
7.370676893063509 3.033880736778421 0.9187580294511101 -16.90859371548148
7.353295391197826 3.0384960552397744 0.9180410128272554 -16.907463337547618
7.33596773182671 3.041660824449908 0.9176649715639189 -16.907730243025753
7.318692087048163 3.0440618469764646 0.9176721336305974 -16.90860415109288
7.301464956323341 3.046494959775236 0.9180906196927292 -16.90919237877543
7.284281979293809 3.0486966747793147 0.9189179924601526 -16.909704857428935
7.267138575012833 3.050804135662937 0.9201351734284088 -16.909953865189586
7.250029417654738 3.052672121739093 0.9217075000323551 -16.91005955604396
7.232948930149391 3.0551097209947424 0.923565696075398 -16.909183719147485
7.215891035091171 3.0586018775073462 0.9256238258285492 -16.906844958143715
7.198849809705769 3.063443009809719 0.9277882698534453 -16.902782275850676
7.181820036475123 3.0686082068860387 0.9299942219127412 -16.898080877810102
7.164797789392625 3.0716655161787636 0.9322074845509887 -16.895238277299455
7.147780019509789 3.071222585667276 0.9343624397933628 -16.895710605644357
7.130764225435437 3.070076013177374 0.9363199423964845 -16.896785357091357
7.113749293831231 3.0678746122237692 0.9380519668593387 -16.8989187020039
7.096735111480667 3.0645161720935308 0.9395461684082327 -16.902337490300276
7.0797229174151655 3.0612260983517006 0.9407576606201582 -16.905930438877913
7.062716100144059 3.059475981456965 0.9416341794643852 -16.908308969467328
7.045718929707643 3.05854549388626 0.9421332090519875 -16.9102445780945
7.028737015309371 3.0582186076046045 0.9422189606423187 -16.911984120386734
7.011776609874129 3.0583020142550263 0.9418739047072289 -16.91373485885783
6.994844346585241 3.0588051242651364 0.9411025449271749 -16.915481540346544
6.977946768081632 3.0596869751179496 0.939931475073842 -16.917246399020073
6.961090140239317 3.0613778021046274 0.9384172273985663 -16.918554764247776
6.94428014686318 3.063824168657031 0.9366304372896296 -16.9194183292153
6.927521698425384 3.066590687379331 0.934659292193497 -16.920245341659545
6.910818764466216 3.069797274358834 0.9326263397983207 -16.920875244603664
6.894174577860039 3.076057093600171 0.9307192965916778 -16.918550096459956
6.877590741500455 3.085541519979207 0.9290492352911189 -16.9130378481388
6.861069064251664 3.094883188611365 0.9276306717595094 -16.90779438217256
6.844612638114659 3.1011857451394387 0.9264976077497389 -16.90578345627641
6.828224868118168 3.1051887955125004 0.9257724814154412 -16.906140454818804
6.81190629463549 3.107608560758644 0.9255443709927461 -16.90800808661769
6.795654732053992 3.109859474788483 0.9258969991893345 -16.909809152862707
6.779465802910622 3.112129899758217 0.9268736684431665 -16.911267524583664
6.763334348351001 3.1147609961442932 0.9284748294217187 -16.91197154567391
6.7472546879354995 3.1178185297419443 0.9306423368628828 -16.911810331523014
6.731221118438358 3.1207093788273492 0.9333016608096045 -16.91135719093289
6.715227938100899 3.1227742065125956 0.9363591457042075 -16.91125890662247
6.699269009978719 3.1253996816982035 0.9396439399951033 -16.910086702087547
6.683336907144382 3.1291251284573462 0.9429914704448907 -16.90731954303914
6.667424101060377 3.1333694011426263 0.9462841659868172 -16.903599292252075
6.651523841302087 3.1377609342739112 0.9494069751128823 -16.899375984376785
6.635630637516471 3.1380413176897592 0.952365478984746 -16.898993128424884
6.619740521844735 3.1369983465153615 0.9549693993623417 -16.899764632263462
6.6038509995276335 3.1352411129707676 0.9571390284243418 -16.901197653644218
6.587960914410562 3.1320228991684256 0.9588687471227657 -16.904146108926565
6.572069993637815 3.1282345282375856 0.9601477403352545 -16.907840161403904
6.556179559518544 3.126106699923211 0.9609819407927257 -16.910156343636764
6.540293300918822 3.1248917006740133 0.9613924766957562 -16.911905296104123
6.52441643184946 3.1243941881100294 0.9613978948041082 -16.913326417422308
6.508554993148806 3.1242591486498283 0.9610243464780965 -16.914806952756468
6.492715652662061 3.1241592924086143 0.9603066491475706 -16.91669388955825
6.476905374625252 3.1242489279863723 0.9592955825933711 -16.918830959033055
6.4611309014676594 3.1248004280643773 0.9580541591822848 -16.92092507134614
6.445398684527673 3.126224522181149 0.9566529797447226 -16.92252312350644
6.429714664918395 3.1285981210176748 0.9551639014483375 -16.923501848372986
6.414083853442707 3.1314710877522534 0.9536651290163852 -16.924281978475427
6.398510684734399 3.135229732979084 0.9522575068647862 -16.924416986546017
6.382998795267144 -3.1408114112483285 0.9510719100381618 -16.921249094315876
6.367550280138525 -3.131089134968246 0.9501598831943051 -16.9155491915305
6.352167273353805 -3.1216632424138537 0.9495426959613746 -16.9102496050376
6.336852601864595 -3.1155198914743862 0.9492577994298412 -16.908396726430386
6.32160946678136 -3.11208883811126 0.9493999768769722 -16.909288324370806
6.3064381271953165 -3.109892275349905 0.9500339551930572 -16.9112631505208
6.291335510758089 -3.1076923896213065 0.9512127389874465 -16.912927370168028
6.276296642924143 -3.1051003766632066 0.9529540104054973 -16.913799593688537
6.261315670927535 -3.1020764874995126 0.9552165921899436 -16.913781836756584
6.246386486323964 -3.0993332768879807 0.9579404257640419 -16.91355838994952
6.231502788703494 -3.0974539198219806 0.9610383530095029 -16.91368585142481
6.216657496607323 -3.096156061256625 0.9643756383578413 -16.913846899097315
6.201842218766389 -3.093961828216722 0.9677584270504872 -16.91256046168923
6.187047995978851 -3.09091256725899 0.9710502037821003 -16.909924144611058
6.172266563395255 -3.086621919371608 0.9741178002227366 -16.905625925137574
6.157490823906407 -3.08208349351636 0.9768993103199539 -16.90074879413519
6.142715605341916 -3.0825814735095025 0.9794322121296645 -16.900642664593384
6.127936632711804 -3.084077626099166 0.981535587097687 -16.90140415527717
6.113151589754978 -3.0862440005985947 0.9831713606184151 -16.902824019118633
6.098359590913058 -3.090352179403237 0.9843706603965235 -16.906275520535914
6.083560594462416 -3.0936962471005995 0.9851469697608085 -16.909186482916496
6.068756889749194 -3.0956782336829445 0.9855524617050527 -16.911057919301584
6.053953308775491 -3.097060975352367 0.9856249190279841 -16.912712952117502
6.0391559634741325 -3.0981477227002556 0.9853968316491263 -16.914504127190106
6.024371761055422 -3.0989122984510526 0.9849032148156298 -16.91643683374882
6.009608006261172 -3.0993711512927504 0.984183027698258 -16.91854138962676
5.9948721986076485 -3.0995470400827934 0.9832812603707695 -16.92083689273612
5.980171765360431 -3.09912135578369 0.9822522520838927 -16.922975856299807
5.965513747272745 -3.0979619501594464 0.9811487721317284 -16.924784199776326
5.95090477174606 -3.0958151021327596 0.9800284912759075 -16.925947820604904
5.936350526694408 -3.0930372456833934 0.9789512448597107 -16.926777003626594
5.921855727912844 -3.0890694249539203 0.9780051321290693 -16.92663182182498
5.907423968142754 -3.081307438126148 0.9772988458424589 -16.922733116437442
5.893057014938193 -3.0712601921720877 0.976870235999655 -16.916574575819773
5.878756922396118 -3.062214411833407 0.9767487978836684 -16.911511153687186
5.864526514889555 -3.0570306183994758 0.9769918801643654 -16.91044310608785
5.850368649318999 -3.054564445884096 0.9776702511361121 -16.912058026635172
5.836282618562642 -3.052659910641872 0.9788318069708495 -16.9139908233023
5.822264260769257 -3.050471487506965 0.9805098115422487 -16.915269277894026
5.808307950320126 -3.047902653108991 0.9826911961031398 -16.915725032293523
5.794407495688638 -3.045167127982955 0.9853217289348467 -16.915524335934954
5.780556241080815 -3.043308136887971 0.9883395023810102 -16.915692091640672
5.766747141522491 -3.041946643957618 0.9916169961563166 -16.915805245731143
5.7529716566040845 -3.0412396516576803 0.9950178059113812 -16.91602056936312
5.739220612588735 -3.0391043545178515 0.9983358275953967 -16.914276760803507
5.725484747467203 -3.0364059297413135 1.0014705607823147 -16.911511080393666
5.711755759139328 -3.0317607879132877 1.004276582965626 -16.90642717399203
5.698027011967375 -3.0283387489471236 1.0067650675096884 -16.90227103912438
5.684293447732049 -3.029335950126889 1.0089189388159179 -16.902307977072425
5.670550855828535 -3.031262939047222 1.0106123198768484 -16.90319745711212
5.656797326646422 -3.0343278220211958 1.0118443654247515 -16.90525662712289
5.6430321595514 -3.038934945662804 1.01264871248876 -16.908995959718872
5.629255948350927 -3.042041687017377 1.013069126491119 -16.91150655286718
5.615472465642399 -3.043990158052375 1.0131725785012256 -16.91320609115394
5.601687191967358 -3.045663898147124 1.013005967720748 -16.915032615467943
5.587906737897388 -3.047005058206794 1.012612106694353 -16.91697151279871
5.574138327207631 -3.047966263001603 1.0120314971443836 -16.919000466762164
5.56038961480977 -3.0485883702839507 1.0113037370954685 -16.921167727242985
5.546668415695003 -3.048903065994902 1.0104715333040937 -16.92349470717248
5.532982411086431 -3.048593297402248 1.009585314982018 -16.925628908857068
5.519338810947014 -3.047539796281876 1.0086919261467349 -16.9274037728541
5.505744330446605 -3.0454720394680668 1.0078410799286415 -16.928483148453356
5.492204621316578 -3.042875235569976 1.0070852388248472 -16.92930602105899
5.478724371673744 -3.038077993156685 1.0065133325640088 -16.928073754654587
5.465306588329736 -3.029450465769572 1.0062010811366746 -16.92301965943623
5.451953003476371 -3.019500223574546 1.0061736304119022 -16.916672424213225
5.438665912132683 -3.0122753245087224 1.0064704903698454 -16.913171688516776
5.425448526929608 -3.0085441004718145 1.0071664837994954 -16.91322001782197
5.412302322310599 -3.006876925817533 1.008306114679406 -16.915213424749624
5.399225290985425 -3.0051890482162187 1.0099172860915548 -16.916880340879384
5.386212648775501 -3.003143058789237 1.0120132648778868 -16.917791585234916
5.3732585504723325 -3.0006896162061056 1.0145531588185788 -16.917839994596775
5.360356588457419 -2.998649397949043 1.017480533731534 -16.917820908834003
5.347499989886724 -2.9974404605637828 1.0207037459296107 -16.91812368173526
5.33468093085253 -2.9964245547219943 1.024071339179127 -16.918079280680274
5.32189025654507 -2.9958304870563808 1.0274455762242625 -16.917939842826684
5.309118660805177 -2.9936868866331374 1.0306352450103173 -16.91577659654085
5.296357157570036 -2.9907150929173656 1.0335478650576857 -16.91238568696486
5.283597918447247 -2.986127630978057 1.036083288578264 -16.907068404479077
5.27083499546621 -2.9854276030072513 1.0383023094606283 -16.90537330722922
5.258063068948691 -2.9867772322098562 1.0400918196627431 -16.90557700242757
5.245278660378632 -2.9889549585817297 1.0414088957383683 -16.90658137475311
5.232480341917284 -2.9925964530435176 1.0422799576337862 -16.909116049591837
5.219667618686178 -2.996499530739517 1.042743551434892 -16.91209412903229
5.206842071007669 -2.999087711589475 1.042873063831259 -16.91404849111956
5.194008236444334 -3.0010868208981907 1.0427331485533549 -16.915764562967404
5.181172028758661 -3.0028890210845307 1.0423735635168756 -16.917682572125585
5.168340242956981 -3.004365302909625 1.0418415270321717 -16.91970789776145
5.155520227852988 -3.005477723387476 1.0411802472709601 -16.921819632750584
5.142719680020636 -3.006286424106672 1.0404304879624915 -16.924078660696978
5.129946371481926 -3.0066659843245978 1.0396366056964403 -16.926340415230612
5.1172078365589995 -3.0065147923947206 1.038843243623659 -16.92846812547463
5.104511181424469 -3.005507671608744 1.0380952360784408 -16.93008168048759
5.091862862965785 -3.003528056243271 1.037434578510195 -16.931002339482703
5.079268138618171 -3.001030826523744 1.0369154351355974 -16.931638209157775
5.06673141504711 -2.9952959970034128 1.0366223514422155 -16.929110706081264
5.054255154609789 -2.985709773054592 1.0366018624075506 -16.922709323264325
5.041840985837616 -2.976379407840389 1.0368741414962936 -16.91661713911605
5.029491598317058 -2.971062010165229 1.0374868248473181 -16.914657078926115
5.017210097553376 -2.968670163120222 1.0385005753995933 -16.915601150739228
5.004996502396108 -2.9674570239576856 1.039935203543538 -16.917533625508202
4.9928476213969555 -2.9659902147710793 1.0418042121739706 -16.918883997298167
4.980758320204473 -2.9642671943226824 1.0441042918482377 -16.919583235225517
4.968722740502602 -2.96222922117992 1.046781558821943 -16.919523712619004
4.956734298252982 -2.960901491628707 1.049778810357673 -16.919716725130534
4.944785995509971 -2.9601674862444685 1.0529818370318877 -16.92001743087153
4.932869572496787 -2.9597674692876126 1.0562491666347462 -16.920161301539302
4.920975960284257 -2.958502970724595 1.0594098069019378 -16.918979114763264
4.909096150990964 -2.9562463024568966 1.062342545952321 -16.916402697519082
4.8972219374394115 -2.9523596614086887 1.0649336457852467 -16.911871097796343
4.885346620797717 -2.948296080902058 1.0671588193821626 -16.906906512635928
4.873464956860741 -2.949191707222896 1.0690459511888388 -16.90667935644072
4.86157166466828 -2.950943336930192 1.0704669892118495 -16.907227101508575
4.849664094742317 -2.9533419560452416 1.0714162295292387 -16.9084402021584
4.837741198227797 -2.9577916745316104 1.0719378431261213 -16.91179792839328
4.8258025961435855 -2.9612437083166605 1.072084180313824 -16.914372440479127
4.813850920761556 -2.9636429669266673 1.0719452893337258 -16.916186801095193
4.801891176876783 -2.9657335639472913 1.0715789944522196 -16.918032080473445
4.789929416516371 -2.967667762475723 1.0710376898091087 -16.920099819945303
4.777972377173794 -2.969283996276663 1.0703720483013064 -16.92225347894651
4.766027284467755 -2.9705604921341076 1.0696274777295345 -16.924480592627123
4.75410162189241 -2.971557831317456 1.0688462097471374 -16.9268364690031
4.742202865739003 -2.9719932970380496 1.0680744956624815 -16.92901216292409
4.730338189625509 -2.9719033026893005 1.0673504700774121 -16.93100948561501
4.718514371568343 -2.9708535383999846 1.0667147927100595 -16.932336956172637
4.706737313061659 -2.9691054253600933 1.0662068282123973 -16.933207211247964
4.695011902893388 -2.96583601499692 1.0658887460554225 -16.93271554484021
4.68334187531329 -2.9591168617052093 1.0658214895656122 -16.9288104907627
4.671729569063395 -2.9497876147234257 1.0660307462768572 -16.922289037754012
4.6601769789963745 -2.941538607747153 1.0665445402342575 -16.91689497595713
4.648686574120469 -2.937568778494005 1.0674046147080676 -16.91585864330298
4.637260663639559 -2.9362406161664727 1.0686376100830945 -16.91739454181254
4.625898262764021 -2.9352158243156024 1.0702415770992368 -16.91899840289438
4.61459537022583 -2.934045946062538 1.0722220276520595 -16.920135219747884
4.60334685917041 -2.9326310437289846 1.0745611046112526 -16.92064737773436
4.592146743181138 -2.931265911152094 1.077210381970517 -16.920797552231633
4.5809884069367355 -2.930546067201863 1.0801016810126944 -16.92116492853987
4.569864505228372 -2.930266856574379 1.0831187081315572 -16.92152613020193
4.5587666476488415 -2.930324906379875 1.086133203316995 -16.92178993719658
4.5476860375817845 -2.928805087213099 1.088975550707961 -16.920079480153326
4.536614360861969 -2.925816068748455 1.091549429545944 -16.91656524769067
4.525544483864002 -2.9215469722097254 1.0937891436118066 -16.911507348696922
4.514470822395553 -2.9207253225595773 1.0957349756930381 -16.90966635731619
4.503387859383125 -2.9218683886339183 1.0972883175082746 -16.909647368631163
4.492291466829635 -2.9237487173735546 1.0984079384045689 -16.910324355600164
4.48117957375438 -2.9265551581447733 1.0991078359515811 -16.91196708981967
4.4700513674413935 -2.9308165145357825 1.099432250474327 -16.915181730974382
4.458907135374387 -2.933826311147804 1.099443784231656 -16.917368547597505
4.447750346112343 -2.9360559253879064 1.0992197163817121 -16.919058833578674
4.436586200258628 -2.9382185810295547 1.0988058750124996 -16.921005533060633
4.425420696753846 -2.9401357966584416 1.0982495459500776 -16.92306165210735
4.414260448546191 -2.941749188509804 1.097594549039833 -16.92518584658048
4.4031124769863075 -2.943088990595022 1.0968807681523836 -16.927411414085142
4.391983952509273 -2.944062043217052 1.096148667578151 -16.92963269086799
4.380881930775746 -2.944549293511438 1.095438926447003 -16.93170366593072
4.369813172189949 -2.9443196472240243 1.0947883852430975 -16.933351946148576
4.358783830652679 -2.9431526711739937 1.0942365241327892 -16.93430533899034
4.347799139079383 -2.9415881660081946 1.093827720690787 -16.935065920256235
4.336863564535679 -2.9375886622816823 1.093629511810027 -16.93349013365463
4.325980248337984 -2.9299244325826543 1.0936868570058582 -16.928254644347597
4.315151350861653 -2.920876666179359 1.0940177318926008 -16.92164185792128
4.304379075439385 -2.914395791060425 1.094649440818269 -16.917654653104563
4.293665778822135 -2.911863468659442 1.0956210280890322 -16.91764149972954
4.283012522679316 -2.9111509631610692 1.0969320199910721 -16.919330014554692
4.272417266007498 -2.9102866355241512 1.0985739059754414 -16.92061781365251
4.261875710971626 -2.909357726185567 1.1005433801902185 -16.921532990652267
4.251382761609149 -2.908316263227249 1.1028167780243665 -16.92198198145138
4.240932464104391 -2.9074480519557087 1.1053445101599155 -16.922226578021586
4.230518203431523 -2.9071207242589363 1.1080532373727834 -16.922622797634496
4.220132651315992 -2.907103985696109 1.1108314135023292 -16.922931403008796
4.209767690834209 -2.9066728216646536 1.1135461387424102 -16.922447712216183
4.199415178596481 -2.9046963459959003 1.1160695064215642 -16.920087136840678
4.18906781514581 -2.900999734210163 1.118317228174825 -16.915735287437087
4.178719610113359 -2.8974976759768287 1.120272554562342 -16.91135992359055
4.168365593782486 -2.8985863151671136 1.1219455754531444 -16.91138200642015
4.158000231035691 -2.90005139281863 1.1232128359498483 -16.911697793553714
4.147620453478816 -2.9020662656989225 1.1240728692162825 -16.912557311257274
4.137224739898883 -2.9052446178091293 1.1245559924593056 -16.91463811552368
4.126812507021001 -2.9088762880071513 1.1247072025321585 -16.91731167933583
4.1163849125787655 -2.911771996044288 1.124591756771672 -16.91947132564875
4.10594584234241 -2.9141059024997586 1.1242688367007734 -16.921340396758534
4.095500494028787 -2.9162892774068494 1.1237762310349833 -16.923360965438842
4.085054719955896 -2.918245694209415 1.1231553189950656 -16.92547866905828
4.074614856021069 -2.9199195397212363 1.1224477511434554 -16.92764726093538
4.06418752342838 -2.9213862529950556 1.1216931187115815 -16.92993979458644
4.053779400877025 -2.9223686903677315 1.1209347629076372 -16.9320603741536
4.043397009483815 -2.922823890426816 1.1202087239896816 -16.93393786837899
4.033046433364231 -2.922414950457385 1.1195573361989106 -16.935192922743248
4.022733110289758 -2.921385296948068 1.119021898976932 -16.936030304387515
4.012461699079532 -2.919815251116049 1.1186560731781192 -16.936488391246456
4.002236185385739 -2.915028709454573 1.1185244763130695 -16.933781981808817
3.9920593686975288 -2.906568700704632 1.1186531846671302 -16.927386120384597
3.9819333056544144 -2.8981527116153742 1.1190559603463361 -16.92105290448559
3.9718602245918215 -2.893576847286095 1.1197556131495439 -16.918617897712327
3.961842122310968 -2.892131548529404 1.120782307298816 -16.919284797357104
3.9518787929269146 -2.891758781774435 1.1221182805983747 -16.920875174024513
3.9419674690559594 -2.891071022343149 1.1237492641951699 -16.921907342208147
3.932103819712565 -2.890359387211749 1.1256577176942195 -16.92262834505916
3.9222827864269085 -2.8897278845647034 1.1278139111103198 -16.923107807690137
3.9124984926282043 -2.889282583861778 1.130163984241913 -16.923432338844954
3.902744352847198 -2.889191392788369 1.1326324246759583 -16.923762736041823
3.893013179626844 -2.8892798932311767 1.1351200861543742 -16.923927862464435
3.883297382459149 -2.8878992061320115 1.1374903824582852 -16.92230595208367
3.873589863797932 -2.8850334735159313 1.13966227863242 -16.918928477791095
3.863884432141915 -2.8810069421346753 1.141574990102601 -16.914175937300495
3.8541761836372124 -2.8807553119886338 1.1432601793092794 -16.913004671715044
3.8444596834836475 -2.8819171837487976 1.1446094293585853 -16.913124721294487
3.8347307854577037 -2.883501436708666 1.1455754415050425 -16.913617288000616
3.8249869956042617 -2.885568551576932 1.1461660591906466 -16.91460811761737
3.8152272330056785 -2.8890304355259673 1.146423627146434 -16.917063977884673
3.8054511624124134 -2.8920463483569616 1.1463981618030936 -16.91922647901375
3.7956607626288323 -2.894819770848556 1.1461499472462655 -16.921360418947934
3.7858601627928485 -2.897275358652397 1.145720109647914 -16.923429360075918
3.776054444261082 -2.899542412382977 1.145142197742746 -16.925586867274948
3.766249239301791 -2.901602970014718 1.1444535638047582 -16.927829400972286
3.756450544660912 -2.9034218044383655 1.1436935146587714 -16.9301249493126
3.746664525217313 -2.9048303133067153 1.1429034824684858 -16.9322954640866
3.736897308861105 -2.9057408222810173 1.1421234865174181 -16.934233308000664
3.7271547526475963 -2.905951245128916 1.1413956398080725 -16.935706084598095
3.7174422942512533 -2.9053682245316974 1.1407621556958358 -16.936584171374065
3.7077647474782673 -2.904478801949016 1.1402670782864721 -16.937325806374492
3.6981263352200466 -2.9026301265495245 1.1399662793468077 -16.9372285457467
3.6885306354138523 -2.897047283772622 1.1399110684485578 -16.933418508660267
3.678980280621457 -2.888600144118999 1.1401137415648694 -16.92673084113909
3.669477375727433 -2.8811175328352867 1.1405805822749921 -16.921024847520997
3.6600237935857747 -2.8773586144327044 1.1413276095667055 -16.919066694487718
3.6506206183624066 -2.876421001390861 1.1423612216422574 -16.919874180395766
3.641266859049155 -2.876112002662234 1.1436562546405245 -16.92115090465665
3.631959372294964 -2.8756199170987435 1.1451919906781562 -16.922020301312784
3.6226939084036203 -2.875202937737436 1.1469420075240289 -16.922704264654243
3.6134654011700973 -2.8749497270436066 1.1488704657160862 -16.92326311445336
3.604267969611087 -2.874875824332599 1.1509253930551087 -16.923695922900706
3.5950950685288188 -2.87496590845534 1.153036107616612 -16.923981115340112
3.5859396388725435 -2.87482140880866 1.1551167727304195 -16.923731754791334
3.57679464189364 -2.8729536818787405 1.1570638903327524 -16.921491273896002
3.5676539154665035 -2.8696158419021303 1.15881750213939 -16.91755929584142
3.5585123077657768 -2.866595951404813 1.1603541158047328 -16.91376228846484
3.5493652130897844 -2.8676878933970493 1.161669880365634 -16.913911979014934
3.540207237585963 -2.8689545420599636 1.1626603090665537 -16.914150698898375
3.531035151801817 -2.870563029610906 1.1633063037691473 -16.914697697973285
3.521846854139294 -2.8727708539608305 1.163629538548713 -16.91586577695052
3.512641472246869 -2.8760406325902017 1.163678896505431 -16.918173686923396
3.5034191723292336 -2.8789583679952995 1.1635089611441622 -16.920282307264973
3.494182561037583 -2.8818143246011143 1.1631631654997525 -16.922532706974117
3.484935795157131 -2.8845306226522025 1.1626741137579732 -16.924879328813837
3.4756838491908715 -2.8869871437136267 1.162070537142249 -16.92722366009309
3.4664322464257067 -2.8891206651673143 1.1613811609113458 -16.929513018394466
3.457186824892128 -2.8909812838605307 1.1606354215099848 -16.931797689491543
3.4479534989624816 -2.8923418552367974 1.1598689733478924 -16.933838213700284
3.438738077820075 -2.89320385448146 1.15911550991819 -16.935615881516554
3.429546060237361 -2.893310767984203 1.1584141992801515 -16.936843694011944
3.4203824960307476 -2.8928381792208047 1.1578035537617193 -16.937666555116422
3.4112518073266593 -2.891967804362467 1.157331525860807 -16.938235126682724
3.4021578611542806 -2.8894531908561256 1.1570544621168124 -16.937246707737394
3.3931039233003184 -2.8831820761157094 1.157012299209295 -16.93250871854974
3.384092520540298 -2.8748004283820445 1.1572087529868942 -16.925647327905153
3.375125579031136 -2.8684294357871463 1.1576502461040532 -16.920813923527916
3.366204520755388 -2.8656345124682137 1.158353045877228 -16.919553927578026
3.3573295567975636 -2.8647945944432465 1.1593000299680567 -16.920164749849818
3.3484989607985636 -2.8645633641071457 1.1604728762106447 -16.921226498561985
3.33970947196721 -2.8643317148055707 1.1618464508537818 -16.922078262365567
3.3309568085897188 -2.8641881754035783 1.163388823156584 -16.922776399950095
3.3222358028061043 -2.8641727692037526 1.1650610749290022 -16.923338156835534
3.3135405664323074 -2.8642517690835603 1.1668140184920601 -16.923716520235327
3.304864654164376 -2.864234944625683 1.1685852024229613 -16.923720829272405
3.296201379373355 -2.8632995875514258 1.1702985325351507 -16.922545337899386
3.287544497583865 -2.8610082643665073 1.17188635428144 -16.919787018699132
3.2788886090740914 -2.857870202116094 1.1732989610590023 -16.9159944895295
3.270229150016435 -2.8563140474451374 1.174514633297751 -16.913622498851105
3.261561407361785 -2.8574681939624518 1.1754889141170994 -16.913830668851688
3.2528807020628996 -2.85879155640777 1.17615499777454 -16.91414229898679
3.244184212178932 -2.860480666290139 1.1765073363285028 -16.914802077521845
3.2354702365938266 -2.863161709681798 1.176580557456049 -16.916485204353933
3.2267380830306913 -2.866335219830888 1.1764293425740933 -16.91875426016709
3.2179886869903007 -2.869349855630725 1.1761003107945738 -16.921021637341802
3.209225212163925 -2.872323308721673 1.1756265512424902 -16.923444578028544
3.200451859247994 -2.8752080587300766 1.1750389267484644 -16.92600197345892
3.1916735411072916 -2.8777178717261123 1.1743661377906105 -16.928424622092656
3.182895700925639 -2.8799013418320194 1.1736329405786812 -16.930767404929767
3.174124004711004 -2.8816897028110904 1.172866278775716 -16.932957683539506
3.1653641373808368 -2.8830189238816564 1.1720954832855388 -16.934917949571997
3.15662159519636 -2.8837416618991174 1.1713529659353032 -16.93647873640774
3.1479015404566253 -2.8837370280541297 1.1706740753476923 -16.937490408406376
3.1392086309652476 -2.88337241329453 1.1700973035063882 -16.93829433861754
3.1305469401531814 -2.8824018562644933 1.1696720476835332 -16.938610356976326
3.1219200309743473 -2.879049857585017 1.169450129258417 -16.93660251638603
3.113330980663218 -2.871893632120004 1.1694534544797406 -16.93078136911881
3.1047821509111935 -2.863853703748712 1.1696757185112128 -16.924067191958073
3.096275143512325 -2.8589430578203907 1.1701302952156258 -16.920495274026642
3.087810732271289 -2.857082792891946 1.1708311684753878 -16.919939124084724
3.0793882002709285 -2.856577477309043 1.1717491030642477 -16.92063117155702
3.0710051960672855 -2.8564695972758467 1.1728632908087417 -16.92155795655262
3.0626582207391504 -2.8564044331152534 1.1741410733868958 -16.9223259905104
3.0543428275706597 -2.856437513473096 1.1755434951564547 -16.922964918300103
3.0460537403458927 -2.8565176518828888 1.1770237310563578 -16.923405693852416
3.0377850360094736 -2.856502302749841 1.178530082150436 -16.923498038329885
3.0295304124944247 -2.8562056513355665 1.1800066262907978 -16.92306418331919
3.0212836399467196 -2.85453202338846 1.1813837762322785 -16.921033185973258
3.013039339570182 -2.851866471551469 1.1826094926719162 -16.917822844280224
3.004792807792194 -2.849761955365522 1.1836498232413968 -16.915013398943504
2.996539459217954 -2.850397154861375 1.1844741712831368 -16.914804211183316
2.988274230903615 -2.8514284606544815 1.1850181096164438 -16.914905330482476
2.9799937925933206 -2.852745815360878 1.1852623332946806 -16.915247233424186
2.9716957827287525 -2.8544615286854986 1.185223245171822 -16.91598760003095
2.963379001719512 -2.857014985213014 1.1849549787322422 -16.917611755007485
2.9550433086983072 -2.8598715238856114 1.1845177137798863 -16.91964258333588
2.9466903586789797 -2.8628530168706647 1.1839427476637285 -16.921952365373627
2.9383234388144244 -2.8659294585361472 1.183262300732216 -16.92454205908821
2.929946681924856 -2.8688851300542906 1.1825156510026784 -16.927218528588792
2.9215649235383947 -2.871503606745464 1.1817352248556583 -16.92977882441324
2.9131834890830284 -2.8736503354993337 1.180946630105492 -16.93209177693546
2.904807937709951 -2.8753578582477277 1.1801708995265097 -16.93418425123606
2.896443774610614 -2.876646537359724 1.1794292539071733 -16.936063523970642
2.8880962660232035 -2.8772610426254017 1.178747750172246 -16.93745204119817
2.879770345147743 -2.8772140677393785 1.1781526552691057 -16.938336207279054
2.871470397737656 -2.8768789593153685 1.177677809170281 -16.93906532714975
2.863200235330328 -2.8757167015804566 1.1773663981576472 -16.939065011013923
2.8549632074833142 -2.871432049093198 1.1772576182387886 -16.935975292228036
2.8467622705017948 -2.863279883868671 1.1773494154052286 -16.92899439342427
2.838599572295623 -2.855982997730681 1.1776327784504566 -16.92286700695248
2.830476208691199 -2.8521983486052127 1.1781298800644178 -16.920246380600148
2.8223920604294293 -2.850723218606632 1.1788328730165685 -16.91987174742188
2.814345585698138 -2.850656389213749 1.1797188969461971 -16.920789559119015
2.8063339522643287 -2.850637546727272 1.1807554283343737 -16.921589703032737
2.798353391378357 -2.8506898107402385 1.1819068130190613 -16.922267785320514
2.7903992653827814 -2.8507826058962182 1.1831286095568823 -16.922772129406695
2.7824662045256647 -2.850757811625673 1.1843683969984795 -16.922931121892248
2.7745483111056357 -2.850487804398357 1.1855766160609038 -16.922618615170414
2.766639592628992 -2.8495107962118995 1.1866986311417211 -16.921388947091213
2.758734526936579 -2.8475374948773995 1.1876779368654686 -16.91898004783575
2.7508283211214324 -2.845566864211623 1.188476670916039 -16.916415818428348
2.742916404706969 -2.8446451853645494 1.189059667009958 -16.91476571233839
2.7349942494596386 -2.8453261494531237 1.189389835999717 -16.91460940028928
2.727057551543743 -2.8462322563902616 1.189440091940695 -16.914610780658364
2.719103418156654 -2.847527484021991 1.189219796455025 -16.91496921296563
2.7111298603210847 -2.8492361385728535 1.1887725037574677 -16.91575099429643
2.7031361118627655 -2.851424848052784 1.1881719517538738 -16.917067751755525
2.695122727849727 -2.854118856234575 1.1874624165352134 -16.918991055672294
2.6870916379781984 -2.8574092821168926 1.1866673906124456 -16.921651756128618
2.6790458446848895 -2.8607201058670864 1.1858247651328402 -16.92450458778348
2.6709894163374703 -2.8637993748664092 1.1849790157242832 -16.9273189605126
2.6629271915958665 -2.8664960794764887 1.184158408913305 -16.929956625145188
2.6548644927146574 -2.8687565561581567 1.1833790461994576 -16.93236762154688
2.6468068272556007 -2.870545804242329 1.1826522261618762 -16.93451170029817
2.6387596404428795 -2.8718358279594534 1.1819885305333537 -16.93634768209462
2.6307281148216153 -2.872518617038158 1.1814014850236116 -16.937746896979583
2.622717030233614 -2.872574676536551 1.1809091170803632 -16.938664319953958
2.6147306072741547 -2.8721318173326997 1.180539485070163 -16.939201440075855
2.60677249589326 -2.870625493599263 1.1803269242863115 -16.93875860089971
2.598845893170202 -2.8656593936087997 1.1802929910149162 -16.934874814268646
2.5909536342626662 -2.8570210281010975 1.1804248430319348 -16.927287889354695
2.583097658951774 -2.850596483671778 1.180720409598241 -16.92191348989478
2.5752783560680985 -2.847682920839715 1.1812065447828923 -16.920023361873433
2.56749472198799 -2.8466676205835655 1.1818581807301671 -16.919948946233
2.5597445554552847 -2.846688309391345 1.1826546150896677 -16.920783095213174
2.5520246175995775 -2.8467048553985497 1.1835610791365763 -16.921447738497335
2.5443309031491914 -2.8467681815306 1.1845384104830095 -16.921971076446724
2.5366586169186256 -2.8467687031864117 1.1855381728709553 -16.92222619890554
2.5290023370506747 -2.846523143069936 1.1865105700860596 -16.922024091003266
2.521356369591998 -2.8460725296534126 1.1874092968779058 -16.92141468861479
2.5137150947231652 -2.844889390386004 1.1881823043725703 -16.919891273451405
2.506073540034552 -2.843215209148025 1.1887887675600697 -16.917717881554726
2.4984271721669757 -2.8421778614285387 1.1891970296145788 -16.916041644336573
2.4907713950541246 -2.842295059964636 1.189378419961506 -16.915401679758297
2.483101798317509 -2.8427879983234687 1.1893075788259477 -16.91505127435412
2.475415026130175 -2.843525185360402 1.1889861543792335 -16.914888415406857
2.467708569182994 -2.8449054772376328 1.1884444750029406 -16.91534350855219
2.459980688767079 -2.84624028305101 1.1877525790555765 -16.915772924638965
2.4522313769345936 -2.8483888216062057 1.1869753832521197 -16.917072578669533
2.4444614436163716 -2.85110973528674 1.1861404913924407 -16.919043535903523
2.4366729533871685 -2.85462556513145 1.185265697966342 -16.921942994475224
2.428868768761724 -2.858065333862645 1.1843872696553928 -16.924931373816037
2.4210530094351097 -2.8611928791799426 1.1835423181966247 -16.927793525634044
2.4132305682546047 -2.863906612078541 1.1827491382627906 -16.93044033337072
2.4054067742632146 -2.8661622454356803 1.182013138137451 -16.932830896775886
2.397587089523336 -2.867945782097859 1.1813360349578679 -16.934945563837463
2.3897768522134077 -2.869211217979542 1.1807218338203793 -16.936724401826297
2.3819810934189185 -2.869864733639481 1.1801791504964094 -16.93805251743353
2.374204400956392 -2.8699747310018355 1.1797240688856159 -16.93897358567295
2.3664507844553047 -2.8693850725162084 1.1793843958651156 -16.939302703411638
2.358723738895255 -2.867269820742532 1.1791904745163753 -16.93817590123697
2.351026380129492 -2.8617012499523073 1.1791510288923035 -16.933606214915947
2.343361448559765 -2.8532417701672146 1.1792499094941389 -16.926115420080066
2.3357306235369957 -2.84805028864419 1.1794950190544404 -16.921887196672326
2.328133436069528 -2.8457812835133187 1.1799106681386597 -16.920531761762398
2.3205682103053573 -2.8451758009076227 1.1804744218508638 -16.92074306254927
2.3130322802123127 -2.845174463744863 1.1811610880496823 -16.921422808976534
2.3055222131252644 -2.845185091154639 1.1819337926150308 -16.92194977156442
2.2980338873279194 -2.845177199880614 1.1827484149954177 -16.922273726362363
2.290562478299432 -2.84502412641591 1.18355509263696 -16.92225575275883
2.2831026927017604 -2.8446081273330823 1.1843048813126518 -16.921778344114706
2.2756491207431724 -2.8440214289203682 1.184951452685718 -16.920946648011416
2.268196496382033 -2.8427056491627347 1.1854499618270118 -16.91922254569939
2.260740257527099 -2.8417733719976566 1.1857683431360242 -16.91773483031276
2.2532756748053524 -2.8415913790608647 1.1858759162225234 -16.91687033251128
2.245798251797739 -2.8416896539208563 1.1857495137491827 -16.916184772474686
2.2383043123009596 -2.842012917576598 1.1853813683590133 -16.915647848875707
2.2307908621262404 -2.842816008681661 1.1847904911375338 -16.915540314395408
2.2232555514021577 -2.8441352666756403 1.184023574034597 -16.91593269789259
2.215697088863391 -2.8453554750775756 1.183157475763143 -16.916252289442834
2.208115915019583 -2.847457016555056 1.1822317393073905 -16.91751057955171
2.2005129022974677 -2.8501731247962523 1.1812689208857161 -16.91948055544386
2.192890094013194 -2.8535845696249935 1.1802863366755956 -16.922276546239964
2.185250337421074 -2.8570254776990898 1.1793143624563127 -16.925262477081127
2.1775976412580174 -2.8601336998748983 1.178385994538016 -16.928097076378343
2.1699368359440965 -2.8628269251476164 1.1775198235385131 -16.930710076249174
2.162273164904115 -2.865060367995235 1.1767207742539882 -16.93306000213113
2.1546119946038425 -2.866832417591426 1.1759893777757544 -16.935139773104314
2.146958555412618 -2.8680917963022474 1.1753287117229505 -16.936884422206976
2.1393177744043794 -2.868744642550335 1.1747460022705254 -16.93817944278843
2.1316941530788007 -2.8688202530427906 1.174256069051486 -16.93902951964089
2.1240916468060154 -2.8681659693049473 1.1738841950145034 -16.939253766551364
2.1165137147065405 -2.865841816711309 1.1736511891058352 -16.937873408629393
2.1089634895623237 -2.8599848010641424 1.1735576867045037 -16.93296720715823
2.101443817651226 -2.8521333125893946 1.173584996316677 -16.926041629028333
2.0939561328116003 -2.8475210096569774 1.1737449420671693 -16.922338591175524
2.086499365475599 -2.84553821411437 1.1740534263012772 -16.921203120644627
2.079071396146493 -2.844997025237035 1.174490520098585 -16.92140351347243
2.071669281498823 -2.844937279405542 1.1750309339626388 -16.921946489905615
2.064289489439739 -2.844895098070577 1.1756367388763012 -16.922342901701427
2.0569278681061824 -2.844780874921289 1.1762616724707615 -16.922485127208844
2.0495796497104934 -2.844442298988344 1.1768571209721022 -16.922212654756706
2.0422397521416515 -2.843918751015226 1.177375995564536 -16.921568524077827
2.034902987852742 -2.8432780592523987 1.1777762695180156 -16.920633192020954
2.027564317933069 -2.8425893336418033 1.1780205411022655 -16.919492831808
2.0202190054117444 -2.8421308372326295 1.1780758583151425 -16.91844404386432
2.012862567503181 -2.841890024856723 1.1779175292116744 -16.917494641278832
2.0054910067548066 -2.8418941811236396 1.1775293771814328 -16.916692524830182
1.9981008154264237 -2.8421067489729173 1.1769163425208347 -16.91602544685832
1.9906891902948745 -2.8429248674258174 1.176107485775226 -16.915915247803685
1.983253864593238 -2.8441717397196347 1.1751606304779616 -16.91622082628161
1.975793838902959 -2.845262697679303 1.17415308289331 -16.91639855333237
1.9683098254342328 -2.8472905946110916 1.1731082306685148 -16.917567131872385
1.9608025935809061 -2.849970561475891 1.1720437440703857 -16.919480312593613
1.953274049045211 -2.853255023422412 1.1709742592871948 -16.922124996966133
1.9457269568948818 -2.8567345674679907 1.1699211397251554 -16.925121084479322
1.9381650848204983 -2.8598669984110114 1.1689121910149793 -16.927948978157396
1.9305931518849555 -2.8625845934250895 1.1679668583982779 -16.930553648270067
1.9230162861992024 -2.86483627713074 1.1670900894415637 -16.932888154484814
1.9154397534341296 -2.8666345744483857 1.1662816000090426 -16.934960377034667
1.907868685512432 -2.8679296202913713 1.1655441148441872 -16.936707439757896
1.9003079298911596 -2.868629704495297 1.1648841869421858 -16.93801765887143
1.8927619409662058 -2.868653446353756 1.1643157879315553 -16.93878458624573
1.8852347054080236 -2.868024241486378 1.1638617565077125 -16.939004775775466
1.8777296613307435 -2.8658761589168384 1.1635368777047792 -16.937774938240874
1.8702499661590992 -2.8601790398921603 1.1633384931840685 -16.933006225396596
1.8627987299671065 -2.8528986876080165 1.1632457378736727 -16.926633399875904
1.8553772917489832 -2.8483402086680862 1.1632694292106032 -16.922954956703535
1.8479842778304567 -2.8464931198060155 1.1634245905183473 -16.921920470382524
1.8406171534704203 -2.8458423143311675 1.1636896550969322 -16.921971117736668
1.833272881645463 -2.8457120398558224 1.1640373736212282 -16.92240112425501
1.8259478407761498 -2.8455718783572097 1.1644296692010943 -16.922656068779865
1.8186379153066974 -2.8453067115642465 1.1648213146509439 -16.922604347154888
1.811338470278409 -2.844817934147199 1.165165734088839 -16.922141717317366
1.804044622340479 -2.844211449685038 1.1654178309021994 -16.92137820555073
1.7967513385133018 -2.8435561358104047 1.165540691361446 -16.92039475076183
1.7894537273210174 -2.842997383470492 1.1655011922284935 -16.919352492416262
1.7821471153515538 -2.8425336967824038 1.1652709265326604 -16.918268604232985
1.7748272666772609 -2.8422277373748805 1.1648316971658532 -16.917224443687925
1.7674903670977629 -2.8421419697665984 1.1641775319071648 -16.916302692498714
1.7601330752185622 -2.8423743279765183 1.163322946364444 -16.91562485260099
1.7527526609024542 -2.8432004365860575 1.1623061530596812 -16.915493355895975
1.7453470488831602 -2.844321313499547 1.1611907655046945 -16.915646571153083
1.7379155667025137 -2.845431884622406 1.1600385399269666 -16.915815527751544
1.7304588862019 -2.8474734494729534 1.1588666107831516 -16.916965901811
1.7229776513195516 -2.8501569770571527 1.1576892837304775 -16.918847802602137
1.7154736456070394 -2.853369873093089 1.1565171697381964 -16.921384257112983
1.7079495253797459 -2.8568437380352374 1.15536283133731 -16.924336645873467
1.7004088403467177 -2.8600520885779965 1.154246670338798 -16.927202545837282
1.692856098495514 -2.8628342143187506 1.1531868661636675 -16.929835297080594
1.6852962800884652 -2.865147795730932 1.1521903813399161 -16.932197633726794
1.677734511913007 -2.866997040772467 1.1512582887520457 -16.934289989969884
1.6701758110432152 -2.868349390585651 1.1503937731706384 -16.93606765760493
1.6626249296823392 -2.8690150832167536 1.1496045740294791 -16.937320899445375
1.6550863343384006 -2.8689871791099013 1.1489038726484282 -16.938017880629005
1.6475640224689876 -2.868395964614918 1.1483096491407903 -16.938262293014773
1.6400613811602252 -2.8665238785499683 1.1478326892601154 -16.937300851583686
1.632581548935883 -2.8611115830535208 1.147469133665788 -16.93281458096066
1.6251279949211477 -2.854409285267605 1.1471960634433143 -16.92702058837517
1.6177019779060753 -2.8499591811933915 1.147023946939647 -16.923442058446714
1.6103018939022333 -2.8479772239248033 1.1469666743985796 -16.922255380056207
1.602924932858905 -2.8472720130650067 1.1470005486242385 -16.922230588474495
1.5955678503560207 -2.8470102072387915 1.1470940619821508 -16.92250401298134
1.5882270229705864 -2.8467063826858334 1.1472057380624494 -16.92256624109426
1.5808984074013028 -2.846283766502472 1.147290794139254 -16.922325958468974
1.5735775064422846 -2.8456829420276684 1.1473047343073535 -16.921719073662082
1.566259597924293 -2.8449957934273407 1.1472102634158001 -16.92084201897726
1.5589398351078427 -2.844354227485551 1.1469766805131596 -16.919837938901992
1.5516134459132618 -2.8437940999527602 1.1465760972197143 -16.918758268816518
1.5442759591635102 -2.8433003923532425 1.1459884109455831 -16.91760601344945
1.536923348583911 -2.842929422470969 1.145203035906065 -16.91645583517702
1.5295520131833449 -2.842805082406962 1.1442250931368985 -16.915452287747584
1.522158779122058 -2.8431740827197243 1.1430796029405141 -16.914865478124497
1.5147409490979509 -2.8440047329166087 1.1418150769880733 -16.91469570360199
1.507296838286046 -2.8450189517835605 1.1404942815141639 -16.91470238469573
1.499826098924303 -2.84616820479874 1.1391583146761504 -16.91486755993833
1.492329285331257 -2.8482872014327967 1.1378180991336857 -16.91604954347966
1.4848068399354057 -2.8510154987431684 1.1364850983204382 -16.91792955078206
1.4772604445893494 -2.8542177480132858 1.1351640079830134 -16.920409892064136
1.469692629796516 -2.8576084045098673 1.133859998093354 -16.92323672520537
1.4621068398268795 -2.860910731060405 1.1325838855397041 -16.92615767733229
1.4545072499817675 -2.8637641812786057 1.1313499348404645 -16.928828588536796
1.4468986840340532 -2.8661400100341043 1.1301687622909482 -16.931226522207975
1.4392861075413268 -2.8680363872187167 1.12904452337341 -16.933346586777322
1.4316743993823355 -2.8694339256023658 1.1279824356743686 -16.935157857134662
1.4240681952176726 -2.8699844790145304 1.1269927150208994 -16.936291802965844
1.4164720457730942 -2.8698820739851794 1.1260880012625112 -16.936917462978613
1.4088899118478315 -2.8692761019298554 1.1252799949496806 -16.937156748397605
1.401325118246862 -2.8676611489917105 1.1245755407002291 -16.93646971924968
1.3937807191312308 -2.862377443565611 1.123969585774977 -16.932134185494803
1.3862607702580072 -2.856364731956605 1.1234386602601756 -16.927055170002475
1.3787662012257877 -2.852606513936115 1.1229967636621285 -16.924187865793265
1.3712949135203587 -2.8503643630372792 1.1226528521359525 -16.92274632735966
1.363844319131007 -2.8494726870959357 1.1223829710342776 -16.922531531916555
1.356410880679312 -2.8490526898959416 1.1221524271616472 -16.922634738441435
1.348990909366541 -2.848584506286398 1.1219166189854892 -16.922511785080985
1.341580472217008 -2.848013772034712 1.1216316955141417 -16.922095101100304
1.3341752485362837 -2.8473151077029915 1.1212576592924761 -16.92135510392993
1.3267707099966854 -2.846608173387327 1.1207615060910492 -16.920416238260742
1.3193621776703572 -2.845973222719771 1.1201157540518012 -16.919370294045727
1.3119450866880042 -2.8454320531372908 1.1192984525470056 -16.9182549594883
1.3045151913210586 -2.844926541908318 1.118295496374633 -16.917030448441004
1.2970687368728033 -2.8445283273456083 1.1171025803240184 -16.915788099941395
1.2896023809489927 -2.8444884939049273 1.1157331934097507 -16.914800183133472
1.2821130448834333 -2.8450456679961578 1.114222959670188 -16.914330993141277
1.2745981460858784 -2.845916144594037 1.1126263763235642 -16.91413405940488
1.267056451992801 -2.8469290392290905 1.1109952207996194 -16.914075116690285
1.2594878156190688 -2.8481184230371164 1.1093565257348388 -16.914215796716533
1.251892743327431 -2.850286042796315 1.1077176560337516 -16.915381092172126
1.244271462581567 -2.8529952086113264 1.106087381867813 -16.917179630977692
1.236625583961008 -2.856134949000637 1.1044652873473582 -16.91954008829684
1.2289574619874364 -2.859394364147814 1.102851696501557 -16.92218553190394
1.2212704079445265 -2.862584453181747 1.1012523017194253 -16.924952110466474
1.2135683583716066 -2.865499223933306 1.099676972008007 -16.927650742922772
1.2058557382057957 -2.8679190698478165 1.09813804101601 -16.93006969439181
1.1981373169202059 -2.869844907132434 1.0966472143411883 -16.93220766021615
1.1904177971018446 -2.871084933183758 1.0952155388770113 -16.933861778588387
1.182701863115255 -2.8714665054057646 1.093854721746208 -16.934838794521703
1.1749940615003545 -2.8712573441718106 1.092571574905325 -16.935380354301923
1.1672982619536665 -2.8705449507288545 1.091372522616808 -16.935544828613093
1.1596177564772439 -2.869197674894414 1.0902601854010305 -16.935167312452897
1.1519553393381552 -2.864017629104818 1.0892292486708472 -16.930984320128466
1.1443159960974705 -2.858954602429937 1.0882553998924744 -16.926907463174853
1.1366998605298115 -2.8556523856152807 1.087357173080381 -16.92453857244128
1.1291046904226305 -2.8531947592901945 1.086540394397034 -16.922910023321236
1.121528223465739 -2.852130470184426 1.085779462427652 -16.922537804046947
1.1139665955320703 -2.8515253628830477 1.0850389195401817 -16.922457772312658
1.1064161377468094 -2.850894691587332 1.0842742700751866 -16.922161125281423
1.0988731267836374 -2.850181045598619 1.083442252245166 -16.921577179739607
1.0913335399881479 -2.849427865104562 1.0825039041366322 -16.92074519132138
1.0837930985632875 -2.848733286496087 1.0814268055090106 -16.919767891036432
1.0762473848387886 -2.848137797208714 1.0801858539976428 -16.918697877490683
1.068692136126102 -2.847631294023905 1.0787627133617637 -16.91754145160169
1.0611234443949247 -2.847159958257863 1.0771475869393112 -16.916264607989234
1.0535378959589823 -2.846826782517479 1.0753406888439883 -16.914991600602367
1.0459324059264505 -2.8470123312211264 1.073363344447287 -16.914124574782022
1.0383038839612995 -2.8476929975379774 1.0712590386166796 -16.9136718229761
1.0306501440071936 -2.8486165610320637 1.0690818794246881 -16.913421692018623
1.0229702718831801 -2.849719905073332 1.0668709992983736 -16.913346449233995
1.015264137846231 -2.8510084107397704 1.064647949582113 -16.91347999324757
1.0075322431175802 -2.8531995595393544 1.0624179692951992 -16.914564360707423
0.9997746685418228 -2.8559049200504414 1.0601863144627575 -16.916260275321655
