7.839302167112311 0.3884451818951147 1.9213494836901122 -8.562966852824053
7.801975171391617 0.3900239002592563 1.9230392358838742 -8.562201620741355
7.764631402145841 0.3918500499025577 1.9244588045689917 -8.561118472535403
7.727274914409698 0.39330817750810515 1.925653702868501 -8.560352886265479
7.689908795046942 0.39449601337244805 1.9266435017459886 -8.559832057018312
7.652535911944884 0.3950871242272041 1.9274414546300618 -8.559912948647455
7.615159582689277 0.39506092678015575 1.9280504290213585 -8.560655072771155
7.577781963240096 0.39471221414063673 1.9284557466305077 -8.561811824583167
7.5404046375580025 0.3949397883961831 1.928656424365607 -8.562538509931692
7.503029280304388 0.3964147030152271 1.928678637083144 -8.562211814956084
7.465657435322451 0.39889541866482325 1.928562942206993 -8.561106253797305
7.428292927372136 0.4017779921634315 1.9283510693325905 -8.55985381764252
7.390942177414178 0.4048835996524347 1.9280903909601634 -8.558653299415706
7.353612128488964 0.4082910988198843 1.9278296761128104 -8.557433857567485
7.3163096293198215 0.41198641250554363 1.9276115109502592 -8.556208147318909
7.279041943663212 0.4156589246890864 1.9274663973079822 -8.555279044638839
7.241816933007959 0.41928914300250714 1.9274104181329947 -8.554641129959464
7.2046421315683515 0.42271642697444817 1.9274371486488124 -8.554425293488807
7.167523803909693 0.42631726703830913 1.9275033519689662 -8.55420669148635
7.130466918959228 0.4298560247642 1.9275237863213655 -8.55418721831444
7.093476938411236 0.4338237622405815 1.9273899574701716 -8.553823739554963
7.056558112779729 0.4381515593090802 1.9269757474600364 -8.553153150894843
7.0197157238666525 0.44256606651089747 1.926174924340563 -8.552426243459262
6.982955879664995 0.44673821736858005 1.9249238333909475 -8.551953491340555
6.946283913195318 0.4508446183014956 1.923199873584102 -8.551525322214893
6.909703531358184 0.4552566450240622 1.9210052554967834 -8.550730364954436
6.873217130786331 0.4606644027887454 1.9183682537428117 -8.548830630157733
6.836825977132778 0.46529391302728546 1.9152295279653408 -8.547620565399512
6.800532319032297 0.46846011413133054 1.9115422996215383 -8.5477698690028
6.764336976478005 0.4708998630150919 1.9073095505777835 -8.548487220032197
6.728237193525526 0.4727079760031637 1.9025211832657232 -8.54964571267161
6.692228903091105 0.4743830505913137 1.897211516826731 -8.550716872543386
6.656307506885503 0.4759516600304349 1.8913993450823974 -8.551665605757265
6.6204692542451955 0.47745247563070514 1.8851175061420626 -8.552454658981592
6.584711089891402 0.47904816159752955 1.878427656700632 -8.552931098847303
6.54903057370062 0.48216203440598915 1.8715042347687711 -8.55167591615011
6.513424827359681 0.48703124671945414 1.8644585725023923 -8.548478675372213
6.477891386025072 0.49308062448438383 1.857364133641592 -8.543951144260507
6.442428614656149 0.49957684618746206 1.8503142955850447 -8.53886501109805
6.407036841768252 0.5045183609765146 1.843305037158618 -8.53526903163425
6.371718120750287 0.5055634937446835 1.836314955842098 -8.535555783490217
6.336474954356126 0.5059190861908517 1.8296986061135405 -8.536554463869168
6.301306478493787 0.5059431241055019 1.8234673834342483 -8.537957398824647
6.2662105125084375 0.5064405462665676 1.8176238311919708 -8.53899619012159
6.231182907339081 0.5078520645082498 1.8122240505983112 -8.539260765162274
6.196219228149154 0.508914446051627 1.807267916884822 -8.540050137613939
6.161315978288341 0.5081863382524988 1.8028066704329868 -8.542839150470218
6.126472418473279 0.5055627278021237 1.7989951038046694 -8.547749475326714
6.091689883750796 0.5028046549940777 1.7960430935985245 -8.552999346480814
6.056970534216591 0.5030198305393074 1.7941241249336202 -8.555410284342143
6.022315725774143 0.506879900599922 1.7932333685964106 -8.554257482390177
5.987726771084525 0.5106860455608613 1.7932346086234308 -8.553265429079598
5.953208333924546 0.5174980132522164 1.7939410111417406 -8.549259702734116
5.918762037828445 0.5365786580281897 1.794943903641873 -8.532719298436113
5.884383698860008 0.5441698762256647 1.796113106485223 -8.527867475136283
5.850092608877347 0.5467496755876216 1.797005433701456 -8.528023962121896
5.815893696530885 0.5482211737463732 1.797263095696933 -8.529147853171946
5.781784677979762 0.5498172114299441 1.7965925727347067 -8.529934814662406
5.747761339675593 0.5512905626436119 1.7948059421239853 -8.53061001020184
5.713819779258967 0.552431743836312 1.791826206731456 -8.531381613344228
5.679958020382771 0.553525129316636 1.7876464137292234 -8.531974539337927
5.646175799428102 0.5546481207690992 1.7822895332816289 -8.532333598057622
5.612474506246219 0.5560388075236272 1.7758343417477362 -8.532249265965731
5.578856560589753 0.557851493774674 1.7684222619366523 -8.531604702681744
5.545325814807427 0.55962734037888 1.7601993517723264 -8.530903721915852
5.511888090544064 0.5597781000902237 1.7512394758873486 -8.531784112291515
5.478549733518992 0.5594752461704898 1.7418746344541896 -8.533111200425068
5.4453140740999055 0.5586797902385419 1.732255579499454 -8.53495504823904
5.41218271038667 0.5586928561184763 1.7226642375374102 -8.536039282218336
5.379153302026561 0.5596875944230966 1.713299187927493 -8.53620832928554
5.3462243736553585 0.5601232477854559 1.7042275780442395 -8.537016834592205
5.313396762412077 0.5571275878241951 1.6954165371294483 -8.541352506136544
5.280673152314754 0.553934420731269 1.6873840012101784 -8.545957909376632
5.248053005693618 0.553569784443783 1.680535617638266 -8.547770053869264
5.215532671483809 0.5561972649319208 1.6749621835849497 -8.546599220333603
5.1831074979841905 0.5586553557407614 1.6705009160802402 -8.54560246199004
5.150774732573321 0.5612356592161788 1.667097707146771 -8.544462686719683
5.11853205342927 0.5647983679853658 1.6645824100657014 -8.542295748168097
5.086377145286395 0.5669728565552985 1.6626346006373938 -8.541471731723334
5.0543086759423765 0.5690670376232538 1.6611226990140127 -8.54066511907344
5.022320243856796 0.5708603932468064 1.659895673852835 -8.540088807307605
4.990403921747317 0.5720825533543196 1.6588003998677066 -8.540005279487179
4.958551824249692 0.57272759765906 1.6576830957729578 -8.54041443491846
4.926755599106752 0.5729121672747569 1.6564038367797753 -8.541198089109484
4.895006970582129 0.5735002113811941 1.6548514970591075 -8.541494730084029
4.863299021611753 0.5743409765201744 1.6529265672817723 -8.541464079711696
4.831627662150097 0.5752770328679983 1.650559162515591 -8.541276490027652
4.799990919953188 0.5786343273680432 1.647794923523537 -8.538621826860025
4.768387619305312 0.5840099098510899 1.644668632001064 -8.53392084804642
4.736818582961175 0.5876137417929074 1.6411016016071605 -8.530978748479004
4.705287400142391 0.5867950653809113 1.637064659301152 -8.532462812379599
4.673798599615663 0.5846206511372325 1.632731873232354 -8.53532395583862
4.64235416590422 0.5817123519580635 1.6281379830661835 -8.538947730560192
4.610955608388633 0.5795518231502864 1.6233928918105154 -8.541854229523828
4.579604915875782 0.5778427287400596 1.6185937394907872 -8.54433500618703
4.548305319870875 0.5748226356487219 1.6137953201484265 -8.548142482606044
4.517062054071053 0.5706453979426974 1.6091855224717788 -8.55311117155302
4.485880373572859 0.5654168496709486 1.60499726975635 -8.559120448402622
4.45476543435878 0.56203563013332 1.6015392019323138 -8.563256307523279
4.423720798916327 0.5624107593536921 1.5989537493362358 -8.563597721359848
4.392748293769669 0.5636218414893858 1.5971689871199217 -8.563054957895634
4.361851066507867 0.5650075380303793 1.5961049420214197 -8.562282981380537
4.33103127511399 0.5767084186144771 1.5956397741835062 -8.55115604208729
4.300283790351493 0.5900646339094698 1.595426725917456 -8.53833188556068
4.269610640460757 0.5913575100126965 1.5951681913662645 -8.537504816073419
4.239020885154606 0.5908085928286527 1.5946503152605453 -8.538474010047322
4.2085114108457935 0.5899217669409568 1.5936614396454294 -8.539739853272053
4.178077133430887 0.5890409951768466 1.592037029872558 -8.540961550652227
4.147712501631871 0.5883985395688597 1.5896891042353376 -8.54191041041188
4.117412457932331 0.5881999069192044 1.5866053995929659 -8.542386489968298
4.08717316560074 0.5881512742564272 1.5828147623431905 -8.542690549148233
4.056992445298382 0.5880974349813707 1.5783775445332926 -8.542988682895933
4.026868992239897 0.5885429180512712 1.573411749196629 -8.542791659573359
3.996801579949799 0.5908908515302534 1.568114136185071 -8.540715079093602
3.966788483861424 0.5953684998334133 1.5626396654089503 -8.536544405353988
3.9368280340716435 0.6001806047299832 1.5570352307155355 -8.532078474693034
3.906919610917784 0.6024668536125676 1.5512835276004597 -8.530176402894298
3.8770635981164023 0.6012174088517079 1.5454624440355686 -8.531847261395782
3.8472602129929885 0.5995634998401709 1.5398505761171828 -8.533960132987286
3.8175083778875316 0.5971057050273862 1.5344546127246148 -8.536898153518402
3.787807975855327 0.5950226854661148 1.5293514338458618 -8.53946878501726
3.7581581917991116 0.5930871425231381 1.5245968707855495 -8.541878362309745
3.728559061118183 0.5915916837306658 1.5202909783584515 -8.543815681167807
3.6990110602678272 0.5894419468162521 1.5164853034132493 -8.546353681790658
3.669515325513453 0.5874267425449039 1.5132901075030045 -8.548690481071628
3.640072752976654 0.5863100361395144 1.510779046736464 -8.550054749849004
3.610684137715631 0.5857804801219062 1.5089579874679084 -8.550752350712946
3.5813503284248607 0.5851670234789127 1.507783869230325 -8.551452738952452
3.5520722594541914 0.5849818030721485 1.5071699757452843 -8.551655467921279
3.5228504278265103 0.5884168671504822 1.5069569451329041 -8.548205554684502
3.493684319696766 0.5968054786169809 1.5069275601161276 -8.539802110798364
3.4645730267259784 0.5965614309809572 1.506922502774842 -8.539947258317826
3.435521069108397 0.5947724742104703 1.5067808047426754 -8.541631121119789
3.406526102963983 0.5930853380665558 1.506387354598423 -8.543234753125894
3.377583973949114 0.5915517032599611 1.5056422755775447 -8.544719092898175
3.3486902421571454 0.590277550243504 1.5044823230711044 -8.545987541526456
3.319840808847667 0.5892947126308922 1.5028811608238573 -8.547015190975976
3.2910319901889595 0.5884807971113143 1.5008479978050662 -8.547928182552107
3.2622606465286985 0.5877674971823115 1.498423805178005 -8.548798196172587
3.2335240180471967 0.5871383790265565 1.4956740433420825 -8.54964524320631
3.204819520921152 0.5879299873738107 1.492721280224398 -8.549140564153753
3.1761443416908817 0.5906170864430947 1.4896820936626243 -8.546811223825328
3.1474957084994237 0.5952499565033611 1.486666359009292 -8.542605438516457
3.118871103062569 0.5996892018922009 1.4837040238115782 -8.53865493184194
3.0902685438378557 0.6006324572240617 1.480788209713487 -8.53825219253634
3.0616861155027397 0.6001309522569842 1.4780576439448279 -8.539333867622844
3.0331221111578794 0.5992437303059827 1.4755899505381989 -8.54082339592254
3.0045751172749733 0.5977899521423431 1.4733803152549168 -8.542879610511356
2.9760444492615634 0.5957478915771013 1.4714119204281937 -8.545500269472104
2.947530146728171 0.5940064476229668 1.4696876801728935 -8.547772952787012
2.9190332245591137 0.592800844725901 1.4682293546852911 -8.549444236908649
2.8905555915402137 0.5918469712033692 1.4670730655004625 -8.550785891768665
2.862099524292123 0.5910809556927027 1.4662526889474243 -8.551854517725268
2.8336674166943205 0.5904398525647738 1.4657791409587215 -8.552709901012818
2.8052617030076963 0.5897608764304946 1.4656358719096776 -8.553515705709177
2.776884767578281 0.5890010824371562 1.4657766291626728 -8.554320423224855
2.7485387487582824 0.5884687689150369 1.4661297741178962 -8.554826180073984
2.7202254674597506 0.5885705492497352 1.4666069389705003 -8.554640626431361
2.691946641356773 0.5921823779489999 1.4670904175593886 -8.550926889824254
2.6637034261010784 0.5943693866795756 1.4675097174564264 -8.548603256454072
2.6354975370940137 0.5945287318001413 1.4677515245622428 -8.54828363468435
2.6073300298529727 0.5935460406508755 1.4677597585015612 -8.549103029769801
2.579200755641747 0.5922180040469522 1.4675263499511721 -8.550283732013352
2.5511083561218726 0.5910156507791653 1.467052271057968 -8.551371159498052
2.5230506709096825 0.5899281577976041 1.4663383109899464 -8.552388812034469
2.495025148604443 0.5889555060715583 1.465392141389129 -8.553347522328245
2.4670289767164757 0.5881015267899414 1.4642302073591473 -8.554252829475349
2.4390591154457515 0.5873826534050565 1.4628818607200227 -8.5550959293009
2.4111123155410636 0.58699953385613 1.461392315918306 -8.55568214386474
2.3831851534710733 0.5878036150951612 1.4598320524949722 -8.555164650282832
2.3552742243305125 0.5895595315466489 1.4582731549612573 -8.553780123218448
2.327376139023283 0.5922570566936188 1.4567912134547658 -8.551538692301458
2.299487416019312 0.5955266328174568 1.455451215842711 -8.548804730411895
2.271604590244591 0.5978991472591798 1.4542917859200328 -8.547036852546007
2.243724279256207 0.5982900520540841 1.453345324648305 -8.54730765118408
2.215843163818652 0.598516572036109 1.4526602868167289 -8.547780439612373
2.1879588364232796 0.5986365699281648 1.4522415182215496 -8.54837882311959
2.160069669623388 0.5984571442730341 1.4520628534432771 -8.549276946270293
2.132174881081495 0.5979971388587434 1.452079948000572 -8.550436679676725
2.1042745443518274 0.597095750274344 1.4522586868388574 -8.551999068496292
2.076369490081914 0.5962990466985474 1.452576501219495 -8.553397450019471
2.0484616110451173 0.5955002336967343 1.4530264190252458 -8.55472568008465
2.0205534872056363 0.5947225624922049 1.4535989206377968 -8.555956526502104
1.992647912049915 0.5940584319098152 1.4542792468743269 -8.556998464814697
1.9647476822521934 0.5935562634558097 1.4550446376977677 -8.557807271867517
1.936855457836273 0.5930844266602862 1.4558671189172512 -8.558520620857372
1.908973629643733 0.5927101240169891 1.456713514352078 -8.55907868427904
1.8811043187423353 0.5926851797898649 1.457537596255694 -8.559237547276759
1.8532494949426899 0.5927791521933444 1.4582876522051822 -8.559233690764797
1.8254110412856366 0.5929277935123297 1.45891683221051 -8.559139738627973
1.7975906539991497 0.5930141435555178 1.459395709372591 -8.559083244302332
1.7697896402371227 0.5937117603658182 1.4597064938227897 -8.558407030991633
1.7420087961699062 0.595121140691418 1.4598555397027295 -8.557023947383499
1.7142483159240816 0.596724349513072 1.4598633307351006 -8.555461893048825
1.6865077134482742 0.5978510793448529 1.459758332273606 -8.554401473262253
1.6587857024454198 0.5985262561841617 1.4595671607587153 -8.553830498104048
1.6310802517228005 0.5989711839531541 1.4593373209178195 -8.553536761103608
1.6033887376746585 0.5993159315297573 1.4591328024838013 -8.553398301831002
1.5757079299786036 0.5996907649263916 1.459025195944988 -8.553292106157116
1.5480340500338494 0.6002761257608825 1.4590769160883839 -8.553045086476217
1.520362870458777 0.6011778054428684 1.4593336208325967 -8.552550805792265
1.4926900725391434 0.6022370761469349 1.4598307053012316 -8.55196328037494
1.465011357066882 0.603421159820505 1.4605931838101474 -8.551307806151584
1.4373226525995195 0.6047443307486474 1.4616365247889955 -8.550560525161728
1.4096202549401688 0.6062068451617239 1.4629665536584584 -8.5497106984988
1.3819009001381524 0.6077775499006033 1.4645747286844697 -8.54877883670203
1.3541618190153026 0.6092421094503835 1.4664335674258122 -8.547970459524368
1.3264006965581658 0.6102220518859368 1.4684988192265183 -8.547656551658694
1.2986156521797652 0.6108488440510013 1.470709919529058 -8.547694332046117
1.2708056837753057 0.611338279996111 1.4730042597535469 -8.547853285818594
1.2429707796616192 0.6117382721015153 1.4753462214210353 -8.548071690499542
1.2151116803922994 0.6118322392751178 1.4777150949179843 -8.548554548677208
1.1872296679851395 0.6114835098280503 1.4801065581326067 -8.549427005771175
1.1593264873069802 0.6107118258526459 1.4825227921634112 -8.550659437926324
1.1314042967628706 0.6097280016117503 1.4849658398323677 -8.552034394729949
1.103465670408157 0.6087352828069795 1.487436304584738 -8.553345039188482
1.075513476862883 0.6079040144965676 1.4899344170672548 -8.55441975197925
1.0475507450696697 0.6073622889983639 1.4924611670875925 -8.555130855852784
1.0195805317967839 0.6070487839726568 1.4950198373200392 -8.555541436347058
