8.017841308337474 0.4363221779515657 2.7203866411318747 -21.368578518981778
7.911515153851866 0.43142658424959957 2.719107422123621 -21.36201305550606
7.805032488393158 0.4269045374069203 2.7185250048437277 -21.357278668531286
7.698421309833111 0.42308868148457224 2.7190011420847853 -21.354374845708442
7.5917028350236375 0.4200743028373797 2.720791884926796 -21.35349387377923
7.484892113614099 0.4198354222406619 2.72402774991047 -21.353017268015684
7.378000926121057 0.42356352774105244 2.728634560243784 -21.351932839572697
7.271037355370529 0.4296586732672747 2.734497197012045 -21.351992403406236
7.1640063028827585 0.4354400202710768 2.741559056427598 -21.356289829638982
7.056913173232757 0.4442963991695102 2.7494226579751952 -21.36148920688467
6.949766237136143 0.4589467981463478 2.7575485342764505 -21.36459633417175
6.8425866812263605 0.47816702494111607 2.765586234261708 -21.367198418830235
6.735405537223187 0.49971001261493814 2.773155980875508 -21.37258468108191
6.628261282839844 0.5247399093086387 2.77952370611407 -21.379691533150144
6.5211884990484315 0.554531464788147 2.783911733104768 -21.386488391811355
6.414216926478604 0.588082552764291 2.7856652371414348 -21.393232702730806
6.307380351554948 0.6240639241968139 2.7842173646519877 -21.400483230557413
6.200711907306833 0.6615087945004824 2.7790973096951013 -21.407608178545843
6.094247712266888 0.6995745742495301 2.7701181753941633 -21.41333934624953
5.988020950267171 0.7360167350411934 2.757093192602452 -21.418693589060652
5.88206333565608 0.7682538893738327 2.7397501805085955 -21.425451755909293
5.776405508742607 0.7975824694224324 2.7189279889132303 -21.430342328156215
5.671056889460158 0.825573895274644 2.695787804100066 -21.431023389756177
5.566013708068609 0.8529854861069829 2.671226158956745 -21.427254348562514
5.461261155431896 0.8794452897991786 2.645649274985699 -21.42059701219813
5.3567842696207295 0.9044727658863939 2.6193607606798053 -21.412619706373818
5.252567472705114 0.9269739560734684 2.592399482514587 -21.40531296665158
5.148603046977802 0.9483582900965535 2.565609891187087 -21.397666268059815
5.044881611232317 0.9679732742101324 2.5391478161324117 -21.39079334232096
4.941402835938577 0.9766608879943762 2.5104549886675622 -21.39481309235336
4.838199567628301 0.9816245121236103 2.482368454054084 -21.4017300103733
4.7352694377435975 0.9854790993812541 2.4561245352840673 -21.408799453761524
4.632593978104212 0.986256148726878 2.4315939130011923 -21.418170600704926
4.530158229584121 0.9877728571154257 2.409942643639804 -21.425730047020707
4.427936779760345 0.9921392918714498 2.391557773015959 -21.429214964208334
4.325903709473082 0.9968648623698867 2.375742763874428 -21.43126915551901
4.224040604090272 1.0026857356214665 2.3624295096141763 -21.431104760420332
4.122325361486164 1.013364515788053 2.3518739003111957 -21.424869635694094
4.020728987726705 1.0218089295072041 2.342993241538819 -21.41990263667902
3.9192331165594188 1.0280456647766505 2.335617413009886 -21.41615588910701
3.817818410687469 1.0304235748532242 2.329350037799571 -21.415246758891307
3.71646836579593 1.0298930966247561 2.3239496505039248 -21.41616258646976
3.6151644834552883 1.0285011896449685 2.3192481953193376 -21.416868057871042
3.513889304378796 1.0259246706123788 2.314911133540799 -21.41776146890075
3.412630626600867 1.0236641662852248 2.31075063735706 -21.417580563059325
3.3113808481801086 1.0204727652458823 2.306437785222231 -21.41771300321868
3.210140694401298 1.016942008620653 2.301724961659578 -21.417796217012643
3.1089116992998824 1.015512141589387 2.296443107837114 -21.415721360563545
3.0076951044975977 1.0090256449002681 2.2898196490117857 -21.418521083829752
2.9064991831413813 0.9977480398762699 2.281549478597695 -21.426263754158803
2.805339286642999 0.984866143555128 2.2717089115350912 -21.436244360392493
2.704232354094126 0.9725570721370167 2.2604424152756817 -21.446613372549926
2.6032007152491237 0.9616208216711559 2.247842954473512 -21.456820619394023
2.502270589243247 0.9521596466909252 2.233931964910171 -21.46690165994636
2.401469557476696 0.9434075302786562 2.218626776257259 -21.47759740397892
2.3008258803233588 0.9352121731402743 2.201931969518248 -21.48889968372712
2.200366854990268 0.9341933333123866 2.1850586872614484 -21.49373941206685
2.1001046092320204 0.9373635739402894 2.1677778446441587 -21.49479444820974
2.0000522147849673 0.9444463455135074 2.150355707531888 -21.491989462529688
1.9002192709295314 0.9504281653327187 2.1322217306373625 -21.49025032787729
1.8006219557140575 0.9664558307799443 2.1160150029270897 -21.47774230654997
1.7012425559260766 0.975550806019709 2.0987577062505434 -21.47194803636029
1.6020998358422662 0.989344917480075 2.083105467372065 -21.46051456714448
1.5031768159962091 1.0024880869625308 2.0684039637253564 -21.448806774588057
1.404462086795154 1.010742502875791 2.0542301390808206 -21.44101642841941
1.305946442333522 1.0133262990964598 2.0408846452835396 -21.43784974069593
1.207615580805065 1.012726771865544 2.029100798891414 -21.436768389457406
1.109450038470202 1.0088648096646278 2.0190942239996565 -21.437711149106732
1.0114291380387574 1.0021840225300835 2.011032847562921 -21.440078030801047
