7.842847326024527 -3.065751006009281 1.7745101551075873 -17.629639191814327
7.820677281277811 -3.065274703167609 1.7726421793770124 -17.629108137586528
7.798536193321287 -3.066489055590553 1.7702757119611645 -17.630186974045756
7.776433666540452 -3.062679500084821 1.7677087873858914 -17.626230172128345
7.754369949856691 -3.0586791290813053 1.765015566639146 -17.622067628235015
7.732346078779176 -3.0584231512252105 1.7622997262948614 -17.62164898789262
7.71035998796602 -3.0583433248207474 1.759890528176736 -17.62146391026799
7.688403665392236 -3.0592366138342464 1.7579576883230583 -17.62233123323746
7.66646786293758 -3.0597665261288687 1.7566773137401648 -17.62294364584325
7.644541991467903 -3.0595170941959906 1.7561041869098053 -17.622903866338056
7.622615723613027 -3.05845085377656 1.756235169385496 -17.622188710581703
7.600678590173255 -3.0568776357049012 1.7570396120970253 -17.6211193552073
7.5787196129306125 -3.0551270783113047 1.7584615613467809 -17.620033005006306
7.556727188536572 -3.0534460192665573 1.7604243789188012 -17.619179109583833
7.534689638088417 -3.0518312490581065 1.7628320841997127 -17.618549584431186
7.512596106922286 -3.0503300656195393 1.7655734988738325 -17.618181198283942
7.490436574247747 -3.0490367868967234 1.7685025731031545 -17.61815547540047
7.4682013087723496 -3.047702647153702 1.7714239764448358 -17.618205458048614
7.445880696296278 -3.045879636709756 1.774101084807076 -17.617859753283575
7.423465624150879 -3.0432178775376313 1.7763233497901132 -17.6167430790671
7.400948012990365 -3.040165213787367 1.777925625548351 -17.61528424912914
7.378320797329316 -3.0397869895730585 1.778773427357561 -17.616562686358165
7.355575497255258 -3.039219101832346 1.778713055207015 -17.617655593046706
7.33270890462803 -3.0377507742178227 1.777708819701174 -17.617820760576855
7.309720219988207 -3.035821255611302 1.7757770524508099 -17.617483827671364
7.286610147807805 -3.0348387041349487 1.7729533841837952 -17.618055978418525
7.263379274520383 -3.0341077986616445 1.7693607114223382 -17.618825849065068
7.240030488387817 -3.032522394919459 1.7651913825922605 -17.618673137369854
7.216568501864752 -3.029977135855893 1.7606526740164816 -17.617491252284232
7.193000017539667 -3.0283772474232276 1.7558876071110665 -17.61720641527203
7.169332577694404 -3.0274347077987254 1.7511086271726912 -17.617531370122286
7.145573490784396 -3.026824429103964 1.7464987042974183 -17.6181453427563
7.121728017891469 -3.0262153468143183 1.7422274814556153 -17.618719646218544
7.0977998688862804 -3.0257138071387444 1.7383991684827167 -17.619365378418784
7.073792347552648 -3.025327298440079 1.7350752569400334 -17.620094694124234
7.049708790540726 -3.0248506905045147 1.732284105762943 -17.62070698496788
7.025552550957791 -3.0237830110346153 1.7300234629296822 -17.620705475572912
7.00132707379293 -3.0226588086424906 1.7282358961716162 -17.620637600675252
6.977035079997697 -3.0222598831974374 1.7268646458479062 -17.621303365004195
6.952677831663768 -3.0220375553466186 1.725858506114134 -17.62216525350867
6.928253448038543 -3.0219180304472615 1.725131985865304 -17.6231593804594
6.903758694143495 -3.021176804246668 1.7246181791975146 -17.6235647335357
6.879189593769995 -3.019908922730018 1.7242493180124219 -17.623479488620617
6.8545422324743 -3.018425207984263 1.7239693897661097 -17.623217147210504
6.829812873857928 -3.0167519769494375 1.7237273079601272 -17.622803920937187
6.804997676500411 -3.0149026211862187 1.7234741525679826 -17.62225183296826
6.780092785531324 -3.0129214111389047 1.7231659470299578 -17.621602895284063
6.755094421996214 -3.0107609239243875 1.7227662863586044 -17.620805481705844
6.729999057212123 -3.0084981393235752 1.7222454311719373 -17.619932375393844
6.70480343736914 -3.0063908903103886 1.7215875277425798 -17.619237881737305
6.679504379915945 -3.005048675843036 1.7207871760143638 -17.61933019610762
6.6540985300392395 -3.0038753281715787 1.7198689092799064 -17.619598955455906
6.628584331758402 -3.002259079083484 1.7188791754544075 -17.61941739725451
6.602961728539226 -3.000768101250887 1.7178634770356886 -17.619351457479787
6.577231415751909 -2.9995521360151955 1.7168671683893217 -17.61954741526352
6.551394667583285 -2.9985173336643856 1.7159168040786987 -17.619907703508446
6.525453155831337 -2.9977082161183684 1.715022932105807 -17.62047596687391
6.499408649591517 -2.997095821499459 1.7141858599127824 -17.621222729180765
6.473262929342027 -2.9966156152926833 1.7134017476649286 -17.622083019627382
6.447017773432575 -2.996207348990251 1.71266568913182 -17.622996452180168
6.42067493392544 -2.9958196250401583 1.711973304812455 -17.623911796178923
6.394236126875678 -2.9954091132532734 1.7113215108639457 -17.62478618491548
6.36770301611264 -2.9949401758243988 1.7107089280449905 -17.625584725181362
6.341077190471188 -2.994354205519615 1.7101362679431336 -17.626249583574428
6.314360169773676 -2.9937003577818824 1.7096050670467504 -17.626831600331904
6.287553314364486 -2.99300387443568 1.7091165777833246 -17.62735765567968
6.260657865516798 -2.9922859608866372 1.7086713761988672 -17.62785036520104
6.23367495712827 -2.991559703846652 1.7082696218841442 -17.628323991140654
6.206605615280347 -2.990833420126114 1.7079108823499745 -17.628787821443936
6.179450763953772 -2.9901120835977992 1.7075939616057298 -17.629247616048637
6.152211233978661 -2.9893983651851146 1.7073168034832689 -17.629706664301672
6.124887773589774 -2.9886931868498774 1.707076486287674 -17.630166354553126
6.097481059842951 -2.9879960610398237 1.706869298282251 -17.630626529056833
6.069991710489546 -2.987303418180408 1.706690889301749 -17.63108381662839
6.042420297158019 -2.9866150422788973 1.7065364650639023 -17.631538116266327
6.014767363581935 -2.9859299854046815 1.7064013317581932 -17.63198851575102
5.987033434882175 -2.985246912143438 1.7062809755444346 -17.63243365466331
5.959219025991729 -2.9845643812002565 1.706171145060559 -17.632872023230775
5.931324648904841 -2.9838809218851643 1.7060679230886797 -17.6333020537611
5.90335081859061 -2.983195152418873 1.7059677950052325 -17.633722252189756
5.875298057767775 -2.9825058545081338 1.7058677004647937 -17.634131283906825
5.847166900459681 -2.981812098546248 1.705765067008204 -17.634528108625595
5.818957894532405 -2.981113125998429 1.7056578284050632 -17.63491186960865
5.790671603198266 -2.980409361964719 1.7055444187461208 -17.635282916010482
5.7623086050277745 -2.9797036954784106 1.7054237499296105 -17.635644092736193
5.733869492809822 -2.9789991296826708 1.705295017004566 -17.635998376281904
5.705354873987299 -2.978296807316346 1.7051573193307816 -17.63634687841563
5.676765369794994 -2.9775967775663585 1.7050097897468777 -17.63668961900523
5.648101615414864 -2.9768985548922666 1.7048516883543556 -17.637026091114677
5.619364260375095 -2.976201384964697 1.704682473126648 -17.637355532414816
5.5905539686479315 -2.9755045032832514 1.7045018479536336 -17.637677188404403
5.561671418363646 -2.9748071966814478 1.7043097915722494 -17.6379903769445
5.532717301177199 -2.9741089143133346 1.7041065673331572 -17.638294601366525
5.503692321163363 -2.97340928604063 1.7038927155154182 -17.638589569393744
5.474597193464611 -2.972708161099218 1.7036690317029954 -17.638875231587534
5.44543264265891 -2.9720071091045908 1.7034365241487575 -17.63915328569754
5.416199399802522 -2.9713061421004068 1.7031963805783026 -17.639423886258257
5.386898198478868 -2.970603853097937 1.7029499116129105 -17.639685777098926
5.357529773773812 -2.969896831487392 1.702698492456447 -17.639935702053883
5.328094865167963 -2.969178041857078 1.7024435257862542 -17.640166780430114
5.2985941983578035 -2.9684449876701637 1.7021865906508042 -17.640376657160623
5.269028489296675 -2.967699178734252 1.7019292593260593 -17.640566972660842
5.23939845430851 -2.9669426651028075 1.7016728907740402 -17.640739904095177
5.209704812320373 -2.966176805538757 1.7014185826524508 -17.640896934810364
5.179948285086898 -2.9654007455464635 1.701167182896372 -17.64103732953297
5.150129599296402 -2.964612686781882 1.7009194862298629 -17.641159418339534
5.120249486850446 -2.963812122653661 1.7006764310755353 -17.641262846791697
5.090308681759899 -2.962999775262304 1.700439083439384 -17.641348507926914
5.060307918164851 -2.96217731049933 1.7002085739416535 -17.6414182527124
5.030247928592654 -2.961346757043461 1.6999860216251945 -17.641474303564195
5.000129442425504 -2.9605103042563 1.6997724583903018 -17.6415190472269
4.969953184524078 -2.959669889649763 1.6995687669550426 -17.641554617163216
4.939719874177895 -2.9588272034450513 1.6993756341314679 -17.64158289418379
4.9094302243948365 -2.9579835017810394 1.6991935219596925 -17.641605316305615
4.879084941566371 -2.9571395705728363 1.6990226573668452 -17.641622840453863
4.84868472554053 -2.9562958973401865 1.6988630390998005 -17.641636113536038
4.8182302700074695 -2.955452604295725 1.6987144555576135 -17.64164540543672
4.787722263051475 -2.954609542398858 1.6985765170431453 -17.641650703832134
4.757161387930727 -2.9537663942637553 1.6984486902303029 -17.64165181851685
4.726548323963741 -2.9529299875824235 1.698330324717094 -17.641655705294134
4.695883742910615 -2.9521069218353424 1.6982206937045616 -17.641669084913808
4.66516830990716 -2.95129596454359 1.6981190459278743 -17.641690832519068
4.634402689166172 -2.950496135299699 1.6980246406103086 -17.641720072950292
4.603587544944503 -2.949706626750464 1.6979367771765619 -17.641756104099507
4.57272354234497 -2.948926840351644 1.6978548210651803 -17.641798434722503
4.541811347874446 -2.9481562419589054 1.6977782197493398 -17.641846641304888
4.510851629868597 -2.947394417990032 1.6977065119759929 -17.641900425097347
4.479845058770799 -2.9466410462633337 1.6976393282366946 -17.641959583343663
4.448792307311818 -2.9458958290415875 1.6975763875772154 -17.642023942397266
4.417694050555304 -2.945158521843831 1.6975174903031867 -17.64209338621476
4.3865509658915505 -2.9444289623550888 1.697462505370138 -17.642167884758372
4.355363732869471 -2.943705404723611 1.6974113599051581 -17.642245826510916
4.324133030200786 -2.9429879939488313 1.6973635092643218 -17.642327469275862
4.292859544829273 -2.9422773642471776 1.6973183047272071 -17.64241356373038
4.2615439766211445 -2.941574568077003 1.6972751230571383 -17.642505291086046
4.230187039642967 -2.940880574565496 1.697233396192949 -17.64260376131591
4.198789461692406 -2.9401961338634472 1.6971926456659043 -17.642709874810322
4.167351983095186 -2.939521700603138 1.6971525062059543 -17.642824242415706
4.135875355312392 -2.938852203915882 1.6971127422432244 -17.642941950825417
4.104360342042188 -2.9381851067744464 1.6970732570295686 -17.64306062282686
4.0728077098213635 -2.9375203596697412 1.6970337423110666 -17.64318034260819
4.041218226404542 -2.936857905063555 1.696993659670473 -17.64330115924251
4.009592662442155 -2.9361974466053375 1.6969524055346499 -17.643422866626274
3.9779317922562605 -2.9355388029923812 1.6969094276943981 -17.64354536503125
3.946236393537669 -2.93488112183319 1.696864295525024 -17.643667879419063
3.9145072462692276 -2.9342293513401874 1.6968167324159629 -17.64379543284459
3.8827451280863836 -2.933585919134613 1.6967665792905093 -17.64393051954231
3.8509508122792493 -2.93294672286998 1.6967137834469237 -17.644069086844368
3.819125072303527 -2.9323090249750936 1.696658325623303 -17.644208430766582
3.787268689296532 -2.9316758109896224 1.696600076217779 -17.644351568043398
3.7553824543589807 -2.9310431930199328 1.6965384201878604 -17.644494639800975
3.72346715981673 -2.930409954530549 1.6964725111445038 -17.64463644330933
3.6915235977257255 -2.929776821413218 1.6964017199224901 -17.644777727837337
3.6595525560226307 -2.9291438203690916 1.6963259891053535 -17.644918566839074
3.6275548153389408 -2.9285107748056576 1.6962459858883467 -17.645058858097954
3.595531148645531 -2.927877531667797 1.696163145685816 -17.645198557170005
3.5634823224028995 -2.927243217286536 1.6960796204699704 -17.64533693799291
3.53140909886187 -2.926604199595246 1.6959981765600682 -17.645470557293834
3.499312239434788 -2.925958426271012 1.695922327528388 -17.645597598956428
3.4671925190551858 -2.9253049468864907 1.6958558705134326 -17.645717399419
3.4350507383867885 -2.9246439716979853 1.6958023546641696 -17.64583049296732
3.4028877334284875 -2.9239757464648415 1.695764522438012 -17.645937460673487
3.3707043817018643 -2.9233053251235037 1.6957437892394456 -17.64604366814327
3.3385016036392448 -2.9226406277647397 1.6957396867876149 -17.646157285408506
3.306280349749562 -2.9219911051867973 1.6957498468847472 -17.64628790260543
3.274041584773162 -2.9213558901779835 1.6957702931030818 -17.646434650933266
3.2417862810639275 -2.920726301307808 1.6957955591405225 -17.64658870899771
3.2095153960787877 -2.920097224392037 1.6958194006316594 -17.646744685877223
3.177229848523533 -2.9194672995979487 1.6958356074866567 -17.646900845404417
3.144930490477826 -2.918827377768612 1.6958390457226076 -17.64704760620721
3.1126180847074854 -2.918170090218515 1.6958268117328417 -17.647177167674243
3.080293297669222 -2.9174737810422244 1.6957985729993978 -17.647267525970904
3.0479566960774283 -2.9167497066644614 1.6957565072232004 -17.647329738209372
3.01560875310574 -2.9159698772597418 1.6957048383523072 -17.64733591828238
2.983249812467182 -2.9151429204659927 1.695650546244767 -17.64729507713877
2.9508800074786494 -2.9143214550005383 1.6956010127294867 -17.647260208984854
2.918499213136759 -2.913547800185097 1.6955632685341469 -17.647273851583563
2.886107000623701 -2.912796941021666 1.6955441863407743 -17.647310832358748
2.853702746106897 -2.9120469642331734 1.6955534976225304 -17.647349209011253
2.8212857523469483 -2.911277944392801 1.6956009643233676 -17.647369278773226
2.788855358770418 -2.9104709083109084 1.695694104041164 -17.647352598745734
2.7564110390284413 -2.9096082073412206 1.6958360640520893 -17.647282329656527
2.723952481990234 -2.9087672837150595 1.6960236160288065 -17.647236875710654
2.6914796354690145 -2.908012956925384 1.6962457566690172 -17.647282064565303
2.6589927697443962 -2.9074892601606677 1.6964889847883617 -17.64756321851749
2.626492408315832 -2.9070995367359957 1.6967350943097363 -17.64798434477199
2.593979374549551 -2.906617342669819 1.6969650043285682 -17.648318399693437
2.561454978251665 -2.906129362813947 1.6971540037487838 -17.64865039902356
2.528921184572491 -2.9057408722218696 1.6972700587903327 -17.64908432353848
2.4963804713630906 -2.905441094262086 1.6972793477148913 -17.64960848937357
2.4638355272130545 -2.9051703829182234 1.6971557388730034 -17.650162165312338
2.431288979495266 -2.9048553809582325 1.6968839301808514 -17.65067040226191
2.3987432252567946 -2.904436959184841 1.6964606333285828 -17.651072048654484
2.366200385970002 -2.9038362551692316 1.6958941332559256 -17.651286145475268
2.333662323085309 -2.903142187493342 1.6952036794633625 -17.651399927716724
2.301130635882621 -2.902186099501846 1.6944220160266794 -17.6512439476966
2.2686066471419104 -2.9003439591366713 1.6935987985314949 -17.650194258942967
2.236091633677366 -2.89799152421607 1.6927806347798264 -17.648628379947887
2.203586761477068 -2.8954022785738687 1.692011723732829 -17.64682260352879
2.17109297395081 -2.8936481241250296 1.6913301977149253 -17.64585155788614
2.138610985018741 -2.8925452710833137 1.6907806669233096 -17.64553399858204
2.1061411987585497 -2.891365746786094 1.690399826805106 -17.64514264121801
2.0736837297858246 -2.8899794171306743 1.6902034941227417 -17.644545947930503
2.041238647671441 -2.8882103671957977 1.6901897696594128 -17.643566516658467
2.0088060691750282 -2.886119050708216 1.6903453591572344 -17.642264008046133
1.9763861612501974 -2.8837124574554696 1.6906521038345699 -17.640645491925845
1.943979134681894 -2.8809150569537416 1.6910892570595326 -17.638636348981414
1.9115852266177462 -2.878002776049274 1.6916340818606146 -17.636514160250826
1.879204657527254 -2.8750276236761065 1.6922581686092137 -17.634333056768554
1.8468374916933943 -2.872149823815539 1.6929316395645326 -17.632254721499862
1.8144835734113622 -2.8695987858375243 1.6936233052038847 -17.63050889219072
1.7821424689074148 -2.8674725269096593 1.6942986966509999 -17.62919234320787
1.7498135255258285 -2.865804470601351 1.6949260142175195 -17.62833685202422
1.7174959179941203 -2.864615468043815 1.6954800333565665 -17.627961393532416
1.6851887257933023 -2.8638962370184835 1.6959408776368885 -17.628054653832912
1.6528910306176123 -2.8634192726200776 1.6962936377614781 -17.62838685508708
1.6206020462657003 -2.8630337169378253 1.696529614240191 -17.62880473294325
1.5883212066584644 -2.8627333448093615 1.696644662934875 -17.629299455785528
1.5560481834671296 -2.8625059527301664 1.6966392562786448 -17.629855232962107
1.5237829620872163 -2.862295428744611 1.6965167434973796 -17.630411417337456
1.4915259084015717 -2.862115642295508 1.6962819275253072 -17.630976562016045
1.4592778657709804 -2.861979172516305 1.6959464303529097 -17.631559088453578
1.4270401939761956 -2.861908797437621 1.6955258361375156 -17.632178828027975
1.394814740744714 -2.8618359113012035 1.6950406112925092 -17.63276498476185
1.362603823756101 -2.861646716840187 1.6945183137638495 -17.633202057697943
1.3304102529634783 -2.8613675378114314 1.6939895443472845 -17.63351547955061
1.2982372632317305 -2.8609994401145076 1.693478030629528 -17.633705310033683
1.2660884167150688 -2.8606570063039913 1.6929998011951564 -17.633884783805023
1.2339674583775961 -2.8603292811595873 1.6925669830633552 -17.63404136480804
1.2018781418521645 -2.86009361925348 1.692193157713154 -17.63424979119356
1.1698241244239291 -2.8599779177673095 1.6918974799716524 -17.634534531975923
1.1378088803205375 -2.8598125510988943 1.6917079591203557 -17.634721361334506
1.1058356593755183 -2.859535206924428 1.6916598798852498 -17.63474262517544
1.0739075058374115 -2.857928201223743 1.6917990073394225 -17.633378498719622
1.0420270929962598 -2.855060022502471 1.6921640175431318 -17.63069672586162
1.0101967288699107 -2.851362149828896 1.6927813204352264 -17.627128660094286
