7.726933430761079 1.4645675923240917 1.2698511736561278 -44.15817320517326
7.606707754254202 1.4657904692551518 1.2675999990699713 -44.15586917443386
7.486404974724707 1.4670474567640515 1.2649988417822104 -44.15285541873036
7.366060544513517 1.4662221267723803 1.2622145800663396 -44.151193517870425
7.245690817978374 1.4638549209704195 1.2593424901083443 -44.150244687618866
7.125298344497131 1.4604643514474083 1.2563914759522143 -44.14942311173847
7.0048798205481875 1.4551092037325466 1.2532425616375031 -44.14959131466217
6.88443059359584 1.4478880197676105 1.2497131886370723 -44.15056439652692
6.7639443711358735 1.437209505922407 1.2455090569533322 -44.15377691687122
6.643418494857964 1.424819482976812 1.2404659386526562 -44.157456420606216
6.522845967325567 1.412116028034237 1.2344617215806841 -44.160224858759555
6.402225280058644 1.404876569365456 1.2278034821215205 -44.156743996507196
6.281569677781036 1.3984330477624247 1.219989308485934 -44.15136470187498
6.16090429766087 1.3816222698509903 1.2096056593632205 -44.15401567131648
6.040280396197317 1.3699443328018543 1.197840658738179 -44.15060749127684
5.919756489970728 1.357293944449385 1.1838823680994819 -44.146540131848134
5.7994014919078305 1.3365642731087544 1.1665173381705096 -44.14787201308751
5.6792928069072 1.3080479911363598 1.145456787515615 -44.15412235373407
5.559509449885172 1.2707440142415063 1.120149919361941 -44.16588909605508
5.440138077488388 1.228718315310707 1.0910364089014446 -44.17965439160105
5.321246020593994 1.1832838649019009 1.0581107880352993 -44.19427393096205
5.202880487780211 1.1295470827959737 1.0198718679616436 -44.21343065557621
5.08509306456685 1.0699015724773002 0.9766845037041386 -44.23486316652119
4.96791693156279 1.007177050405212 0.9292821858022483 -44.2559833537312
4.851371817013668 0.9391383184850272 0.8770657734779275 -44.27794325496805
4.735483309450122 0.8661082757451231 0.8204936777652656 -44.299716065237604
4.620275714380945 0.786726505555401 0.7600207849690482 -44.32109664043993
4.505779179736138 0.7014120205862486 0.697476889897899 -44.34032004048472
4.3919953896072315 0.6588999908442029 0.6519422311889502 -44.32671930951412
4.278647441343241 0.6590899403463586 0.6231281007745936 -44.28407200076775
4.165455357134239 0.6082726719519709 0.5813312792735991 -44.26733325170103
4.0526199206897955 0.5295167541615763 0.5392031985313036 -44.25950561486485
3.940246247002378 0.44632765082834297 0.5053811426775142 -44.246975642226666
3.828344362360462 0.3614243181020981 0.480294739024583 -44.229668117472684
3.716913977335261 0.2701657248098014 0.4631591744229582 -44.21132477339685
3.6059599516005862 0.1730978297103258 0.45445180610319796 -44.193908105286894
3.495488157982205 0.06483275829974784 0.4545920810974552 -44.182289482360375
3.385523910416249 -0.024969375204235648 0.4632872964697874 -44.166614057717375
3.2760208667562987 -0.09969907462778065 0.4787499142348015 -44.14961965430998
3.166939816634986 -0.164968450670495 0.5001777033399158 -44.134660586136626
3.0582525398598994 -0.22178100644401497 0.5267799440477939 -44.12268527474164
2.9499301225768857 -0.26716997745570265 0.5568976503080515 -44.11185768805805
2.8419323962338843 -0.30134122955305365 0.5889819302268657 -44.101345695586076
2.7342180871588138 -0.301543548105405 0.6154240324188381 -44.073602553828366
2.626698779146838 -0.2907488212694459 0.639655173220142 -44.04193840098726
2.5193527278733048 -0.2873601955312002 0.6649519489582578 -44.01940329075834
2.412198930879377 -0.2927174391858784 0.6905625095958691 -44.00737281892646
2.3052429097000497 -0.3039772932139304 0.7151321807364285 -44.00379499089894
2.1984752217098467 -0.31693052804256644 0.7373905466205622 -44.005165695493154
2.0918708178183847 -0.32946472134624466 0.7567207058725602 -44.00954003661074
1.9853974356386743 -0.3409631787451011 0.7728755390892686 -44.01625421929611
1.8790203406083388 -0.35143717470931746 0.7857233401554907 -44.025261505013724
1.7727029090618465 -0.3603886280425223 0.79508724184179 -44.03607054549809
1.6664085919403784 -0.36629550844861086 0.8008076314453881 -44.04716277850379
1.560101358402411 -0.36928195189762947 0.8028811379709047 -44.058610006147255
1.453748728770354 -0.3692516711669571 0.8013666935884602 -44.070202622148116
1.347321322522285 -0.36607519988271486 0.7964189680718416 -44.081551073160135
1.240793554219027 -0.3597270505422322 0.7882673198184486 -44.09227438367618
1.1341448231901254 -0.35083955742480083 0.7771284535999108 -44.10260965711107
1.0273643984302823 -0.3395154923525212 0.7634360246803823 -44.11211310970358
