7.839760157319677 0.4465198028960017 2.025581344905376 -32.62123126974708
7.831731672524473 0.44562844539264945 2.026409922952752 -32.62097521380434
7.823675947692541 0.44480109555102154 2.027182890071113 -32.6207063121082
7.815594295781206 0.44367665235258813 2.0278983915598126 -32.62082956378529
7.807488853702657 0.442009884072983 2.0285839038404365 -32.621626154727196
7.799362310233885 0.44016304562009145 2.0292687240996155 -32.622754316127164
7.791217630984778 0.4385213958723363 2.029981993778256 -32.62383144564828
7.783057680168609 0.4377933319559802 2.030750302218104 -32.624136434805614
7.774884937022213 0.43778899633911583 2.031606770884198 -32.6238303716871
7.766700967681763 0.43869817051779497 2.032584234608512 -32.62268442577364
7.758506465688746 0.43950805837450574 2.033717043498094 -32.62165641752789
7.750300749742498 0.439915681538647 2.0350018832232557 -32.62098408394165
7.742081755126796 0.43979170925484695 2.036433943974498 -32.62073610805254
7.733846197490865 0.43935098868706546 2.0380205534396207 -32.620645826181324
7.7255896612552615 0.43855538352012197 2.0397681027224994 -32.620707988411304
7.7173068720119975 0.43747048157702745 2.0416820367797097 -32.62082058581728
7.70899186815466 0.4361679888154315 2.043776369350848 -32.62088313970844
7.700638120770946 0.4348610801409235 2.04606823006284 -32.62066375781217
7.692238761356392 0.4336265682645729 2.0485802419673393 -32.62007365553347
7.683786747257565 0.43235164215361405 2.0513372985385048 -32.61921611792142
7.675274861969273 0.4309203382246428 2.0543594130474605 -32.61820100996294
7.666695777371276 0.4292395286563641 2.057655418081662 -32.61711985575963
7.658042198031182 0.42724704574476896 2.0612248593502733 -32.616038559077445
7.64930701844981 0.4248913259016785 2.0650627078565504 -32.61501759195042
7.640483446674375 0.42235441125832623 2.069153260087932 -32.61389704969674
7.631565345492571 0.4199137797060877 2.0734742389661878 -32.61243357841199
7.622547544654567 0.4175148808842258 2.0780120232755808 -32.61071119911699
7.613425681575817 0.415046450238622 2.0827552140429004 -32.60887308926737
7.6041961434025 0.4115902047048347 2.087730753356394 -32.60784022968351
7.594855077423353 0.40773505046861613 2.0928627776145374 -32.607100015178126
7.585400596876795 0.4039046768676317 2.098027757852378 -32.606301848857434
7.575832849152779 0.3998717133099251 2.103131999837191 -32.60570190497969
7.56615303871266 0.3951399423307544 2.1081356490059604 -32.60580089769914
7.55636264120515 0.38986803108507 2.1130160536609814 -32.60646494417268
7.54646363186839 0.38427114710120047 2.1177611477336877 -32.60750067561142
7.536458367995054 0.37854781907563556 2.122364382367682 -32.608724448594124
7.526349435984984 0.37286743192929583 2.1268210008567974 -32.60997370386081
7.516139504058273 0.36736422807310615 2.131125717606781 -32.61111269954429
7.5058311865654765 0.3620946059989038 2.1352732431202037 -32.61207390859188
7.495426878855497 0.3570885829110508 2.139255808644937 -32.612809519100395
7.484928650849422 0.35242555905999545 2.143060626266393 -32.613219536865124
7.47433825940108 0.3478405434940544 2.1466851263193503 -32.61353202575226
7.463656870185504 0.3430820894492032 2.1501350720996197 -32.61396009977878
7.452884938171336 0.33809946979141314 2.1534234589496606 -32.61452521447337
7.442022292145952 0.3330409745013605 2.1565774302087255 -32.61506475081427
7.431068362732119 0.32801732158803776 2.15963312484227 -32.61545989500433
7.420022210573543 0.3229425068735143 2.1626264414588086 -32.6157886073285
7.408882629713131 0.317607092446684 2.165583480673155 -32.616252963940966
7.3976482236819585 0.3120300378654179 2.1685112887640727 -32.61684083856417
7.386317705684311 0.3062695095040383 2.1714107615963885 -32.61750287444161
7.374889955693876 0.30039605350100285 2.174278984692791 -32.618177709287735
7.363364024179497 0.29445138282922023 2.1771108113341358 -32.61883141067093
7.351739099803227 0.28852406938215797 2.1798970349846947 -32.61938560661413
7.3400145792538405 0.2825618999310033 2.182630924690084 -32.619894972688165
7.328189946466702 0.27654175372533235 2.1853023647404832 -32.62038705862945
7.316264801002986 0.2704540375955957 2.1879004555779313 -32.620876524712585
7.304238860774715 0.26429271054818704 2.190415019668789 -32.62137438620274
7.292111949958409 0.25805497580883713 2.19283722955351 -32.621888291148615
7.279883985418031 0.2517408688537472 2.1951599147037895 -32.6224229459308
7.267554963592822 0.24535281255058491 2.1973776245343166 -32.622980593878545
7.25512494898501 0.23890463519729482 2.1994863207959314 -32.623552564607785
7.242594075463121 0.23241428716874143 2.2014833522654453 -32.62412622024992
7.229962543406401 0.22587508683020044 2.203367941876267 -32.62471189472405
7.2172305820736185 0.21928975953227337 2.2051405876726005 -32.62531042128188
7.2043984402577985 0.2126645098326428 2.2068030261997507 -32.62591896115692
7.191466378345221 0.2060065990913415 2.2083579224647836 -32.62653343503508
7.178434662970963 0.19932317593601268 2.209808503972599 -32.62714972021609
7.165303563946863 0.1926208846907968 2.2111582256821842 -32.627764079238425
7.152073353110262 0.18590560756954022 2.212410500847431 -32.62837343842779
7.138744304410695 0.1791824490770118 2.2135685129585436 -32.62897542346385
7.12531669478721 0.17245576351534384 2.214635094595279 -32.629568343331606
7.111790805395363 0.1657292791388282 2.2156126722954435 -32.63015107651816
7.098166922966926 0.15900593822587766 2.21650326098602 -32.63072322140903
7.084445340794377 0.15228574742394005 2.2173085089497286 -32.631287115071885
7.0706263569064856 0.14557008499156895 2.218029702160474 -32.631843768957815
7.05671027509527 0.13886224498354283 2.2186678058359295 -32.63239231939218
7.042697406405416 0.1321658527418677 2.2192239707436223 -32.6329316118358
7.02858807018421 0.12548406782750707 2.219699571397804 -32.63346095134622
7.014382594534817 0.11881975199004956 2.220096109470967 -32.63397992038321
7.00008131679449 0.11217552860060238 2.220415123139856 -32.63448830074625
6.985684583909974 0.10555371516056986 2.2206581104496714 -32.634986119003344
6.971192752600349 0.09895637940044254 2.220826467138124 -32.635473577990005
6.956606189390173 0.0923853094355486 2.2209214434476046 -32.635951074149126
6.941925270457377 0.08584203589190197 2.220944121291892 -32.63641916739798
6.927150381300094 0.0793265689727756 2.2208954041685716 -32.63687976684339
6.912281914862313 0.07283483536698243 2.2207760195968387 -32.637338541464956
6.897320267073046 0.06636785289513326 2.2205865585514477 -32.63779624892933
6.882265842100156 0.059927284459243786 2.220327597342589 -32.638252852537505
6.867119049660412 0.05351482604526222 2.21999961207691 -32.638708157169546
6.851880303326038 0.04713188129034644 2.219602971552643 -32.63916215737205
6.836550019317225 0.040779697792636835 2.219137967389264 -32.639614937223925
6.821128615840819 0.03445936333593075 2.218604856336099 -32.64006669212867
6.805616512616713 0.028171886084093642 2.2180039026277396 -32.64051766418318
6.790014130623988 0.021918309441346488 2.21733541734286 -32.64096803876419
6.774321891986564 0.015699655124822787 2.216599788199007 -32.64141800251363
6.758540219903556 0.009517022364255818 2.2157975024707093 -32.641867648675344
6.742669538684379 0.003371577569769423 2.214929159270733 -32.64231698707195
6.726710273840096 -0.002735659784908788 2.213995472158018 -32.64276614354617
6.710662851986777 -0.008804120373959268 2.2129972637758333 -32.64321564508613
6.694527700360524 -0.01483161064493846 2.211935471846748 -32.64366445338221
6.67830524810524 -0.02081645161957052 2.2108111168641202 -32.644111976718456
6.661995926240216 -0.02675723405289847 2.2096253009922546 -32.644557843057626
6.645600167742689 -0.03265270645720936 2.208379192976844 -32.64500179594375
6.629118407658683 -0.03850165292115336 2.2070740089960004 -32.645443580745116
6.612551083328136 -0.044302974462832746 2.2057109929402094 -32.64588302030031
6.595898634538983 -0.05005466767827968 2.2042914105503293 -32.64631904550937
6.579161504647142 -0.055756338959683766 2.2028165067711085 -32.646752079633174
6.562340140605425 -0.06140786773166217 2.2012873795417502 -32.64718279534391
6.545434993141352 -0.0670087269576293 2.1997049670678517 -32.647611467463406
6.528446517068798 -0.07255829978282044 2.1980700951096552 -32.64803825564074
6.511375171195484 -0.07805591848571553 2.1963835212263225 -32.648463231854954
6.4942214181886255 -0.0835009516296891 2.1946459743413436 -32.64888645584777
6.476985724267636 -0.08889252861480411 2.192858188845582 -32.649307708863525
6.4596685591487155 -0.09422936077586186 2.1910209302192554 -32.64972632286624
6.4422703953878075 -0.09951060128683571 2.1891350097336515 -32.65014206435658
6.424791708708449 -0.10473594965474825 2.1872013310522047 -32.6505552628374
6.407232979477184 -0.1099051306333349 2.1852209266839635 -32.65096627367265
6.389594693560383 -0.11501782145295478 2.1831949418697048 -32.65137537880973
6.37187734262277 -0.1200735895572652 2.181124605437685 -32.65178270760858
6.354081424076784 -0.12507187384189852 2.179011198675004 -32.652188206035206
6.33620744087449 -0.13001208304322007 2.1768560227138103 -32.652591720207056
6.318255901009879 -0.13489428435027226 2.1746603614380815 -32.65299365143311
6.300227316310428 -0.13972039860913954 2.172425438901306 -32.65339609633425
6.282122200272786 -0.14449191344947998 2.170152591144007 -32.65380067461478
6.263941068458586 -0.1492093542948338 2.1678436196979782 -32.654208056382345
6.245684439325481 -0.15387255091234237 2.1655006349529473 -32.65461821570957
6.227352834973881 -0.1584808185980988 2.1631259192375047 -32.655030598095486
6.208946781724961 -0.16303307110334972 2.1607218041184573 -32.65544422120763
6.190466810496956 -0.16752806163410183 2.1582905669194417 -32.65585789971212
6.171913456825618 -0.17196444704679276 2.1558343484953735 -32.65627029905027
6.153287260636796 -0.1763408993220787 2.1533550879198105 -32.65668003749719
6.134588765719323 -0.18065622626716277 2.1508544764831616 -32.657085798350124
6.115818518967136 -0.1849094098946391 2.1483339313478367 -32.657486366985935
6.096977069427748 -0.1890997042680567 2.1457945867588175 -32.65788072554263
6.078064967197154 -0.19322663282728564 2.1432373034645495 -32.65826805322376
6.059082762269054 -0.19729008255548325 2.140662688341934 -32.65864782239996
6.04003100329327 -0.2012849059884241 2.138071254809577 -32.659014606355164
6.020910241111085 -0.2052051911025673 2.1354633700194428 -32.65936219937454
6.001721020163633 -0.2090502680035173 2.132839022919921 -32.65968957056094
5.982463881443963 -0.21282184376809585 2.130198149242289 -32.65999802645085
5.963139364452834 -0.21652228441484303 2.1275407937042337 -32.660289505492344
5.943748007703594 -0.22015400043774494 2.124867150430866 -32.66056596788784
5.924290348673404 -0.2237191944906454 2.122177560773704 -32.66082914759852
5.904766923663225 -0.22721978161146933 2.119472493877412 -32.66108047580464
5.885178267637021 -0.23065751505395118 2.1167525215357488 -32.66132120426194
5.865524914000764 -0.2340338741406128 2.1140182976736512 -32.66155230046752
5.845807394527295 -0.2373502393543601 2.1112705339436393 -32.661774618563264
5.826026239183984 -0.24060777081535165 2.1085099852919305 -32.66198878504723
5.806181976079454 -0.2438075532703776 2.105737430421608 -32.66219534127796
5.786275131391061 -0.2469505546731343 2.1029536627395093 -32.662394705309694
5.766306229317696 -0.2500377411899233 2.1001594766640515 -32.66258728604008
5.746275792010774 -0.25306995706064733 2.097355662724407 -32.662773368985256
5.7261843396005006 -0.2560480123372365 2.0945429995407965 -32.66295320173901
5.706032390144402 -0.25897270028971603 2.0917222502695303 -32.66312701310487
5.685820459629014 -0.26184481546152516 2.088894158828715 -32.663295032139246
5.6655490619540885 -0.2646651140917149 2.086059451975198 -32.66345745008608
5.645218708947204 -0.2674343512371917 2.0832188373315503 -32.66361445858939
5.624829910390286 -0.27015326088130037 2.0803730050293225 -32.66376623065865
5.604383174060774 -0.2728225839559758 2.0775226286651356 -32.66391294936687
5.5838790057645005 -0.27544326346811937 2.074668361411512 -32.664054998276896
5.563317909243732 -0.2780181832353586 2.071810792623519 -32.66419465620593
5.542700384550501 -0.28054584883056893 2.0689506136338127 -32.66432993742545
5.522026929235624 -0.28302590003722494 2.0660884860085122 -32.66445993962735
5.501298038491195 -0.28545843886309 2.0632250645448953 -32.66458419761161
5.480514205183679 -0.2878439141013849 2.0603609948068375 -32.66470257928388
5.459675919878524 -0.29018295825310897 2.057496910399744 -32.66481513385181
5.438783670847796 -0.29247631429825505 2.05463343080891 -32.664922025562724
5.417837944197378 -0.29472424704874833 2.0517711723322147 -32.66502296258904
5.39683922434397 -0.2969262681550948 2.048910755327425 -32.66511693049958
5.375787995454793 -0.29908199206116126 2.0460525203933617 -32.66520299044958
5.35468473966213 -0.3011916677593361 2.0431965281032425 -32.665280825030486
5.33352993591204 -0.30325619652902436 2.0403426305738366 -32.66535077035368
5.312324059262893 -0.30527700186745826 2.0374905548069364 -32.66541369511613
5.291067580524603 -0.3072557383322561 2.0346399922316327 -32.665470717331964
5.269760966179936 -0.30919423743222507 2.0317906674276767 -32.66552314878423
5.248404678449876 -0.3110942499097899 2.0289424021605367 -32.66557223910374
5.226999175543352 -0.3129574202486454 2.0260951555046147 -32.665619147983364
5.205544912060731 -0.3147851447881356 2.023249051084378 -32.66566480258966
5.1840423394926605 -0.31657862221746885 2.0204043857317258 -32.66570994524258
5.162491906773809 -0.31833879734085324 2.017561627838698 -32.66575507591528
5.140894060874894 -0.3200663120929847 2.014721402184301 -32.6658004040906
5.119249247418268 -0.3217615918906667 2.0118844645381 -32.66584593381163
5.097557911296651 -0.3234248934892642 2.0090516728124572 -32.66589151046071
5.075820497185049 -0.32505626367049817 2.00622395466983 -32.66593678181826
5.054037450076008 -0.32665564367718297 2.0034022740134185 -32.66598130205102
5.032209215722239 -0.32822291605331494 2.0005875993451214 -32.66602457851405
5.010336240956598 -0.3297579118504398 1.9977808756498219 -32.66606608062063
4.988418974010374 -0.3312604581277765 1.994983003016468 -32.66610528690697
4.96645786471272 -0.33273042502163547 1.9921948175076356 -32.666141732226286
4.944453364609707 -0.33416771582772414 1.989417080614648 -32.66617499790432
4.922405927057042 -0.335572248392123 1.9866504741572164 -32.66620469243791
4.90031600722289 -0.33694405235700675 1.9838955974745014 -32.666230546716285
4.878184062046883 -0.3382891551769433 1.9811528196321286 -32.66625820668512
4.856010546399442 -0.33961278392843647 1.978422454693793 -32.66629253603774
4.833795913520118 -0.34091482920393623 1.9757048864902942 -32.66633314775421
4.811540618382786 -0.34219519967583795 1.9730004474001515 -32.66637968250668
4.789245117782187 -0.34345386304270736 1.970309425476729 -32.666431846797316
4.766909870293636 -0.34469079838714517 1.9676320730642338 -32.666489365472586
4.744535336232658 -0.3459059409245912 1.9649686160126214 -32.666551924543306
4.722121977581656 -0.34709926932684376 1.9623192592950824 -32.666619257129064
4.699670257877183 -0.34827072034562 1.9596841979050603 -32.666691057820934
4.677180642167737 -0.34942025817094385 1.9570636207648302 -32.666767049392305
4.654653596897813 -0.35054776845274394 1.9544577201347653 -32.66684687815041
4.632089589844839 -0.3516538894792673 1.9518666768081585 -32.66693093353052
4.609489091893266 -0.35273968320283966 1.9492905768649185 -32.66702011411789
4.586852578764533 -0.3538061102417633 1.9467294500383878 -32.66711530349905
4.564180531798512 -0.35485510533762776 1.9441833117080782 -32.66721839851573
4.541473436880929 -0.3558943866981236 1.9416523385624997 -32.667337031482205
4.518731781133685 -0.3569209118365943 1.93913724936635 -32.66746821645461
4.4959560572786135 -0.3579336194368748 1.9366391390833129 -32.66761101188942
4.473146768886767 -0.358931900968487 1.9341595028670389 -32.667764973222994
4.450304433229252 -0.35991522666476844 1.9317001587434897 -32.66792975789357
4.427429582829674 -0.36088289311243565 1.9292631374065388 -32.66810485398943
4.40452276614428 -0.3618339043421335 1.9268505569411083 -32.66828944233793
4.38158454757567 -0.3627617383256141 1.9244646127809386 -32.66847719777082
4.358615509485138 -0.36366513049914184 1.9221072351801944 -32.66866695119165
4.3356162448655375 -0.3645428913083548 1.9197804425716032 -32.66885748739757
4.312587356193136 -0.36539404788520513 1.9174861778600805 -32.66904770512259
4.289529454029063 -0.3662179339255099 1.9152261508786532 -32.669236719856215
4.266443155237134 -0.36701413945628725 1.9130017014749805 -32.66942382407986
4.2433290807941155 -0.367782599726946 1.9108136783097887 -32.6696085813561
4.220187853126467 -0.3685235118949411 1.908662352869186 -32.66979074969991
4.197020093141906 -0.3692373215761628 1.9065473652233516 -32.66997027236746
4.17382641702734 -0.3699236119509062 1.9044677300804451 -32.670146182820176
4.150607433500664 -0.3705835008756041 1.9024218188867514 -32.67031898989454
4.127363740181812 -0.37121724667681155 1.9004074270200302 -32.67048842591236
4.104095925843031 -0.37182533912731325 1.8984217343543421 -32.67065462330226
4.080804573113035 -0.37240890773358387 1.8964614641050745 -32.67081851740934
4.057490259725829 -0.37296943038924246 1.8945231339192796 -32.670981534626804
4.03415355950026 -0.3735084995234623 1.892603318363395 -32.67114532777546
4.010795043178452 -0.37402775052693976 1.8906989048764868 -32.671311663519624
3.987415279040233 -0.3745287186373363 1.8888073281554614 -32.67148223302163
3.9640148332731764 -0.37501262130535884 1.886926765594365 -32.671658385800285
3.940594270035392 -0.3754804447255694 1.8850562726994853 -32.67184116819123
3.9171541511320576 -0.3759327569904686 1.8831958585135449 -32.67203109427754
3.893695035313591 -0.37636971274804 1.8813464867615266 -32.6722281164545
3.870217477229893 -0.3767910367072333 1.8795100039745203 -32.67243158576732
3.8467220260568022 -0.37719765106086073 1.8776889760671591 -32.672641861153096
3.823209223242911 -0.37759400733344617 1.875886452805251 -32.67286263329733
3.7996795991598056 -0.37796934486324124 1.8741060382385406 -32.67308228110378
3.7761336777344514 -0.37833267419428934 1.8723510775993322 -32.67330875649045
3.75257197098145 -0.3786879796588367 1.8706251966210812 -32.67354430446377
3.7289949572422 -0.37901088500757824 1.8689321429515329 -32.673762122328036
3.705403070037881 -0.379291311263227 1.8672745865912719 -32.67394891838502
3.6817966805987865 -0.3794980402366037 1.8656535836759123 -32.6740695693762
3.6581760801795933 -0.37962801259814555 1.8640674367438925 -32.67411640637219
3.634541447335879 -0.37968316561502774 1.8625126046481706 -32.67408637339125
3.610892829087065 -0.3796537594668374 1.860984021502251 -32.67396475687675
3.5872301403079243 -0.37951823867451906 1.8594753234720618 -32.67372534324254
3.5635531781699106 -0.37933879592170594 1.857977632388798 -32.673426183906315
3.539861617723568 -0.3791982483114249 1.8564800369097412 -32.673147473598455
3.516155029589425 -0.3791452451174438 1.8549698156143235 -32.672937599124666
3.492432908625744 -0.37913123855244724 1.8534365137765432 -32.67274982183637
3.468694747028157 -0.3791625567698811 1.8518732631700054 -32.672593243326006
3.4449400898305766 -0.3792568142458025 1.8502761453449474 -32.67249018114829
3.4211685901199425 -0.3794384647265244 1.8486452552099164 -32.67247179657147
3.397380048778795 -0.3797615862299581 1.8469881417341385 -32.6725997438521
3.373574472949738 -0.3801917876724515 1.8453202804760438 -32.6728491976816
3.3497521612663577 -0.38057194704186537 1.843665732536088 -32.67307481261383
3.325913793059081 -0.38092034258092206 1.8420562359570911 -32.673307158534016
3.3020604538987475 -0.3812372302020189 1.8405319853195559 -32.673557561680326
3.278193616022056 -0.3815452320189492 1.839135749204493 -32.67385711623129
3.2543150870200384 -0.38197047746349744 1.837904717843015 -32.67433720157654
3.2304268890914822 -0.3823337695004367 1.8368704083982614 -32.67482145074243
3.206531281179561 -0.38261989350557446 1.8360488419062253 -32.675294577113306
3.1826305729565436 -0.3828313094449094 1.835443517039432 -32.6757553479278
3.1587269799515854 -0.3829029189817089 1.8350476374455245 -32.67613184651694
3.1348225408160086 -0.3828324955864578 1.8348456170852723 -32.67641283862205
3.110919042865124 -0.38263564012044704 1.8348120819278422 -32.676603932077334
3.0870179650668574 -0.3822609689974243 1.834912385135741 -32.676643606891105
3.063120471298273 -0.3811511235848506 1.835100871553325 -32.67596497080712
3.0392275629314347 -0.3785594975419044 1.8353232089836307 -32.67381430550969
3.0153401998768317 -0.37569935510512076 1.8355272972623913 -32.671403445620506
2.991458741887832 -0.3736390600585505 1.8356507660149397 -32.66979715769929
2.967582861647778 -0.37211052062702293 1.8356262603671447 -32.66871842773037
2.94371181684513 -0.37071823617121924 1.8354079395267897 -32.66776192287389
2.9198445715591927 -0.36931137663692876 1.8349772528752402 -32.666768647259744
2.8959799204384695 -0.3678950881643393 1.834336869915159 -32.665738054758805
2.872116577362514 -0.36654587383146015 1.833503172199773 -32.66474318615495
2.848253230505325 -0.3653462830790244 1.832500097249813 -32.66386484827196
2.8243885679976524 -0.36420109627128705 1.831357758527911 -32.66300619013953
2.8005213320173006 -0.36343040200819365 1.8301085538632575 -32.66248625028262
2.776650213394867 -0.363270594422096 1.8287864909066938 -32.66254006349715
2.752773880617795 -0.3633339527678661 1.827432217226118 -32.662780744225735
2.728891244522452 -0.363573108554225 1.8260828092556651 -32.66316749340229
2.7050014820165664 -0.3639432142954726 1.824774690367724 -32.66366679963948
2.6811041753579863 -0.36447689063382566 1.8235439657392132 -32.66432716990286
2.65719940411971 -0.3651267614480366 1.822436808132345 -32.66511884569028
2.633287834943476 -0.365535192979392 1.82150823925058 -32.6657008102455
2.6093708592632057 -0.36589619140127894 1.8208083856331463 -32.66628140684143
2.5854503983817136 -0.3663219538622329 1.8203821838927206 -32.666982951197376
2.5615287690966455 -0.36671842372191277 1.8202584642719728 -32.667717220563524
2.537608553855327 -0.36702698861572486 1.8204454345250003 -32.66842845277143
2.513692457478932 -0.36719085764432813 1.8209326664615937 -32.66906076122499
2.4897832046894464 -0.3671853330610868 1.8216955380219348 -32.66958996990185
2.4658834839201766 -0.36703703514672165 1.8226998699590464 -32.67004377750258
2.4419959172602272 -0.36689462814441987 1.8239066360171428 -32.67057364416411
2.4181230489674697 -0.3666837304113747 1.8252679031935681 -32.67110859318285
2.3942674044558103 -0.36641046227337 1.8267370340727314 -32.67165906226327
2.370431502477602 -0.3660261253471044 1.8282706719635378 -32.67217890789272
2.346617833769555 -0.36538839551730423 1.829827649336199 -32.67252617365525
2.3228288303137625 -0.3639908248030821 1.8313670578069714 -32.67218900690332
2.2990668254565763 -0.36121353104830634 1.8328540182303055 -32.67053759288593
2.2753339367545315 -0.3573205941875961 1.8342729070088675 -32.66783233186396
2.2516319024972025 -0.35235063415346274 1.8356073412939342 -32.66410153685424
2.227962006103155 -0.34576048645250734 1.8368373642494247 -32.658780505649325
2.2043250026675767 -0.33859113268701546 1.8379596053770626 -32.652905377785665
2.1807209740102085 -0.33389662799834235 1.838973093968602 -32.64954316926675
2.1571491226811212 -0.3307690320284626 1.8398212021204299 -32.64773362885106
2.133607706414566 -0.3288072700556929 1.840492395683544 -32.64702656318592
2.1100940252041935 -0.3278229582994105 1.8409873117458706 -32.64719334236656
2.086604599399392 -0.3269555936378636 1.8413130249217688 -32.6473316767614
2.063135439861117 -0.3259195613162156 1.8414932497539782 -32.647134886085645
2.0396823176028036 -0.3243708069071258 1.8415619109854884 -32.646253358422086
2.016241123162778 -0.3222003103216573 1.841559266607584 -32.64458580483084
1.9928080414326415 -0.31981086554938654 1.8415289193304583 -32.64255010189868
1.9693794941209342 -0.3182123690206439 1.8415133375084651 -32.641172564106384
1.945951946663905 -0.31803155462048777 1.8415477187651108 -32.64109450118044
1.9225220901095947 -0.31831272311095676 1.841663080797086 -32.64137910999311
1.8990876477021896 -0.3187155701896337 1.8418800433216584 -32.641718035925656
1.8756473587769278 -0.3193212451634544 1.8422070311243186 -32.64223122166804
1.8522008850070641 -0.3201895967377586 1.8426621667484047 -32.64301823945259
1.828748900270019 -0.3221772335008927 1.8432832257341163 -32.64497667452628
1.8052928336593077 -0.3246011892167816 1.8441168641186358 -32.64746396136718
1.7818356829822866 -0.3270594168340513 1.8452142121086148 -32.65011662465404
1.7583816933487175 -0.32917360340459567 1.8466227018684114 -32.65258211011696
1.7349361109151151 -0.33061279082766426 1.8483852122703428 -32.65454180653458
1.7115047810763913 -0.3317201526672169 1.8505391361238215 -32.65634419094804
1.6880935332954445 -0.33260088461225273 1.8531000709736851 -32.65809121063253
1.6647080759161634 -0.3327537227538126 1.8560511738026282 -32.65926612661939
1.6413539345400519 -0.3321464883815029 1.8593653232000427 -32.659821676629726
1.6180362091844016 -0.3312342994806025 1.8630048507823036 -32.66020425307037
1.5947594263421323 -0.33019866915330953 1.8669061568304632 -32.660584279839384
1.5715275902656485 -0.32881561375743 1.8709802864340443 -32.660722897272755
1.548344275928833 -0.3250969540580939 1.8750719338591684 -32.658589925086964
1.5252125174252935 -0.3194779489110078 1.8791190644664646 -32.654628490992145
1.502134642293142 -0.313451434247109 1.8831015911466342 -32.6503566796853
1.4791123379730775 -0.3073770770670298 1.8869765912488572 -32.646121820817406
1.4561466901299707 -0.30207787091999083 1.8907209965158955 -32.64273066646482
1.433237968956784 -0.29925829741222143 1.8943216823969067 -32.64187788469565
1.4103854148198853 -0.2974008454180374 1.8976723498242034 -32.64195173092895
1.3875873086913781 -0.2964657439495508 1.900714797848915 -32.642855519168094
1.3648408072342808 -0.2954687619048447 1.9033921300310956 -32.64352975663048
1.3421419918726982 -0.29454703691720985 1.9057000090831158 -32.64407124244959
1.319485896460227 -0.29385347194663924 1.9076518496229609 -32.644599299937624
1.2968667775239742 -0.29306505411340467 1.9092778898019158 -32.64475973616262
1.2742787198537096 -0.29173241057663934 1.9106351253101346 -32.64409312899265
1.2517159768777073 -0.2886411631494864 1.911810375916661 -32.64139271070958
1.2291737137123881 -0.2839550648872756 1.912902095264736 -32.63686460857184
1.2066476874393397 -0.2786063965789345 1.9139964750088074 -32.63149269373305
1.1841339404592908 -0.27629926054578363 1.9151407664250142 -32.62902998135448
1.161627022507875 -0.27670977010396525 1.9164140539449805 -32.629174552406404
1.139122748890885 -0.27780993557043726 1.9179089399387421 -32.62993765346994
1.1166197704728895 -0.27955284928186974 1.919700533963975 -32.63133770365032
1.0941191743596757 -0.28232662459580565 1.921880443072242 -32.633835016261465
1.0716239522341653 -0.2842172386343907 1.92456418553598 -32.635575534828945
1.0491403012794003 -0.2854030042665471 1.9278795300174398 -32.636785491934326
1.0266757198170522 -0.28592853101855775 1.9319308668291368 -32.6375348854555
1.0042386862119812 -0.28588699383376787 1.9367933082693558 -32.63792856555812
