7.98844559945853 -0.7076049125575787 0.927393453231303 -51.10940515111087
7.888474538244799 -0.7035568682680149 0.934228046923312 -51.10991643529742
7.788500731439579 -0.7008338776224659 0.941338069927773 -51.111147361851955
7.6885755094418435 -0.6989901850118105 0.9485935530912786 -51.11270350186981
7.588721067092466 -0.6975923947877559 0.9558198962333652 -51.11425620026353
7.488952472149254 -0.6940751954879845 0.9626901950663985 -51.113443175838384
7.3892720929304945 -0.6913891164661752 0.9690802729561867 -51.113443418310304
7.289671283037219 -0.6899942686828163 0.9745792677922192 -51.11494154943934
7.1901337380204104 -0.6870963399871364 0.9787714323370832 -51.11532871668393
7.0906412675132495 -0.6839720839085652 0.9814624301703001 -51.11604997830056
6.991167651862781 -0.6819072488176514 0.9824283422620322 -51.118567149740144
6.891683033361955 -0.6813993450163482 0.9814864516120825 -51.12354236866732
6.7921591136668455 -0.6840929153794284 0.9784664636170378 -51.132874709260435
6.692561445329354 -0.6893775448295533 0.9732551785921156 -51.14623658317837
6.592852709880305 -0.6946872756315782 0.9659295382933127 -51.16128342266211
6.492993578134226 -0.6981422368216256 0.9566592779133756 -51.17631688287427
6.392954061536853 -0.6995587786732383 0.9456051633513117 -51.1914087531119
6.292708796341776 -0.6980410304306124 0.9331072915136134 -51.205852488118964
6.192233122063992 -0.6933934353340522 0.9194962105808855 -51.2196953703697
6.0914968460074 -0.6860976130413037 0.905008408598453 -51.233816097030434
5.990463831948249 -0.6760016239018455 0.8900001394885024 -51.24842422657428
5.8890922470548155 -0.6626128168381938 0.8749124666125297 -51.26330796097395
5.787333121395658 -0.6444662481489783 0.8604351917315093 -51.27679210888615
5.6851346961546705 -0.6180161489962996 0.8477095587427127 -51.28371098024054
5.582470435085106 -0.5794935897495744 0.8378246412490621 -51.27740755607916
5.4793686199706215 -0.5375756112988337 0.8293734679620397 -51.26913961457978
5.375847123291675 -0.4951630399485808 0.8221890068617902 -51.262705264033
5.2718982172226285 -0.4520765803931155 0.8166752122089498 -51.257234982793186
5.167494805234637 -0.4091694472266071 0.8130833507406998 -51.2531374256205
5.062561267311752 -0.3625373662411842 0.8119425104448859 -51.24262539233003
4.957064122842954 -0.31085350875358353 0.8129404908013265 -51.222367875600256
4.851044252284912 -0.2557091382156786 0.8155488078829812 -51.194349280285465
4.744552237040303 -0.2021082732596561 0.819487307336169 -51.16614011131572
4.637614122764777 -0.15305214516762217 0.8248944073919894 -51.14198788002378
4.530246922133337 -0.11125331636303507 0.8321306477450092 -51.12547904113997
4.422461495102602 -0.07772130173033096 0.8415286344490774 -51.11765429099404
4.314273484429402 -0.05103307436148929 0.8530770256481685 -51.11629983325767
4.205712598561821 -0.03520386084222789 0.8673489381062685 -51.12650189270975
4.096798436770628 -0.02918637674739109 0.8841579754713559 -51.14642442975572
3.987558829799627 -0.018387282372898866 0.9007524961692885 -51.157465189217845
3.8780786420860256 3.700124928366142e-05 0.9161184780859086 -51.156679406049896
3.76843192875777 0.01732344583292626 0.9312889479932304 -51.15518106314308
3.6586420691076635 0.03268117907346421 0.9459355323877285 -51.154151133453276
3.548718533862266 0.04639326769828533 0.9596361109395317 -51.153431012047086
3.438666222996104 0.05836386906642576 0.9720633678725389 -51.153261066397114
3.3284931430180444 0.06881334050001607 0.9829221197862494 -51.15347785620899
3.218212362077001 0.07811541142075275 0.9919869003524469 -51.15374321932999
3.1078360107136715 0.08640543061340245 0.9991278945020896 -51.15400028914498
2.9973752486995404 0.09353455972173268 1.0043247753528954 -51.15451917030699
2.8868394023002675 0.09991975325302002 1.0076550768844637 -51.154942643151685
2.776237428584508 0.10570851917886184 1.0093143023138211 -51.15516523703187
2.665576368010067 0.1106056067342403 1.0095722140519277 -51.15557245567794
2.554857484254924 0.11436546132721667 1.008732643691691 -51.15651916327096
2.444076485472491 0.11840533497799303 1.0072561181301625 -51.15662075055894
2.333236688217689 0.12420547377916691 1.0057009387397975 -51.15441034932785
2.2223531135479035 0.12898159922657967 1.0042896483822048 -51.152868393647346
2.111454402471789 0.1332808532440944 1.0035452358822017 -51.15153534776656
2.000553892020635 0.1364817545965869 1.0038965975027814 -51.1511451482238
1.8896584903684948 0.13942971826290637 1.0057697994579773 -51.15079878218345
1.778765188134871 0.14240609515542602 1.0094102846511877 -51.15016007285215
1.6678669866203935 0.14513275997545472 1.0149361233109313 -51.14946626702015
1.5569615592041643 0.14750398398806142 1.0224444780594208 -51.14877430956016
1.4460514414839052 0.14972106690949485 1.032028271045388 -51.14782872757598
1.3351446917001155 0.15142328994484397 1.0437952828696524 -51.146951724210396
1.224256704006047 0.1525292994811507 1.0579106707305639 -51.1461802771278
1.1134127386601516 0.1534119991865034 1.074620264914694 -51.14509572705949
1.0026516987701062 0.1546824350349345 1.0943040579683345 -51.14305194224947
