7.784573737027008 0.12108851385441997 1.151479794156242 -51.48878593625068
7.674805828122689 0.12363889922396526 1.1588804468358354 -51.485858067994315
7.5649514268503575 0.12526232461413056 1.1664814526423894 -51.483485133863475
7.455102752256459 0.12399961269751808 1.174307126036362 -51.48366704089824
7.345318769318642 0.12209954727691326 1.182145758092017 -51.484243277875
7.235620377075836 0.1201548660884358 1.1898328897827137 -51.48475567610207
7.126012935359923 0.1197319317351668 1.1972429042360686 -51.48383416611385
7.016481410658576 0.11873634892941919 1.2044367452600753 -51.48377331497884
6.907005056588539 0.1176720439263053 1.2113643226336506 -51.4842892509797
6.797564741226138 0.11856058854927284 1.2179598285288715 -51.48349921424786
6.68814086658373 0.12039994154389416 1.2242580941792605 -51.48252451990725
6.578714942138798 0.12089767700700133 1.2303660736641375 -51.48381302300982
6.469268036556327 0.12073150479616272 1.2363395951148815 -51.48676170362282
6.359774393941505 0.11848026568955504 1.2423463058265474 -51.49292722432737
6.250196654739486 0.11398691284183299 1.2485583943013423 -51.50257644449168
6.140491519786321 0.10865403203977107 1.2551424425478699 -51.5143087945923
6.030612233492388 0.1032632913187 1.262265856862398 -51.52733132366056
5.920513290982587 0.09912728961256766 1.2700517303340706 -51.5402131433226
5.8101506777067495 0.0968520890911714 1.2785930149097873 -51.55220674503651
5.6994832671347275 0.0964446092090065 1.2879663227723266 -51.563173163036005
5.588470474451971 0.09748016712642228 1.2982373438132206 -51.57345328139066
5.477070421771851 0.10060952955990582 1.309356265373686 -51.58215561869341
5.36524219824429 0.10648925802538928 1.321196089757344 -51.588349266507215
5.252950792791612 0.1177901312902219 1.333374003658018 -51.58874187601364
5.140187725721549 0.13520900563209182 1.345619743653767 -51.582254595915785
5.0269842170816466 0.15607495905964647 1.3581620340056315 -51.57170900264246
4.913379205229752 0.17498814481225042 1.371754692340046 -51.56313436977684
4.799391959736984 0.1905764072578825 1.3868070564239567 -51.55790403506597
4.685019324347078 0.20480315969393645 1.4031618393476897 -51.55353741956015
4.570240032219899 0.21489392796107035 1.4212222436379294 -51.55302046991547
4.4549997663399346 0.22885930848386504 1.4394833651924261 -51.54703711697796
4.339238327318881 0.25005142919689927 1.4568604147962365 -51.53186481846298
4.222957102323036 0.28082913506796925 1.4725709833086154 -51.50509339376288
4.106203147669443 0.31418789680685116 1.4877121702608396 -51.47470963345505
3.9889957345498313 0.34727546898031736 1.5027817235722136 -51.44396080018715
3.871345052561844 0.3785730711039856 1.5181091213573776 -51.41458546494202
3.7532628169863593 0.40295352527220085 1.534771466577549 -51.39215847718197
3.6347548222481003 0.41577416552182517 1.553814742523246 -51.38163197834697
3.5158234458341444 0.4204552378210773 1.574660203894984 -51.37937054870933
3.3964904113385863 0.4133878936804783 1.5980776892586661 -51.38919943739278
3.276776882415621 0.39494039004669673 1.6238899181420448 -51.41069225791058
3.1567086762600103 0.3790909045936814 1.6487700155836844 -51.42915163051369
3.036359190350181 0.375650367210245 1.670286743652672 -51.43425245303815
2.915818869540652 0.3774931471173384 1.689511728892324 -51.433277892449524
2.795138879569574 0.37928044384705323 1.7070687144682486 -51.43168256096863
2.6743397732704244 0.38317009884099884 1.722222328710303 -51.427194531992896
2.553448990007865 0.3806415522212558 1.735632931646975 -51.42847764863609
2.4324849626503178 0.37536092938420995 1.7464252964236888 -51.431659675865056
2.3114700803201145 0.36733207373754573 1.754414808639596 -51.436662680942185
2.1904214480202877 0.3561581930528207 1.7594957783151854 -51.44384187247991
2.0693516643449548 0.3423771253228599 1.7615674398199155 -51.452621004463275
1.9482745430559782 0.3297740516699067 1.7608397786759937 -51.45917574272436
1.8272067561924301 0.32180961406268027 1.7579541031656485 -51.46004276146606
1.706162985806542 0.3139729970914985 1.7531306707171845 -51.459736169193505
1.5851508516808512 0.3019012675059219 1.7464016953239352 -51.46260278965091
1.4641743080249507 0.2900046597910058 1.7389235056294612 -51.46425303325963
1.343244162580782 0.2827277592668223 1.7322384137114493 -51.46020584990358
1.2223907854129503 0.2750786301468415 1.7265080198544183 -51.45517749678149
1.101671585368493 0.2641517212472108 1.722405129320353 -51.45159250338783
