8.051678466545853 0.8884477471350445 1.410995445468306 -57.43106461972225
7.991179571310276 0.8941433433140304 1.4109362813263069 -57.423601566273966
7.930653602296854 0.8973527467340924 1.4111262171143442 -57.41859592997446
7.8701188835413705 0.8967234118692118 1.411588005413166 -57.417386100361774
7.80958906807498 0.8952476400353891 1.4123458245013467 -57.4169685201071
7.749065288140096 0.8932333778392032 1.413458515147642 -57.417026321000485
7.688541630871231 0.8907450957806667 1.4150101602423837 -57.41748649661643
7.6280085962384545 0.8878328054869612 1.4171151652954008 -57.41828914125469
7.5674533618288615 0.8845565255095286 1.4199035787220262 -57.4193653399559
7.50686040004742 0.8816825452228275 1.423483398664804 -57.4199445985392
7.446212160064745 0.8796253980143184 1.4279508553920457 -57.4196114843001
7.3854924923587655 0.878073236891458 1.4334016860522953 -57.41867751189849
7.324688875513755 0.8772229284041507 1.4398826386354853 -57.41694811586735
7.263791999664962 0.8763527155785449 1.4474703707336827 -57.41514059696725
7.202797377191477 0.8743724749814387 1.4562564088589671 -57.414332730077966
7.1417010586934895 0.8715396781265485 1.4662020154798519 -57.41426300098041
7.080498494150996 0.8679085255996426 1.4772739242449098 -57.41486854723285
7.019184335932617 0.863618152096506 1.4894244920778283 -57.41599987972083
6.957752450786604 0.8588999319135725 1.5025881934125713 -57.41741525825537
6.89619593219405 0.8540304477606494 1.5166813565255064 -57.4188296011369
6.834507519359688 0.8491165088533162 1.5316326747297493 -57.42012790992413
6.772679703648665 0.8441775342669181 1.5473812378999965 -57.42128441493819
6.710704485572782 0.8388548257417621 1.563928269530204 -57.42264860597477
6.648572505716734 0.8325906070704445 1.5813210713146488 -57.42476853364624
6.586270505238211 0.8264367337377814 1.5993211124537727 -57.42662329260327
6.523781995638159 0.8198008741214686 1.617952823516287 -57.42881288176929
6.46108480602687 0.8132156873750171 1.6369949606053735 -57.43084383027634
6.398158069219235 0.8070280231234374 1.6562113410645747 -57.43240563216978
6.334981426190509 0.8020390389244989 1.675291772876923 -57.43274587386988
6.271536903496912 0.7979199057175685 1.6941913266303321 -57.43221581768123
6.207810554454404 0.7936149687729529 1.7130581597918655 -57.431878557444364
6.143789439457682 0.7895587275022142 1.7317831340298255 -57.43134639958242
6.079468037821966 0.785290704532104 1.7504282870240249 -57.43110585994411
6.0148496026672404 0.7810276816984344 1.7689309156609103 -57.430977150399755
5.949945346954894 0.7773281472911356 1.7871573077843605 -57.4304341512352
5.884771500834907 0.7748221125938292 1.8049624710236463 -57.42886791221603
5.819348591441225 0.7730284780856818 1.8223983253789842 -57.42674005232045
5.75369983345119 0.7717256679082128 1.8394582472076944 -57.42424317626166
5.6878465532506794 0.7714872400401103 1.855977053995427 -57.42078568151854
5.621810731998036 0.7710944111700246 1.872094691199927 -57.41752051017657
5.555611334170842 0.7701063930763679 1.8877834212681182 -57.41482808082799
5.489261017316099 0.7682024930716655 1.903035456897139 -57.41296287385978
5.422769384972031 0.7651359605986764 1.9178735642029854 -57.41210306819401
5.356141574306301 0.7606186664823588 1.9323122379698374 -57.412460900165705
5.289378308187113 0.7550603496520794 1.9462450789395684 -57.41355989236282
5.222475427377391 0.7488539639492103 1.9596087172362877 -57.414962769726
5.155426547256198 0.7422812697579704 1.9723706838948203 -57.416356511545104
5.0882252335151374 0.7354774084748462 1.9845317689209643 -57.41758630085598
5.020866482176636 0.7284386715795391 1.99612408400623 -57.41864594892034
4.95334708638564 0.721214420063458 2.0071821235714298 -57.41948863429616
4.8856649567677355 0.7138899096661757 2.017741630123748 -57.42004788158191
4.817818757260893 0.7065405256327921 2.0278428911303448 -57.42028194847459
4.74980776041736 0.6989761734850235 2.037570016340503 -57.42042068789603
4.681630510961187 0.6912987064085532 2.0469745130289123 -57.42042849899519
4.6132840324969955 0.6837469054307799 2.056102721660399 -57.42014723786495
4.54476400476251 0.6758872570435646 2.065090988331534 -57.420053521538726
4.476064891165688 0.6681833782470438 2.0740229626979443 -57.41976467301822
4.407179167495489 0.6608394522074249 2.083012139060295 -57.41913839403434
4.338100713257896 0.653944323126011 2.0921270634036593 -57.41812867813153
4.268825486778269 0.647329474443864 2.101405714733692 -57.41693617836197
4.199352120273837 0.6413260117485907 2.110798832111274 -57.41528615262497
4.129683530637526 0.636418086613968 2.1202176223982843 -57.412749862975744
4.059827272558685 0.6324423061735124 2.129622161445014 -57.409496483449495
3.9897950621784637 0.6286540263329341 2.1390287108553667 -57.40623503996934
3.9196005497032633 0.6245115284074184 2.1484159638707143 -57.40347121738699
3.8492567062973846 0.620144177048421 2.157649375072018 -57.40106742034062
3.7787766875229916 0.6144964474030481 2.166684177596304 -57.4000214259723
3.708173803494078 0.6075179403524864 2.175371638849158 -57.40036401391063
3.6374575755057315 0.6003887793684867 2.183486877518387 -57.400932514305254
3.5666322538751727 0.5930655945048358 2.1909295605548498 -57.401748217957824
3.4957012744253304 0.5855359026267801 2.1976170703735582 -57.402817503926855
3.4246673977439035 0.5778003490160913 2.2034812919023925 -57.404147460898635
3.353533413675939 0.5700824778851263 2.2084580844437673 -57.40554238575553
3.282302869992168 0.5625152043303228 2.212512794327931 -57.40690220911769
3.2109805284267656 0.5547326079728687 2.2156558087712006 -57.408612525052746
3.1395721856176797 0.5466814634633711 2.2178945001898187 -57.41075711462185
3.0680848845289685 0.5386923297092162 2.2192376100264375 -57.41304056843381
2.996527026879445 0.5310627207742125 2.2197165295796246 -57.415187732816136
2.9249078035588063 0.524109981203221 2.2193824322820506 -57.4168929844565
2.853236714820572 0.5181660252980687 2.2183071910449073 -57.41782673510664
2.781523880979245 0.5124547257043879 2.216578095555655 -57.41873132577885
2.7097802133781914 0.5074244100699807 2.214281571589848 -57.41913952264133
2.63801581767333 0.5031007919216721 2.2115186288415956 -57.418984360256324
2.566239730446103 0.4992135282713781 2.2083899746203244 -57.418472430973004
2.4944598253644936 0.4950534503819037 2.204997340182469 -57.418232853720816
2.4226817808629737 0.4907235622550351 2.201441129495987 -57.418079610892306
2.350906620664843 0.48620045210343654 2.1978110889461004 -57.41793801144484
2.2791310376031118 0.481279373966136 2.1941688208193653 -57.417931322861854
2.207349256406757 0.476064312857893 2.190559639563388 -57.417926828483196
2.135554105663057 0.4706450589978295 2.187018375213493 -57.417832336504254
2.0637384746216814 0.46504831134090713 2.1835626554167398 -57.41763250327104
1.9918965915478033 0.45939292933345854 2.1801886732946887 -57.41722843895972
1.9200242921449575 0.4536660622544411 2.1768691488752547 -57.416653463450956
1.848119468682996 0.44777346529096124 2.173559715481872 -57.416016851898625
1.7761815929964266 0.441428498420466 2.170210939558227 -57.41561538323176
1.7042109717487093 0.43442862740829447 2.16678032373218 -57.41566727152153
1.6322072644356704 0.42745407006850455 2.163233379600573 -57.41554909539244
1.5601696768016389 0.42068637807388504 2.1595344494519075 -57.41514703120485
1.4881006971769195 0.4136557592389499 2.155621638954304 -57.41498834426296
1.4160058340240937 0.4073689595844663 2.1513943628122525 -57.41416007786125
1.3438923796604194 0.4017324879195343 2.146707677564415 -57.41281405566178
1.2717710004582603 0.39625852514478616 2.141444924321156 -57.411486488432146
1.199657109656414 0.3901118311975263 2.1355299018938076 -57.41103349619497
1.127570295877852 0.3833747101904114 2.1288905811514316 -57.41134716983095
1.0555334386016462 0.37613965371286506 2.1214459571014506 -57.41224695266592
