7.889189352991204 2.2846551958042105 0.6307201465246356 -18.678641572451383
7.8385311553861525 2.293915454230581 0.6262744950883671 -18.670683013417523
7.787898108137093 2.2954590108849184 0.6218611470584999 -18.670645044642875
7.737304229971117 2.295560586745076 0.6179328530619853 -18.671783783254853
7.68674511689985 2.2948510028909688 0.6146476101436412 -18.67324381301129
7.636209437648961 2.293911873882046 0.6121236309410574 -18.67424537453666
7.585682763479289 2.2929681391648353 0.6104262775291134 -18.674351130326542
7.535149307994413 2.2914927711443753 0.6095916413207051 -18.67385942472206
7.484594283375474 2.288764967599775 0.609653603476137 -18.67324008499189
7.434003240819016 2.2843363683818407 0.6106432267429299 -18.672690158571903
7.383362673142641 2.2780615010562855 0.6125880295540469 -18.672164628936933
7.33266054107564 2.2688140749922425 0.6155522362945313 -18.672627851793564
7.281887487009362 2.2570335789777465 0.6195592904912738 -18.6736064976553
7.231036452053722 2.2418517326483975 0.6246800255362909 -18.675885173799905
7.180100154897897 2.2239581360245566 0.6308915496413521 -18.678858943892976
7.129067732728283 2.203816616254904 0.6381741719709787 -18.682191588478666
7.07792609121511 2.181707936263934 0.6465195177811967 -18.685771177624638
7.0266608860209585 2.1581155701577672 0.6558996302625189 -18.689373931265102
6.975257508276603 2.1337840957684473 0.6662370192213842 -18.69261470635592
6.92370238305934 2.109164753860689 0.6774348055579332 -18.695413685012937
6.87198209656884 2.0859750171071654 0.6892138527599418 -18.69663026416393
6.820082885623009 2.0634918831630578 0.7015283442855076 -18.697153536448745
6.767988405435701 2.041216006782718 0.714346219568297 -18.697680149056822
6.715680575137411 2.0204543226742926 0.7274305332441602 -18.69741736552139
6.663138129943932 2.0002720874897038 0.7407610494146838 -18.697447394788178
6.610341240169037 1.9801994578057736 0.7542178517452937 -18.6983845291698
6.557277734617497 1.9593347236495715 0.7677779010029335 -18.70109555466575
6.503948776875567 1.9373190939550433 0.7813608262526709 -18.70591740322906
6.450364460805743 1.916837254107198 0.7945533470773274 -18.71046975915506
6.396546100604012 1.899036229527576 0.8071617738030301 -18.71364254099693
6.342518162571894 1.885118174038496 0.8190268511134996 -18.714244443357657
6.288304075992717 1.8727633378042716 0.8304134046578204 -18.714268538485094
6.233919128833882 1.8615367896798267 0.8414128155505244 -18.71403564800307
6.179374809708266 1.8517800478011777 0.8520472600016473 -18.713166256180607
6.124680444750225 1.8438876356945064 0.8623384157920726 -18.711229684372654
6.069844892661882 1.8367915003008795 0.8724661416210494 -18.7091535740068
6.014876984731877 1.8294380257627247 0.8826187571310926 -18.707874630150457
5.959784096595475 1.822052557381926 0.8928564807181355 -18.70714407511292
5.904569599381528 1.8146956599536626 0.9032722949258152 -18.706873315596
5.84923326272229 1.8069558968799413 0.9140153320743185 -18.707440379271425
5.793771918526465 1.7994226316851138 0.925120826194998 -18.70828360118815
5.738178753045393 1.7923642746843187 0.9366154210221549 -18.70914445188108
5.68244669749258 1.7859161640362151 0.9485115226726542 -18.709889081840046
5.626569706749898 1.7800506429310032 0.9608172176577482 -18.710535293912734
5.570543021248079 1.7748085771170818 0.9735138539338157 -18.711026279694373
5.514362808917274 1.7700641423882675 0.9865906946848836 -18.711456402716586
5.45802589575788 1.765899554208865 1.0000010862400996 -18.71170696512784
5.4015291866932005 1.762245218358741 1.0137086788704326 -18.711796942357942
5.3448697825327915 1.7593852093868034 1.0276303306601886 -18.71138468847294
5.288045323664972 1.7572182990087382 1.0417439884549489 -18.710502750445926
5.23105491281221 1.7553957220172447 1.0560675637267185 -18.709435131720035
5.173898154165873 1.7535151139156258 1.0706275384605932 -18.708539162457484
5.116573556169362 1.7515666177114901 1.0853845892345542 -18.70780179388941
5.059077624459109 1.7496980182326938 1.100262400343539 -18.707069941437943
5.001405407847596 1.7479152322364637 1.1152023179487656 -18.706341024261363
4.943551893633909 1.746311549253363 1.130138983437503 -18.705528788429433
4.88551242886907 1.7449757001980637 1.1450129466020311 -18.704553545463725
4.827283139855598 1.7441842669091263 1.1597416589536216 -18.703148982347308
4.768861689257517 1.743875623338298 1.1742982407551266 -18.70138457308873
4.710248296722244 1.743883774064542 1.188676228197583 -18.69943243846636
4.651445242575122 1.7443479921634197 1.2028248629351121 -18.697159978503734
4.592457101310477 1.7453805248489118 1.2166872020401374 -18.694459909081175
4.53329101661158 1.746931920995977 1.2302158240170438 -18.69138410528337
4.473955986493674 1.7482093676591657 1.2434321324548656 -18.688722043701567
4.414463343134419 1.7485488176704878 1.2563312124480006 -18.687126239905595
4.354824191485905 1.7477772939225271 1.2688609399453323 -18.686757359318328
4.295047538252395 1.7467134486446196 1.280893718223038 -18.686785151380185
4.235139623463677 1.7454214509580475 1.292421777475518 -18.687144577188796
4.175105498204899 1.743981077793073 1.3034393166072646 -18.687752340915857
4.114949984196723 1.742470985718263 1.313942769740233 -18.68852116288555
4.054677898727674 1.740930129452604 1.3239335045508196 -18.68939962026196
3.9942940679675556 1.7393831234302646 1.3334148029391943 -18.690348253583494
3.933803564900821 1.737860730664645 1.3423915969227365 -18.6913195862259
3.873211829938139 1.736398127157593 1.350873195468475 -18.69226106225974
3.812524690593737 1.7352343841476359 1.3588597514534755 -18.69291398523368
3.751748464677151 1.734506440206796 1.3663690975866787 -18.693124223771356
3.6908902493206854 1.7341240539444525 1.3734454301332457 -18.69296861428218
3.629957742907449 1.7339816549177414 1.3801442930342254 -18.692540675758544
3.5689583964365 1.7338770544229114 1.386539844159979 -18.69203530399028
3.5078987115882505 1.7337037478932118 1.3927193781333413 -18.69155646678646
3.44678407110287 1.733417726749597 1.3987870142984882 -18.691152296023027
3.385617563234238 1.732139236281849 1.4049112692861683 -18.69172836354482
3.3243980463190224 1.730729643483081 1.4111673449142226 -18.69243792059934
3.263120679663772 1.7296137267191787 1.4176042228211396 -18.692871632037665
3.2017800512801444 1.7287167451338656 1.4242708774067672 -18.693119187863815
3.140371313548715 1.7282085261835824 1.4311848011205586 -18.69301535379646
3.0788902482015805 1.728085553505323 1.4383603449279572 -18.69256537962191
3.017333603298786 1.728318576340801 1.4457994167563804 -18.691795087466176
2.9556989801351956 1.7288647899057648 1.4534863606806925 -18.690738577890016
2.8939848135869504 1.7296001593719468 1.4613945111404 -18.689507844349592
2.8321903330556326 1.7302867509926183 1.4694931314233721 -18.68832704283558
2.770315392261497 1.7310039964906416 1.4777141147314636 -18.68709442684421
2.7083601297801456 1.7317029568603208 1.4859841638607751 -18.685836904899944
2.6463249386003698 1.7324298434787342 1.4942019226134406 -18.68448258894322
2.5842106104820908 1.7330357683703703 1.502260791837801 -18.68315672694031
2.522019169822117 1.732213797566015 1.5101155127882733 -18.6831553472911
2.4597545929941473 1.7303540592234221 1.5175819663865466 -18.684042743023788
2.397419841718018 1.7284983294053253 1.5244339283522066 -18.684736587029157
2.3350198225790613 1.726696817761144 1.5305087725217643 -18.685161878166042
2.272561536360975 1.7243969358097029 1.5356981461010981 -18.6858561318398
2.2100537960822177 1.7217716365359872 1.5398979698044708 -18.686630226019382
2.1475072297809863 1.7189372173044364 1.5430555509587152 -18.68735867217997
2.084933691503676 1.7161206076689386 1.5451570773484624 -18.687808831872708
2.0223459241788864 1.7134812269027484 1.5462320202513595 -18.68781803482851
1.9597561711586557 1.710579010047232 1.5463396696141194 -18.687827134971762
1.8971758160744252 1.7071780510347498 1.5455555700785408 -18.68807486545957
1.8346151496755323 1.7030457940337633 1.5439758708971154 -18.688800136074953
1.772083103675302 1.6985187035702671 1.5417330763920263 -18.68968039577421
1.7095866802245498 1.693877841861576 1.538968233958985 -18.69045312690939
1.6471313864249693 1.6912457063954718 1.53590088234766 -18.68902940388856
1.5847203571935746 1.6893988881520416 1.5325845404592766 -18.686636797119682
1.522357120594379 1.6879952356308345 1.5290944419776764 -18.68362031329798
1.4600444259897007 1.68730388685334 1.5255303213130098 -18.679718130019282
1.397784022327226 1.6872878658194743 1.521978390199652 -18.67497040988833
1.3355769086291243 1.687159978494304 1.5185018880315218 -18.670160154237493
1.2734239616182879 1.6860444137481667 1.515174461104532 -18.66615387098979
1.2113265193649387 1.6832440004402998 1.5120959876275424 -18.66362979260512
1.1492858684364933 1.679478554220702 1.5094320224696298 -18.66184285492745
1.0873014701564232 1.674670741595763 1.5072982908063952 -18.660827240381572
1.025373138809179 1.6694338180417057 1.5058332282464144 -18.65990244553214
