7.852464908175151 -3.1229536822702157 1.633264885557449 -55.33265942326023
7.834680933892875 -3.1223337705714007 1.6331152927877783 -55.33217848636443
7.816891209798874 -3.122057589643085 1.632963104193009 -55.332005186873204
7.799098766364388 -3.1220003503434204 1.6327957775316928 -55.33201470971739
7.7813061182182475 -3.122080618298323 1.6326099254980364 -55.33212545979187
7.763515538864792 -3.1222674236306776 1.6324078157916 -55.33230600141905
7.745729246297549 -3.122501485552139 1.6321951626364186 -55.33249648567204
7.7279494810442015 -3.1227921073625824 1.6319792787146894 -55.332705409780964
7.710178588315598 -3.1231392219511993 1.631768956459556 -55.33293187879471
7.69241902110871 -3.1235402959144216 1.6315741147896483 -55.33317262253501
7.674673325490692 -3.1239903865052376 1.6314053205808792 -55.333422153054684
7.6569441194200865 -3.124479779209924 1.631273428760055 -55.333670498983146
7.6392340663676865 -3.1250002829327306 1.6311892694733274 -55.33390955614846
7.621545852095103 -3.1254695336678653 1.6311637457658752 -55.33405778729242
7.603882135015369 -3.1252161426221785 1.6312093523486761 -55.33344771789856
7.586245440640839 -3.1240944199347878 1.6313336070782858 -55.33193586492432
7.568638163827132 -3.122168474291459 1.6315413419599256 -55.329588415902045
7.551062492668613 -3.1193631483353137 1.6318353778697747 -55.326334109055495
7.533520263952205 -3.1152764472224264 1.6322157627595382 -55.3217777043741
7.516012799551362 -3.1105537459602686 1.6326801488781715 -55.316565989300706
7.498541281123823 -3.1053382328386196 1.6332269785945157 -55.3108481506144
7.481106414996478 -3.1005219989904274 1.6338600835793495 -55.30551913051658
7.463708584295114 -3.0972701477149664 1.6345938502413557 -55.30174797679144
7.446347728767616 -3.0953562593835913 1.6354194338227126 -55.29932373424196
7.429022878058519 -3.0942929010770164 1.6363072474734095 -55.29777516675264
7.411731502998873 -3.09409144547538 1.637222655914512 -55.29712495757294
7.394470039697456 -3.0942584732658402 1.638126594766614 -55.29689203999755
7.377233937514204 -3.094075649677836 1.6389836015234212 -55.29636592361883
7.360018467669422 -3.093476751418088 1.6397678668984972 -55.29547990216181
7.342819510327311 -3.0926424094616856 1.6404601019644092 -55.29441054046918
7.325633492835099 -3.0916390195672583 1.6410461303853994 -55.293218782168836
7.308457367130644 -3.0907460329777283 1.6415229776314169 -55.29217671867156
7.291288706255839 -3.0907450219792225 1.641898849488445 -55.29205698561987
7.274125669998401 -3.0914030832125206 1.6421900801606617 -55.29261820725417
7.256966939283117 -3.0920944992651664 1.6424237657503427 -55.29322409932238
7.239812099955207 -3.09303652566715 1.6426427688426721 -55.29407844133948
7.222661831842177 -3.0949700406522043 1.6428706259156567 -55.295905816758165
7.205517713096072 -3.098521344344163 1.6431202985831064 -55.29931292426593
7.188381885467515 -3.1026996586316176 1.643398903098577 -55.30328960116909
7.171257874173531 -3.1067809274372262 1.6437004275163798 -55.30709372666285
7.154150494751525 -3.1103858103480104 1.643981304326283 -55.31033413317268
7.137064982552781 -3.1134196687735973 1.6441887701941116 -55.312910121382615
7.1200070363082775 -3.1162011909044693 1.6442706773710531 -55.315138088524904
7.102982686994796 -3.118674824369631 1.6441873600931873 -55.31696652130125
7.085997791002775 -3.1207648654535385 1.6439211124784197 -55.31832773632337
7.069057444491286 -3.1224028336358347 1.6434831071499008 -55.31916331628969
7.052165947655137 -3.124123675391259 1.6429052691723838 -55.32001381356078
7.035326873545659 -3.125951752154185 1.6422489205145885 -55.320913474028664
7.0185431043943245 -3.125007263794083 1.6416202734481218 -55.31902026063553
7.001815616711791 -3.121261547989952 1.6411027801385034 -55.31431239583263
6.985145806416758 -3.1169296805142066 1.6407472376613144 -55.308989711558674
6.968536008584092 -3.112994338728373 1.6406006895076823 -55.30403783894906
6.951987951946144 -3.11325318379655 1.6407093550164646 -55.303233682830715
6.935504129315615 -3.1158973825206653 1.6411346813739194 -55.30481898119069
6.919083301453622 -3.1183249597123166 1.6419150357972507 -55.306246217653786
6.902720808131592 -3.120231374349255 1.6430862223006282 -55.30723265269742
6.886411550005786 -3.1215268411473955 1.6446581773614455 -55.307704528778864
6.870150022662763 -3.122489494827441 1.646617344774314 -55.30795069805355
6.853930377613902 -3.1233915869457625 1.6489215847504817 -55.30825156259229
6.837746164687303 -3.1241826990214614 1.651497608548922 -55.308564128719055
6.821590243439953 -3.123676914694972 1.6542216942766899 -55.307708007997995
6.805454929028213 -3.1211358378726746 1.6569707934872482 -55.30493574794028
6.789333194214342 -3.117081535579011 1.6596591189211276 -55.30074944339473
6.773219205649036 -3.113284112369019 1.66223983187601 -55.29689604608304
6.757108638884035 -3.112890236149652 1.6646976962883155 -55.29650402504059
6.74099812019124 -3.1135249951064368 1.6668916247030803 -55.29718072300241
6.724885585993635 -3.114772265793403 1.6687688817882125 -55.29848386293037
6.7087703682149025 -3.1177715150609253 1.670352211362537 -55.30152436172181
6.692652613597089 -3.1212346697571607 1.671636985861949 -55.30498016163916
6.676534425149372 -3.124104203486907 1.6726294354618134 -55.30776288780716
6.660420196337201 -3.126269532486583 1.6733179854902718 -55.30973995193232
6.644315318973366 -3.1281984429908407 1.6736887810688152 -55.311363280850394
6.6282262549953375 -3.1302148745038463 1.6737306846689572 -55.31294686421176
6.612160193769143 -3.132544537676008 1.6734416824707017 -55.314712500060814
6.596124475551734 -3.1352882673869944 1.6728368281788906 -55.316762759642984
6.580126223860273 -3.1382411685623652 1.6719498318567463 -55.31890098444411
6.564172049772969 -3.1407339551586366 1.6708342012649144 -55.32047412437503
6.5482678364140545 3.1405396598673394 1.6695475797032495 -55.32137587730854
6.532418412804327 3.1385696036962485 1.6681580331580084 -55.32225253250292
6.516627907211077 3.1372491591588836 1.666773211268249 -55.32241702524019
6.50089936614137 3.139764526845338 1.6655457128598932 -55.31873259463686
6.485233997478908 -3.1387515994978545 1.6645284326367682 -55.3128719193431
6.4696338724875115 -3.1349906210083396 1.6637529173243706 -55.30787313564798
6.454101852783633 -3.1350917462524346 1.6632638045133747 -55.306676130174466
6.438640979760625 -3.137750603403018 1.6631602660153186 -55.30802836776129
6.423250727085111 -3.140919185219925 1.6635257098305887 -55.3099410471085
6.407927188599584 3.1395025671644454 1.6644297971828 -55.31153556341415
6.392665079857927 3.13756257105506 1.6659033867882977 -55.3124157469522
6.377458403892356 3.1365869911540183 1.6679168040337506 -55.3124546698527
6.362300996915287 3.1360713415324684 1.6704158571940864 -55.31216358011094
6.347186599974509 3.135362073126074 1.6733251259093147 -55.312201600134166
6.332108443641493 3.1347280404705034 1.6765232677705302 -55.31231108770562
6.317058543943941 3.1360858182801286 1.6798116918509087 -55.310580765707705
6.302028274557797 3.138914013490194 1.6830666124001885 -55.307513030754905
6.287009885756275 -3.1398503153769934 1.6861567771075145 -55.30296351212842
6.271996756842301 -3.135735675965682 1.689031132276606 -55.29880424676655
6.256984142740531 -3.135828792763799 1.6916768845547994 -55.29891725512611
6.241968354190269 -3.1367049673329057 1.6939121814117375 -55.29984946530942
6.226947517139079 -3.138535964721675 1.695695071242608 -55.30174056077972
6.211920930069612 3.140777706495013 1.6970337056753242 -55.30564563124746
6.19688886863285 3.1378379857758083 1.6979206260863031 -55.30855581942363
6.181854137111302 3.135887957271785 1.6983878606753484 -55.31038383476783
6.166821618161749 3.134134325867398 1.6984603488798444 -55.31190317962817
6.1517974686718935 3.132317584473281 1.6981619654063143 -55.313359028604935
6.136788647334528 3.130005157838894 1.6975189578210201 -55.31517413637528
6.1218025321993235 3.127261644866437 1.6965696664296592 -55.31728126573456
6.106846455466861 3.1242262834889143 1.6953643352474959 -55.319544148409065
6.09192751890917 3.121210917778597 1.6939604632277137 -55.32165989449523
6.077052469949011 3.1186220070257207 1.692418712568812 -55.323236406929354
6.062227540764053 3.116625284346721 1.6908006935362554 -55.32412336721126
6.047457826658554 3.114651553086102 1.6891722351898526 -55.3248975601356
6.032747793526806 3.1143683621392264 1.687650679750486 -55.32392523024812
6.018100409716162 3.1175161678381893 1.686345679508005 -55.31950057501421
6.003517597654736 3.122099234337946 1.6852822794422575 -55.31360806047067
5.989001761710735 3.124879660712212 1.6844800174766692 -55.30946073666313
5.974555938318077 3.1240272978079675 1.6839990785247263 -55.30889352519401
5.960182354942515 3.1208254081294657 1.6839311497182654 -55.31067974807786
5.945879719636532 3.117593100233658 1.6843643034252325 -55.31256577652475
5.931643500258937 3.1150948927544952 1.6853568634371427 -55.31382118763575
5.917467932917014 3.1135474643618237 1.6869143939991922 -55.31424905014355
5.903346799495248 3.1128190602337473 1.6889973177412831 -55.31399430628865
5.889273563140632 3.111894578438587 1.6915533717224425 -55.31407710607575
5.8752413992932855 3.1109908766453707 1.694479255938452 -55.314296296902896
5.86124209515191 3.1104016518761624 1.697635825397287 -55.31436536835729
5.847266614085158 3.112225032958878 1.7008161726909623 -55.312185117921246
5.8333058524274835 3.115201361443455 1.7039155019553853 -55.30899043249813
5.819351918470997 3.1202994409765004 1.7067826440194724 -55.30378761484276
5.805398552101248 3.1237657271140935 1.7094185197194263 -55.30030271030382
5.791441071646794 3.123631054590491 1.7117550398144146 -55.30048439463973
5.77747590170184 3.1226990292205463 1.7136504134009256 -55.30149467870784
5.763501514830423 3.1204816887244924 1.7150817715107252 -55.30378874694173
5.749517366846456 3.1168606970414743 1.7160494105036803 -55.307450928141826
5.7355243208509155 3.1144699570870626 1.7165675286694722 -55.30980811243771
5.721526252790458 3.1126484613554726 1.7166768556191525 -55.31149342570195
5.707528728331817 3.1107694269441724 1.7164071908078593 -55.31311396358681
5.693538365899442 3.108508436809851 1.715787998755026 -55.31497945731275
5.679562392684982 3.1059417135682907 1.7148550068258044 -55.317005856367416
5.665608271384171 3.1030282570142393 1.7136483136259928 -55.31923162014034
5.65168353534591 3.0999566232083606 1.712218284423377 -55.3214726907231
5.637795488179553 3.0968800877433647 1.7106175744327927 -55.323585121629876
5.623951094187808 3.094230131001206 1.708905553150693 -55.32515378039424
5.610156716065236 3.0921657397982583 1.707140568545237 -55.32603683426758
5.596417504978754 3.090200487994029 1.7053867720973874 -55.32673074152219
5.582737886462209 3.09072346745797 1.7037746934414377 -55.32489124184147
5.5691204671440575 3.094892998978816 1.7023972048060387 -55.31938886176718
5.555566980913113 3.0997227577861923 1.701257268900741 -55.313186264140704
5.54207994583996 3.100873596884648 1.7003570866630582 -55.3105856025959
5.528662881507924 3.098975311883778 1.6998060376726285 -55.311002328595464
5.515316557647094 3.095540129613945 1.6996981685624397 -55.31298476776556
5.5020384248237235 3.0925346216306338 1.7001237276207264 -55.3146253458342
5.488823476928201 3.090395143480944 1.70112854089493 -55.31551559307074
5.475665763457392 3.089237242082308 1.7026983554150679 -55.31555780365775
5.4625589095039775 3.0883158080064055 1.7047927137053482 -55.31550512906757
5.449496271689915 3.0872321116777646 1.7073399987679285 -55.315768240870284
5.436470220371922 3.0864857595898103 1.7102176271407572 -55.31586355443214
5.423471829898158 3.0866081894728623 1.7132690985880186 -55.31526082446297
5.410491896243495 3.088754466694648 1.71631796138121 -55.31279447985884
5.397521656363076 3.0923661306849075 1.719240748101509 -55.30899816757303
5.384553682403195 3.0976027491536673 1.7219231999743996 -55.303683991491695
5.371582392786414 3.0987051955433254 1.7244035942709965 -55.30259028003475
5.358602908443563 3.098435475007353 1.7265065099444095 -55.30292796152789
5.345612309771863 3.097421194695752 1.7281541387239554 -55.30403366448718
5.332609477358479 3.0946272110823605 1.7293417385686674 -55.30691135974639
5.319594005649567 3.091746346769847 1.7300584215466572 -55.30982926785161
5.306567687102021 3.0898304040452698 1.7303387812405744 -55.31169675006736
5.293535185052113 3.0880856683758506 1.730217016062251 -55.31328228539362
5.280502523793237 3.085970646915391 1.7297192168437445 -55.315108477801964
5.267476556488999 3.0835507762262293 1.728877426165685 -55.317097313568816
5.254464535869514 3.0808690242040284 1.7277282114770778 -55.31919933412916
5.241473966518596 3.077845636017622 1.726311300584514 -55.32149325084674
5.228512376628491 3.0747986288639586 1.7246804826564968 -55.32366825634642
5.215586977239091 3.071765461168615 1.722886585960756 -55.32569705425087
5.2027046478804735 3.0692687040084 1.7209928978957958 -55.3270758857542
5.18987145200691 3.0672067178263376 1.7190571488802158 -55.3279217620143
5.177092336050506 3.0656975981967127 1.717160115526577 -55.328134087132
5.164371323053683 3.0674602817365733 1.7154417498944203 -55.32504274049775
5.151710649318349 3.0725512655023826 1.7139667817783226 -55.31860647930022
5.139112036124622 3.0767497487969475 1.7127165688420825 -55.313007246636815
5.126578300239515 3.076762486445213 1.7117084963651334 -55.31152136631283
5.114112399907092 3.0740634072219613 1.711061447754493 -55.31273524985314
5.101713938615965 3.0707390382609967 1.7108762909264918 -55.314629170755744
5.089379255767804 3.068093658479502 1.711232948088913 -55.31594421340761
5.077103020015746 3.066185179097186 1.7121661359533464 -55.316643833795816
5.064879292434616 3.0651414471624268 1.713656203221066 -55.31661768719751
5.052701491676806 3.0640494957827467 1.7156612125476343 -55.316784317546805
5.040562708239011 3.0629608914661763 1.7180964718786726 -55.31710665829949
5.028454864127387 3.062100180949381 1.7208399503774297 -55.31736943716989
5.016369061249354 3.0632019058449567 1.7237064224437102 -55.315838597218736
5.004296410833032 3.0659323474888875 1.7265616265179669 -55.31282720220904
4.99222905737404 3.070597243837862 1.7292676113146794 -55.3080043171972
4.980160650163 3.0751117105053294 1.7317758408715842 -55.303427414661215
4.9680862157252825 3.0752776510862687 1.734065819488372 -55.303279316541335
4.956001042920843 3.074700753135108 1.7359551710113514 -55.303922180957564
4.943902802293664 3.0734148913483166 1.7373871772501355 -55.30528808687872
4.931790601700328 3.0699374231279846 1.7383606829076235 -55.308830970256004
4.91966423545813 3.06737562544216 1.7388618125764088 -55.311401948058
4.907526438868698 3.0655229799628 1.7389280263063827 -55.313173101934275
4.895382285339502 3.063713832213024 1.7385861161198422 -55.31478797862386
4.883237924751274 3.0614258131649983 1.7378615399922044 -55.31675196687641
4.871100149738224 3.0588418524824097 1.7367906383155804 -55.31887170628365
4.858976078421476 3.0559977294307767 1.7354144345983626 -55.32110661148358
4.84687300958053 3.052925374120596 1.7337796179313758 -55.32342578943166
4.834798190178825 3.049886517349935 1.731943550425313 -55.32557548456952
4.822758587617726 3.0470372982474228 1.7299614654522817 -55.3274115877418
4.810760716520079 3.044770603037753 1.7278986561826766 -55.32855904625514
4.798810150564418 3.042747907744585 1.7258153258653124 -55.32936851752882
4.786911605282401 3.042292657179288 1.7238218225852522 -55.32854675838171
4.7750685448686525 3.045137774626244 1.7220317336485116 -55.32439533932756
4.763283254010008 3.0501625540169925 1.7204782475898173 -55.31803579082811
4.751557828383669 3.0537749666253777 1.7191521970448187 -55.313032908164864
4.739894792727538 3.0530064630500147 1.7180746656917991 -55.31234743915151
4.728296402043098 3.049853851065606 1.7173608818249784 -55.31405077991727
4.716761385869331 3.046846684177094 1.7171172779855641 -55.315681970955644
4.70528545933269 3.0444350634702673 1.7174068725324572 -55.31682130894383
4.693863351680965 3.042730427021683 1.7182566829157637 -55.31737767024392
4.682489054302714 3.0415876455000017 1.7196475698654907 -55.31750940831663
4.67115598629151 3.0404168284132913 1.7215325447185046 -55.317814136153
4.659856951216852 3.039381344559314 1.723823288633405 -55.31814159351144
4.648583771019791 3.0386111647984837 1.7263987041687043 -55.31836592193807
4.637327821013207 3.0402394701266178 1.7290731194613693 -55.31635111180025
4.626080922307065 3.043742125461566 1.7317237482817822 -55.31259742464189
4.614836099190766 3.048655746546649 1.7342417953286036 -55.307540692821306
4.603587944631721 3.050196245929744 1.7366368187697443 -55.305945963354226
4.592331254917175 3.050159644831329 1.738749492780546 -55.305997848118785
4.581062263567409 3.049475401290039 1.74047702362628 -55.30673545806383
4.569779133693005 3.0477975444642644 1.7417785570996507 -55.30847441986351
4.558481165415311 3.0445539722038455 1.7426403956023577 -55.31175641480001
4.547168750249232 3.04236602570643 1.7430512196108692 -55.313920279359806
4.535845373955297 3.0405802359454093 1.7430384808145118 -55.31558915960461
4.524516260856155 3.038656633841166 1.7426179649630031 -55.317283788491835
4.513187452208551 3.0363247652897942 1.7418111558414116 -55.3192604426891
4.501865521737075 3.033724853402042 1.7406514612265394 -55.32137083717484
4.490557326437825 3.0308661003946025 1.739178669570238 -55.323603068967685
4.47926981913116 3.027905827858117 1.7374432545659702 -55.3258033108795
4.468009838311047 3.025011929308627 1.7355005758399822 -55.32781234543064
4.456783907184604 3.0225395575749006 1.7334137497934274 -55.32928926908856
4.445597880934173 3.0205898930150896 1.731250223790296 -55.330147666712485
4.434456753817202 3.0187910015239505 1.7290771219347998 -55.33077005421641
4.423364829677302 3.0193690292514184 1.7270290886229815 -55.32896773207799
4.412325093141165 3.023514570580846 1.7252014489530525 -55.32357565904129
4.401339620446925 3.0287229587418176 1.7235957462347238 -55.31708308612999
4.390410657904581 3.030837477238217 1.722185579263128 -55.31361807449575
4.379540727356262 3.029286605476904 1.7210449302180997 -55.31377985175396
4.368730668022695 3.02616592441378 1.7202807375845897 -55.31553744839332
4.3579782653327355 3.023584393246984 1.719989779682174 -55.31683831971132
4.3472790716805125 3.021497039157232 1.7202180239760532 -55.317748880775966
4.3366279689062965 3.0199555516996064 1.7209850560244655 -55.3182348691357
4.326019063215568 3.018814800094023 1.7222703393945833 -55.3184527054135
4.315445831764293 3.0176973998076417 1.7240220757987468 -55.318786988532395
4.304901126237329 3.016796090438118 1.7261527097105567 -55.31905509497007
4.294377059450571 3.016975707877217 1.7285275111209386 -55.31839410429438
4.283865673064122 3.0192207934321464 1.73099643431252 -55.31580755196996
4.273359826988335 3.023519906794076 1.7334347442354816 -55.311283181006665
4.262853679646117 3.0276063740365737 1.7357849265625334 -55.30706191583985
4.252342444494348 3.0274953765637482 1.7380222713481348 -55.30711707362079
4.2418210204066815 3.0271363992075995 1.7399521846966408 -55.30747710513509
4.231286511772382 3.026256749126509 1.7415083275043373 -55.30838507409285
4.220737534894412 3.0240859522322627 1.7426659154728699 -55.3105850805111
4.210173555020777 3.021335267661332 1.7433980986512916 -55.313333702898625
4.199595717777898 3.0190927729930848 1.7436982158232408 -55.31550768008221
4.1890079193413055 3.0171234454642577 1.7435760030454872 -55.31731698672895
4.17841535432622 3.0150194918218167 1.743040454420908 -55.31915400711195
4.167823839693144 3.0126297873585353 1.7421111722066982 -55.32115904888515
4.157239619999254 3.0099666033811068 1.740820758028018 -55.32331423450665
4.14666914845836 3.0070613936318162 1.7392126744487386 -55.32558760741346
4.136118893165246 3.004260714732439 1.7373457196532758 -55.327638556094016
4.12559508669114 3.0016909858410243 1.7352793645830416 -55.32934959932964
4.115103539326478 2.999631308594704 1.733085393299078 -55.330454442254826
4.104649440075787 2.9978028508352366 1.7308293939472903 -55.331241725992
4.094237299157463 2.9963166089894124 1.7285939604724136 -55.33161361311529
4.083870988673561 2.997909464143426 1.726523499504278 -55.328871543576845
4.073553208423392 3.003068166624386 1.7246880453517768 -55.32254426965783
4.063285974922893 3.0079586244185585 1.7230560294150998 -55.31643773210994
4.0530715899860805 3.008978735638744 1.721609353778636 -55.31413831879296
4.042912122283892 3.00697717413644 1.7204532074245888 -55.31484254874937
4.032807357035544 3.0040856158143203 1.7196833066103083 -55.31647793878015
4.022754459913218 3.001867482914989 1.7193790809474727 -55.3175244850791
4.012749012214154 3.000050195484325 1.7195693150739197 -55.318271922888506
4.002785994316156 2.998569941273541 1.720264151568615 -55.31879879460836
3.992859594584219 2.9974448423575697 1.7214400006981614 -55.31909769562247
3.9829633141660894 2.996437315232077 1.7230428254671795 -55.31941224678428
3.973090123686752 2.99574625877576 1.7249877573005523 -55.31954945302714
3.96323256887804 2.9969894667169337 1.7271324192656126 -55.317890371207035
3.9533836255133594 3.0001519539448975 1.7293582850503246 -55.31443098898885
3.9435371872282503 3.0048597097703804 1.7315540845388961 -55.3095209059216
3.9336884728686092 3.006113308088407 1.7337230364314606 -55.30814311724174
3.9238323921570295 3.0059079534684843 1.7357112002502555 -55.308292438729254
3.9139648799452496 3.0053937316434434 1.7374013422892551 -55.30879696286286
3.9040835116631003 3.0043964049681713 1.738737091779779 -55.3098041825495
3.89418725891218 3.001864634964926 1.7397032246736595 -55.31234077950539
3.8842757894026265 2.999558752973942 1.740267740979062 -55.314613549753226
3.874350969184034 2.997254016647781 1.7404246175399056 -55.31681660079571
3.864416967261601 2.9950691382800025 1.7401707559664785 -55.31881156855418
3.854478904475421 2.9927800205301156 1.739511691838569 -55.32081005654748
3.8445424025065327 2.9902533259756483 1.7384658602180922 -55.32293732164865
3.8346134110224077 2.9874952255519336 1.73706622344085 -55.32518392109635
3.8246979943950605 2.984757328647304 1.7353627587130296 -55.32730035969215
3.8148021013017734 2.9821470533675494 1.7334128780334652 -55.32918475195421
3.804931419280777 2.979951742193319 1.7312850857663122 -55.330559386918765
3.7950912288187983 2.9782105675191413 1.729048135621261 -55.33139531525648
3.7852861909435824 2.9765555577349176 1.7267687915533811 -55.33206810819352
3.775520427478864 2.9756659866247333 1.7245419695927486 -55.331914722505545
3.7657974373136693 2.9784044206989266 1.7225072150780016 -55.328108130764065
3.7561197380661033 2.983887770729172 1.7206978853563877 -55.32153218403606
3.746489401531837 2.988226981375287 1.7190755568672842 -55.31605206020144
3.7369083815747692 2.988834369679114 1.717646063846254 -55.314255610781174
3.7273778481375897 2.986759978675871 1.716503022136413 -55.31513826614703
3.7178968179680734 2.984286816202702 1.7157389196501212 -55.31647151520419
3.708462083433695 2.982337944738899 1.7154102567498495 -55.317363421596234
3.6990693466676223 2.980662984980107 1.7155363766266045 -55.31807977858426
3.689713588664379 2.9792339308896514 1.7161205971430362 -55.318662147138895
3.680388987582812 2.9781072865732714 1.717140847689516 -55.31906378577133
3.6710890822495865 2.977227344120966 1.7185465318861903 -55.31934632245395
3.661806935829977 2.9770360979186745 1.720254171903474 -55.31906926975462
3.652535593674054 2.979049207816002 1.722138312306843 -55.31670987227741
3.643268938986271 2.9827797472547686 1.7240946251448306 -55.312732769332015
3.6340018293196814 2.986590490658793 1.7260501949568663 -55.30875448010307
3.6247298344722045 2.9863372886293718 1.7279852127051385 -55.30891106937741
3.615447782843494 2.9860663646390844 1.7297251474837183 -55.3091437734378
3.6061525026414407 2.985510258296775 1.7311926239174806 -55.30969992787922
3.5968419386902033 2.984339237539566 1.7323444687765763 -55.31088470971505
3.5875152642314956 2.981918159034654 1.7331628127871654 -55.313307727684546
3.578172611282106 2.9797287646361044 1.733616098552424 -55.31545531218816
3.5688165519275907 2.97740507885247 1.733687883506311 -55.317667642215035
3.5594513322036363 2.9749878685856026 1.733370933204279 -55.319888348424655
3.550081950376875 2.972528124472612 1.7326677314039203 -55.322055807639416
3.5407139146316084 2.969926424355424 1.7315921188299186 -55.32426324765585
3.5313529879704824 2.9671891726096495 1.7301734776004043 -55.326502643841074
3.522004963171302 2.9645819280774095 1.7284607553239928 -55.32851178274436
3.512675508040025 2.962183471973456 1.7265076645544777 -55.33021803676244
3.5033699949972537 2.960261936799905 1.7243808755257881 -55.331362866147764
3.494093343780455 2.958618702763487 1.7221440452175343 -55.33215309862419
3.4848498869638345 2.957182791230747 1.719872013869028 -55.33266895273308
3.4756434258933786 2.957215703597004 1.7176725891788658 -55.331668105896036
3.466477153755322 2.9609071020069204 1.715664935834786 -55.32698768024508
3.457353486559761 2.966556454499979 1.7138597380673841 -55.32032239750052
3.4482743329836163 2.9701795404041125 1.712218779313803 -55.31563626246754
3.439241192955258 2.970292373943411 1.7107792410385965 -55.31442726739114
3.43025438158827 2.968512319355917 1.7096275829631582 -55.315125798722526
3.4213122047179167 2.966391609796982 1.7088433472039544 -55.31622074488174
3.412411351184408 2.9645775697676147 1.708471191092952 -55.31709054435982
3.403547533903544 2.963012675876016 1.7085258173935451 -55.317807829840135
3.3947156196072714 2.9617060694325037 1.7090049720955303 -55.31837525919171
3.385909758909758 2.9607034574118916 1.7098869333500986 -55.31875520906239
3.377123566055105 2.9601672738269107 1.7111223684651227 -55.318788927955474
3.368350391891961 2.960887059641195 1.7126280845506963 -55.317684220935185
3.3595839812010557 2.9634154087839106 1.7142999829317869 -55.31487498344823
3.350818939245145 2.9671173424769997 1.7160436079483465 -55.3109764696211
3.3420507269578947 2.9696631506449958 1.7177999310433791 -55.308303397469516
3.3332748394959544 2.969405922450835 1.7195030782860734 -55.30849677214992
3.3244866463932228 2.969091431066802 1.7210173682529628 -55.308797248733384
3.315683334942565 2.9684507465968206 1.722275505635642 -55.3094539860425
3.3068632167352043 2.9667398013336546 1.7232472483456942 -55.3111881730232
3.2980256019225633 2.964338610525982 1.7239073631465487 -55.313592424772
3.2891713429493357 2.9620191863306125 1.7242218494529922 -55.31586564223679
3.2803036793097875 2.959503283524014 1.7241722614181414 -55.318265820956555
3.271426880837302 2.956932794057739 1.7237531700098199 -55.320637973728616
3.262545939161649 2.954314882183138 1.722967463697013 -55.32296629172751
3.253666280632009 2.9516395894917107 1.7218300130071966 -55.325256550089
3.244793520443818 2.948991502604935 1.720371349550753 -55.32742436803558
3.235933270657925 2.9464543262787815 1.7186345084153372 -55.32938997947391
3.227090947764767 2.9443006593698295 1.7166763100864215 -55.33088838918762
3.218271639784607 2.942614108089588 1.71455873987174 -55.331844627359274
3.2094799267294922 2.94103525190299 1.7123435945967238 -55.33262498147107
3.200719822775425 2.9398985253834655 1.7101150525412192 -55.332906394031
3.1919948298218257 2.941015283813947 1.707989795235979 -55.33089860320861
3.183307938842071 2.9458900925276597 1.7060621258248247 -55.325116451046696
3.1746613971522604 2.951467970993665 1.7043088097506192 -55.318599774773794
3.16605682322379 2.9539027325756053 1.7027076967511108 -55.31518150684097
3.1574951139897562 2.9533552270860794 1.7013368149174743 -55.314731629678064
3.1489756338464456 2.9515907862857516 1.7002741774674224 -55.31552960426735
3.1404960255569145 2.9497335566304064 1.6995840958609474 -55.316483024762434
3.132052761447476 2.9481346809390265 1.6992938807491793 -55.31726042698511
3.1236413958779554 2.9467509664473566 1.6994078618346489 -55.31791792022259
3.115256669546606 2.945667239654226 1.6999133435788725 -55.31838083776807
3.1068926823648306 2.945013658056972 1.7007802303532928 -55.31852507581215
3.0985431319291408 2.944934983845817 1.7019530306105994 -55.31820537466896
3.0902017330679277 2.9467054012001435 1.703337259973954 -55.31614043786622
3.0818630673033787 2.9497423322548646 1.7048414689423292 -55.312895256081056
3.0735223844267128 2.9525782523732653 1.706391096384213 -55.309922117286284
3.0651752104955414 2.952816183896529 1.7079328340125037 -55.309611118013684
3.0568166143506112 2.952676712726357 1.7093462620490603 -55.30973258289539
3.0484432432978963 2.9523522345787825 1.7105551875226714 -55.3100788383645
3.0400527714634564 2.9515953319772787 1.7115114849975213 -55.31087720749631
3.031644019331641 2.9499160879786896 1.7122000964043802 -55.31259470247141
3.023216853829826 2.9478481478008622 1.7125991560180458 -55.314671346714334
3.0147729743031215 2.9455571954485427 1.7126719695620263 -55.31691883375446
3.00631581615302 2.942977278027055 1.712408210929948 -55.31938752082146
2.997849652018236 2.9402075015074587 1.7118109486474686 -55.32196712288271
2.9893793714211614 2.937516284662265 1.7108923547749941 -55.32438227129391
2.9809103162144406 2.9348963998558983 1.7096709942379766 -55.326637353774785
2.972447989876216 2.9324048444445014 1.7081758420394255 -55.32867663186709
2.963997840060864 2.9300435154967315 1.7064443481911302 -55.33050251602276
2.9555650661912165 2.928125137648034 1.7045301273653595 -55.33181025962108
2.9471545200263 2.9265973648013968 1.7024881256178062 -55.332660141838936
2.9387704978418587 2.925194116171382 1.7003791045381387 -55.33332535569362
2.9304167539508654 2.9244638714001017 1.698285384417277 -55.33326945428895
2.9220965748770498 2.9269574875569746 1.696328983841753 -55.32996626786024
2.913812786386021 2.933165589690639 1.694564631788499 -55.322935913041356
2.9055673876862915 2.9380418305749085 1.692931049434098 -55.317197885296174
2.897361521257176 2.9395251874966517 1.691462012186662 -55.31482064484611
2.889195166463154 2.9388600385607853 1.6902383878064782 -55.3145986775582
2.881066798164198 2.9370652107309545 1.6893236475078888 -55.31554670644353
2.872973566635043 2.9354744971931788 1.6887662219508526 -55.31635959940607
2.8649116609850918 2.9340906035888983 1.6885770081082894 -55.31704838679971
2.8568764187760887 2.9329691535802542 1.6887505826153524 -55.31756882543748
2.848862450966555 2.9322796774189133 1.6892638082760785 -55.31775985825171
2.840863826349686 2.932169622319347 1.6900741218130488 -55.31747557031566
2.8328745044301087 2.9331708692887326 1.6911117009780314 -55.31617891616176
2.824888944993746 2.9354131986560574 1.692288168388786 -55.31372761045623
2.8169023101220017 2.937953433330635 1.6935277904064296 -55.31105079171376
2.8089101062656097 2.93959539810111 1.6947643103292431 -55.30933487437024
2.8009078832997356 2.9397200280418394 1.6959303829203514 -55.30919317036741
2.7928914175858788 2.939704554388563 1.696944796175613 -55.309237656146394
2.7848578733888147 2.9393439552194978 1.6977618033505935 -55.30965771672918
2.7768053550151963 2.9385757353618893 1.6983580975713477 -55.31049525257493
2.7687332128470112 2.9371615326398746 1.6987305394908188 -55.311965370603005
2.7606420441277764 2.935128047102564 1.6988536523283877 -55.314020492876466
2.7525339501881176 2.9325383317411813 1.6986981702434212 -55.316580858717984
2.7444122225305887 2.9296676236390504 1.6982610737186188 -55.31935818032627
2.7362810410024765 2.926764429242644 1.6975536546408294 -55.32209337157979
2.7281452793956524 2.923952624286299 1.6965869903896051 -55.324656223767086
2.72001023328838 2.9212813007137703 1.6953746617447696 -55.32699557714697
2.7118813463205496 2.9187978546736444 1.6939373142930847 -55.3290658513311
2.703763979461484 2.9165582502282077 1.6923042242740933 -55.330816067329856
2.6956632243817604 2.9147324238372794 1.690516696514073 -55.33208404428711
2.6875837596928993 2.9132393170204036 1.6886222484542337 -55.33295882001665
2.679529689063566 2.912134175373058 1.6866817539676167 -55.33339409366446
2.671504586455083 2.91218499170216 1.6847735170034706 -55.33263443113348
2.663511584534872 2.915667666848036 1.6829970439231776 -55.32842592939005
2.65555333701624 2.9224722533157785 1.6813878499932322 -55.32088462857648
2.6476315716184793 2.9266115204561154 1.6798834524212654 -55.31596920005545
2.639746702185478 2.9273141440513113 1.678557607892957 -55.314472199899484
2.631897774911803 2.926422681909007 1.6774828674566133 -55.314592244716565
2.6240825402275685 2.9248576482783215 1.6767142766029624 -55.315436613469764
2.6162977187897094 2.923533402674129 1.676281127479718 -55.31611185722371
2.608539224744345 2.9224336463687397 1.6761846925268085 -55.316645658894004
2.6008021985437244 2.9216985186917204 1.6764103813238371 -55.31690741470975
2.5930811594395062 2.9215243596966483 1.6769245512328057 -55.31670491881151
2.5853703619996375 2.9218548085523803 1.67767337032866 -55.31609138816505
2.5776641699745784 2.9233244665872933 1.678577737633033 -55.31442434456481
2.5699576703851172 2.925485307584739 1.6795648001400785 -55.31213945700874
2.562246364802039 2.9271676681531824 1.680573670007834 -55.31039639078006
2.5545257336392457 2.927739492990632 1.6815487603677919 -55.30982138856238
2.5467914111459433 2.9280913549711713 1.6824220865823758 -55.309515662990876
2.539040143778133 2.9282784752170863 1.683151489611547 -55.30941189651937
2.5312695184401033 2.9279028177307485 1.6837150066043463 -55.30989255368332
2.523477970278044 2.927425632543169 1.684110622016409 -55.31047458596681
2.5156655235633627 2.926085603129505 1.684334805884036 -55.31189898520697
2.507833170855373 2.9240576483716056 1.6843549110805511 -55.31397457696009
2.4999831690458842 2.921175171313373 1.6841440253853432 -55.31685505080548
2.4921186196530125 2.918199191478016 1.683699003268997 -55.31976774805936
2.484243761783819 2.9152767605212007 1.6830264087738211 -55.32255566131353
2.4763635278155993 2.9124950538090664 1.6821274772481283 -55.32512616650058
2.4684832405544648 2.909878563221885 1.6810053229766135 -55.32745364223848
2.460608314317151 2.9074663000988243 1.6796725561151964 -55.329501795892405
2.452744020421837 2.905334677533513 1.6781531548167883 -55.33119998382656
2.444895310934286 2.9036117102450563 1.6764837821442085 -55.33242820660554
2.437066672274091 2.902211691360647 1.6747108234111827 -55.333280248719255
2.4292620012250103 2.9014125008452423 1.67289764099166 -55.33348812238576
2.42148469721982 2.902352469995945 1.6711242514102584 -55.33192702596728
2.4137377978303354 2.9067907093372396 1.66947023770278 -55.32685498000501
2.4060238302756956 2.9135162386108497 1.6679508675400658 -55.31948208228674
2.398344188074722 2.9165652348595965 1.6665274385248572 -55.315750089580355
2.3906983891913454 2.916866875755669 1.6653018601538951 -55.3147641394199
2.3830847301452014 2.9157502539179445 1.664339380117624 -55.31522851451234
2.375500475471489 2.914466755336698 1.6636855879713566 -55.31591672434302
2.3679421386354007 2.9134005352445795 1.6633535041442107 -55.316459019197545
2.3604054938017986 2.9126278901027502 1.6633359976136388 -55.31678897925072
2.352885627713732 2.9123002353073644 1.6636091263463322 -55.31676172503167
2.345377175786626 2.9125082062418803 1.6641296917408799 -55.31628720537389
2.337874676933188 2.9132441067931127 1.6648352773882227 -55.31536787254192
2.330372912222041 2.9149529206819667 1.665654462284356 -55.313550064200655
2.3228673477164565 2.9164718371216893 1.666528744332944 -55.31198660920713
2.3153533323168425 2.917312187860504 1.6674015395618456 -55.31115992235099
2.3078264024974784 2.918016901789904 1.6682133926554545 -55.310520099510896
2.3002829691176756 2.9185920724242527 1.6689192556095804 -55.31005140731058
2.292720132950737 2.918745451380695 1.6694952415525819 -55.3100340782434
2.2851356766318287 2.91847027600842 1.6699310876288607 -55.310458381762984
2.277528524589064 2.9181286680492597 1.6702329180112592 -55.310941773992724
2.269899172251398 2.9168661449840307 1.6703824953598903 -55.312323331746775
2.2622487207555975 2.9148632347345425 1.6703466579799267 -55.31440914927965
2.2545794056725916 2.91202751294616 1.6701001073181956 -55.31728060148781
2.2468942641825436 2.909087993438459 1.6696372745075676 -55.32019859309915
2.239197495198547 2.9062343471211407 1.66896320540415 -55.32296472628708
2.231493995586188 2.903535540589203 1.6680785246082408 -55.3255051545124
2.223789028321582 2.901018032319048 1.6669851296024283 -55.3277926200338
2.2160879305178183 2.898706790054029 1.6656938864685458 -55.32980494171698
2.2083958774977983 2.8966851278217325 1.6642278412549945 -55.33146449971202
2.200717720505706 2.8950777710138498 1.6626222846499394 -55.3326542527185
2.1930578567112526 2.8938422482843142 1.6609232476535558 -55.33342450592874
2.1854201135471416 2.8932553145804913 1.6591916205442714 -55.33350773648789
2.1778078408017714 2.894654791185842 1.657501797377718 -55.331579997228474
2.170224108263397 2.8996658560930895 1.6559234590208183 -55.326030592972714
2.162671516590201 2.905763185075507 1.6544513505689764 -55.31937684302561
2.155151091293853 2.9083215642872573 1.6530855755987512 -55.31623488241972
2.1476616921695135 2.908490090903238 1.6519203927415194 -55.315490232557224
2.1402011528184945 2.9074897530272454 1.6510184810805661 -55.315951756974655
2.132766440728488 2.9064582608746794 1.6504162631021928 -55.3165024994535
2.1253539583938057 2.905645622114571 1.6501196607889221 -55.31690413928818
2.117959416186356 2.905178481269531 1.6501165643512679 -55.317038427897856
2.1105779230871256 2.905225775911856 1.6503769436588442 -55.31674018738693
2.103204306844415 2.905716694549946 1.6508524439971182 -55.31607834985926
2.0958333365255863 2.90665352630057 1.6514844311143972 -55.31504487481084
2.088460041071043 2.907849808725876 1.6522120864840233 -55.31381860983143
2.081079736622535 2.90893662120348 1.652976649725187 -55.312760953950146
2.073687974043498 2.9099398537642505 1.6537247260194798 -55.31183910203354
2.06628082306403 2.910825584598253 1.6544094041846744 -55.31107952582926
2.058854883848105 2.9115512989497896 1.6549978565356487 -55.31051485158802
2.051407454997762 2.911717515216698 1.6554761127181803 -55.310532699440245
2.0439364597296743 2.911613975744011 1.65584195876297 -55.31082688694362
2.036441236132511 2.911385465737143 1.656103332642933 -55.31123455688274
2.028922496555704 2.9101977942781145 1.6562362820683063 -55.31257786691805
2.02138131594633 2.9082115506856687 1.6562055607001736 -55.31468523329064
2.0138198232917444 2.9055194248087877 1.6559834007059484 -55.31745434943083
2.0062410420906427 2.9026206198557643 1.6555569475826535 -55.32037770883764
1.9986490350020931 2.899837751617377 1.6549251632996018 -55.32312555801367
1.9910486226900828 2.8972236354232765 1.6540874115951276 -55.32564070665065
1.9834449700677248 2.894806201664748 1.6530444576441354 -55.32789462886407
1.9758433070759314 2.892597312483308 1.6518060781525479 -55.32987814991151
1.9682486911459145 2.8906831403015136 1.6503951676236501 -55.33151048961789
1.9606658639879784 2.8892005828704743 1.648846889769911 -55.33266190044735
1.9530991489488732 2.8881224844725564 1.647207317974975 -55.33336674975479
1.9455523222394928 2.8877073607622536 1.6455353342915102 -55.333374863865465
1.9380287097761215 2.889292392133838 1.6438986718069197 -55.33136192658876
1.9305314450191413 2.8945491448747944 1.642362198440737 -55.325668886906264
1.9230633314129657 2.900040296462118 1.640910484059631 -55.31972078070849
1.9156249953885405 2.902416303689708 1.6395740700226884 -55.31686804570793
1.9082148331265092 2.902694436690879 1.6384372035137564 -55.31612529041423
1.9008303603815335 2.902008907963625 1.63755215528693 -55.31638477356599
1.8934684037087106 2.901211473708778 1.6369465994243737 -55.3168123611238
1.8861252598251566 2.9006755971420164 1.636623775969455 -55.31704528937192
1.8787966632800002 2.900539492961293 1.6365675759514808 -55.31695149358623
1.871477871642393 2.9008875558516656 1.6367440251476326 -55.31644807334717
1.864163928581974 2.9015970821309165 1.6371062400462513 -55.31565495630382
1.8568498008859398 2.9025678755420934 1.6376022900759133 -55.31466672872641
1.8495306370418072 2.903655720561722 1.6381775695759666 -55.313620982531845
1.8422018573668881 2.904816350842015 1.6387789605323986 -55.312555025171704
1.8348593145668557 2.905983624006815 1.6393619024297714 -55.31152798372718
1.8274993119555416 2.9070416543869806 1.6398901308150549 -55.310647731367915
1.8201186529060531 2.9077876646182816 1.6403419927394391 -55.310107339570855
1.8127147362160707 2.9079719647826097 1.6407106589601912 -55.3101445498995
1.8052857454944304 2.908030777606444 1.6409983436271578 -55.31030762423128
1.797831443023957 2.9078006371529135 1.6412028009890243 -55.31074654844558
1.7903524830386084 2.906620842709928 1.6412971085942356 -55.31211231215455
1.7828498528717596 2.904689675985427 1.6412449285305437 -55.31419756116488
1.775325605903233 2.9021390132610394 1.641015300623612 -55.31686261374025
1.7677826844660463 2.899235819207798 1.6405893117014443 -55.31983423520845
1.7602248909873273 2.8964769457729265 1.6399616046903738 -55.32261019790865
1.7526569157518352 2.8939007764903666 1.639133140335692 -55.32514811855354
1.7450837814693831 2.8915390854253387 1.6381055927038077 -55.32741559794702
1.7375105866007328 2.8893888541717967 1.6368887248819253 -55.32941795513854
1.7299422609062742 2.8875365184565 1.6355055632909818 -55.33107355278994
1.7223834460805492 2.8862754318592367 1.6339924137666377 -55.3320956450381
1.7148385047566264 2.8853672680189675 1.6323911095484587 -55.33272792644893
1.7073111538647945 2.885061060083584 1.6307539542101213 -55.332729434357304
1.6998046710866876 2.8866412710285263 1.6291424869092153 -55.330827226939725
1.6923222566887726 2.8919886820405787 1.6276189613411551 -55.32515139096309
1.6848670631835823 2.8967706700652753 1.6261626843690455 -55.320018434422146
1.6774391616813134 2.898932556896059 1.6248307265294666 -55.317492293872164
1.6700365973129756 2.899355650559834 1.62369937612714 -55.3167201199037
1.6626566801469496 2.898854418404233 1.6228075705740357 -55.31690967613217
1.655296080886915 2.89832444059496 1.6221754210282686 -55.3171815606786
1.647951102274796 2.8981023820402103 1.6217997749394162 -55.317208115572946
1.6406175454926308 2.898269748245437 1.6216591311169972 -55.31691170604677
1.6332908067640852 2.8988505673925924 1.6217185588030576 -55.31626853650691
1.6259660743723419 2.8997615581494665 1.6219353104891556 -55.31535831297809
1.6186385144226152 2.9008271144287163 1.6222627171045165 -55.31435105578787
1.6113033967098351 2.9020140546064117 1.6226511135452013 -55.31327373261604
1.6039563491782332 2.9033033664509875 1.6230557025147738 -55.312138586484
1.5965934503236507 2.9046219700278026 1.6234393093941755 -55.31101151398349
1.5892112339165099 2.9057520211630568 1.6237770658711024 -55.31010225105728
1.5818066475354469 2.906398308119352 1.624057979901398 -55.30969684499757
1.5743771696325926 2.9066458357924065 1.6242793068421788 -55.30969875129547
1.5669214321377651 2.9068501188786775 1.624443631402434 -55.30973892058475
1.559439544956778 2.906614125198984 1.6245394172900052 -55.31020501286523
1.5519320295681955 2.905436694755924 1.6245383123012298 -55.3115907689994
1.5443997586956717 2.903572407367361 1.62440339895418 -55.31363473452839
1.5368447273426418 2.9011555120256545 1.624100731368918 -55.31619693157775
1.5292697770148742 2.8983836313805553 1.623608088375074 -55.31907537628901
1.5216785386286276 2.895632549934957 1.6229167465788674 -55.32189090520854
1.5140754365166202 2.8930862830001454 1.6220277105625884 -55.32445691445131
1.5064653318988346 2.8907709859017787 1.620946399545165 -55.32674661260687
1.4988531699472032 2.88867506756165 1.6196845654002023 -55.32877343327607
1.4912437403581686 2.8869029402415114 1.6182661864209709 -55.33043701385167
1.4836415995126984 2.885861043512254 1.6167278679915378 -55.33133647935114
1.4760511964494227 2.885123633655465 1.6151071312202379 -55.33190104566935
1.4684761851929826 2.8849087097574615 1.6134489480950476 -55.33192016567123
1.460919797912301 2.8864664624958225 1.6118081108967302 -55.33015366085249
1.4533853610799796 2.8917896530458282 1.6102409683935717 -55.324616832395364
1.4458765025916855 2.8957521116712797 1.6087259971142056 -55.32041666238463
1.4383925049340593 2.897881132267928 1.6073447302817598 -55.31804288145748
1.4309313545702504 2.8985330386876003 1.6061604655550366 -55.317161535026415
1.4234901762612198 2.898212223851365 1.6052004531237551 -55.317286966361245
1.4160654143742586 2.897968872430692 1.6044777909189165 -55.31738403756111
1.4086534446028818 2.898034555575583 1.6039819994623004 -55.31722774032023
1.4012501748234785 2.8984777738774965 1.60368872424393 -55.31675160464539
1.393851175664431 2.8992721874757867 1.6035647934878947 -55.31598081979923
1.38645180473851 2.9003047808473275 1.6035707572569322 -55.31502428181257
1.379047380138803 2.901475914285329 1.603663267788798 -55.313976209361236
1.3716333805738288 2.9027526724901933 1.6037993371627641 -55.31286340605061
1.3642056496285189 2.9041599430255576 1.6039408061144445 -55.3116545096357
1.3567605225715158 2.905605973602397 1.6040559603458937 -55.31043398019758
1.3492947735256786 2.9067368426331326 1.6041304429491494 -55.309548070432626
1.341805404098514 2.90737954668851 1.6041614582234414 -55.3091614166088
1.3342901107109666 2.907761949806821 1.6041509908426594 -55.3090363729351
1.3267479113396892 2.9079893554747285 1.604096585841089 -55.30905812201538
1.3191788618643334 2.9077908635039376 1.6039854188598965 -55.309490606234824
1.3115834417389134 2.9066434538586847 1.6037912613720298 -55.31085184125022
1.3039623110186513 2.90484933688049 1.603476391809108 -55.312835649627246
1.2963173288532817 2.902541309711041 1.6030036355513329 -55.31530599186453
1.2886511635184084 2.8999412288701882 1.6023463408275804 -55.318038760801876
1.2809673080185207 2.8972305809497816 1.601491311583767 -55.32085113464055
1.2732698561766935 2.8946865439069387 1.6004368713102706 -55.32346537590356
1.2655634418625523 2.892389815162501 1.5991911347532017 -55.325800737858415
1.257852849923828 2.8903331855617105 1.5977687621249848 -55.32786587620802
1.2501427402793928 2.8887813781318235 1.5961954216036212 -55.32939930866532
1.2424377523499914 2.887932136444125 1.5945047463311515 -55.33020643498295
1.2347423489134333 2.887372644678086 1.5927288990633628 -55.33070266139764
1.2270601343394252 2.8872595639663796 1.5909077083050498 -55.33073755408946
1.2193942941385656 2.888637425204394 1.5890890710480559 -55.32927419783099
1.2117482166781213 2.8936114112936773 1.5873250674859614 -55.324212218979
1.2041261246513313 2.8967916843659474 1.5856013544840548 -55.320920637651255
1.1965264778716018 2.898702602880568 1.584012334235228 -55.318895221881036
1.1889473070687833 2.8997788623094505 1.5826152722592295 -55.317719000914266
1.181386001051719 2.8997302217663488 1.5814270483408917 -55.317694458752484
1.1738386521965494 2.8997763454628154 1.5804575164738577 -55.317615676855574
1.1663017625864665 2.900108055877889 1.5796919286581594 -55.31729552959922
1.1587714545520775 2.9007866339026935 1.5791034667857726 -55.31667276113971
1.151243572900956 2.901732127804505 1.5786580099200755 -55.315824866355634
1.1437136949830167 2.9028526986769405 1.5783164463257227 -55.314839325336784
1.1361773635500145 2.904095191985409 1.5780376603045627 -55.31376397063971
1.1286303269847013 2.905463765244991 1.577782268286798 -55.31258885025791
1.12106873038028 2.9069470809754927 1.5775153709139094 -55.31131896770091
1.1134891765374646 2.9083825931500566 1.5772106954342406 -55.310110109918746
1.1058885862178258 2.9093689739048227 1.5768612150419854 -55.309357234125486
1.0982639704052597 2.9100076091186353 1.5764676209281765 -55.30895287287264
1.0906134442083786 2.9104369794176312 1.5760324556597152 -55.30875174782491
1.0829362661214743 2.9106549542611746 1.5755501474000138 -55.30875000387539
1.0752324612206328 2.9104426295781036 1.5750069034006726 -55.30916221846077
1.0675024447785408 2.909332075327456 1.5743778099434 -55.31045404339984
1.0597467232875095 2.9076401607972926 1.5736250055427499 -55.312308625501586
1.051967047493062 2.9054641465488653 1.5727109029531523 -55.31462892689848
1.0441658575950956 2.9030784824660447 1.5716077782968159 -55.317141250349465
1.03634651633937 2.9006280483993576 1.5703016438031194 -55.31970168886642
1.0285129275492593 2.898282462209153 1.5687908243851678 -55.322142094735554
1.0206694087706245 2.8961864024313835 1.5670839271346222 -55.324319429641584
1.012820493166475 2.8944637985852384 1.5651988979871634 -55.326111541998436
1.004970743713877 2.893283059265697 1.5631618580346711 -55.32735190425671
0.9971246803102255 2.8927305318476977 1.5610028977124737 -55.327955659420226
