7.887195064666233 1.4098888763118735 2.1352746601409085 -38.19155210537063
7.819898634337832 1.4062467106829837 2.1279509195212114 -38.19180285922838
7.752658259952266 1.4012305197592139 2.121121278460326 -38.19268386588815
7.6854645217415865 1.3950438957884124 2.1149428919968796 -38.19415907015331
7.6183061174350515 1.3912485611080767 2.1097054758044393 -38.192956266262215
7.551169383100467 1.3876192890978991 2.105364551174581 -38.19140930464536
7.484052010903423 1.382635919965984 2.1019716402629363 -38.19113461957768
7.416949291833875 1.3777589003668336 2.09960579322531 -38.19085092037294
7.349849711852774 1.3793923688869145 2.0982938204113784 -38.184482613190866
7.282741080551144 1.3827584466442315 2.097736281248199 -38.17670968512809
7.215619144687132 1.3794791428918765 2.0976497703809276 -38.17571808540835
7.148488428546862 1.3748504273434388 2.097726460516695 -38.17641593905434
7.081350756342783 1.371408279982631 2.0975716810579814 -38.17633255427107
7.014195693713234 1.3687329473946674 2.0968672321253923 -38.175931304078375
6.9470135139631175 1.3652638406656599 2.095372822206018 -38.17684145420858
6.87980334227253 1.3595104825242368 2.0928997308502537 -38.180622390539675
6.812571543443419 1.3526966667294629 2.0893435992611455 -38.18609088378553
6.745326913036208 1.3469479193183218 2.084692104872222 -38.191077623514964
6.678083733718672 1.341662985997612 2.0788271773218407 -38.196093768211625
6.610862502364364 1.3371060323315493 2.0716291858516973 -38.200739480157864
6.54368727721765 1.3330630577716718 2.0628915968487727 -38.20505149617122
6.476584993379111 1.327332363954295 2.052201057082342 -38.21102836023191
6.409584798967077 1.3220534915734834 2.039595613247947 -38.21625220639663
6.342713013299281 1.3201766102033408 2.0254126937081334 -38.21753574327356
6.275990780096668 1.3173851661216212 2.0090284212360934 -38.21904564560273
6.209445241433568 1.3112948205394674 1.9899523187655896 -38.22298297226345
6.14310815285794 1.301961919058701 1.9681040500276907 -38.229150060900295
6.077008506793222 1.2914798232348432 1.943961116875132 -38.23545625232304
6.011169571257553 1.28438961093958 1.9188258395790623 -38.2376067758153
5.945598616188156 1.278925665939759 1.8926302169873435 -38.237496321874495
5.880304354622355 1.2805235588790391 1.8671533562167444 -38.23014001522826
5.815275906472361 1.282900460224564 1.8411288266721255 -38.221729326144036
5.750511862859338 1.2785750690661861 1.8128598662876394 -38.2195254848374
5.686025003344152 1.2774514029663115 1.7854686790806875 -38.21429724741809
5.621794920316577 1.276761955315689 1.7585061589536488 -38.208822040213015
5.557804344693113 1.2765100555410676 1.7323106166738986 -38.20325512092983
5.494035152841936 1.2749101509375085 1.706760826291516 -38.19944362154227
5.430474585484916 1.2751166045252622 1.6829697841726923 -38.19446032932867
5.367105688597235 1.2751138692151451 1.6606968245572644 -38.19028110939029
5.303917736737022 1.2597609136960766 1.6370809936449808 -38.20171288750552
5.240925020710417 1.2336919618927116 1.6139822109025106 -38.22443689666806
5.178119181527964 1.2050087833628167 1.5935070697682456 -38.250523109384204
5.115474773441074 1.192093280991964 1.5784487442947894 -38.26156647776673
5.0529454362257535 1.1852141964031853 1.5668383835246478 -38.26695959552786
4.9905030008589835 1.1888286538939667 1.5585329922413376 -38.26207440946365
4.928121651033509 1.1951691944961023 1.5521910568528328 -38.254550075612265
4.865787753892049 1.2000712334686385 1.5469862210901644 -38.24848482889677
4.803491192658195 1.2024596535929346 1.5423251167017313 -38.24492018395715
4.741222778169676 1.204487571692566 1.5377865836433606 -38.241697052993594
4.678973902172725 1.2067741931423916 1.5330638567610981 -38.23820835468175
4.6167405950386335 1.2083148486882205 1.5279368403505948 -38.23546902916467
4.554523987134882 1.2097500179694043 1.5223782017515903 -38.232838682560676
4.492329620476355 1.2107499878256403 1.516355881043435 -38.230637681478825
4.430165232139008 1.2082151004474704 1.509677241877778 -38.23194708722123
4.368042376521716 1.206900840036945 1.5026900445285332 -38.231993860896374
4.3059710032788985 1.2090419730196367 1.495588338371432 -38.228536137683015
4.24396107995244 1.2130833643604926 1.4882462680422393 -38.22311462114391
4.182026226418231 1.2163221166788152 1.4803774840716692 -38.218397739678025
4.120183944096621 1.2177886187456086 1.4717354433615175 -38.21531831669794
4.058448987530722 1.219331022474773 1.462271797142359 -38.21203671735679
3.996831921862274 1.2192512934075668 1.4516329256415192 -38.2102481605212
3.935345259706683 1.2180502436944574 1.4397804244527075 -38.2094783008698
3.8740010542551024 1.2171147263695228 1.4268747407771392 -38.208390951366894
3.8128077151015676 1.2147761912680899 1.4127364313421984 -38.20869116135957
3.7517738261265574 1.2112984496411914 1.3974692200743835 -38.21019587126512
3.6909050701090766 1.208896369173344 1.3814814793015144 -38.210810504060646
3.630199930488202 1.2076867074932522 1.36490607845875 -38.21051675041995
3.5696539605033206 1.2069536952613482 1.3477571490902573 -38.21012234963086
3.5092620287662566 1.2064467892088715 1.3301507608550427 -38.20996720043935
3.449018377582244 1.2059601058608638 1.3122482815427476 -38.21033364498479
3.3889167816114982 1.2077442681789206 1.2946963819018358 -38.20898423132454
3.328946659377894 1.2114469139198298 1.2776608951756339 -38.20625822300463
3.2691001273452573 1.2146895475881179 1.2610546801772893 -38.20451149856882
3.209373273511569 1.2171225044767802 1.245216745797225 -38.203986963104384
3.149759837630559 1.2118900998853759 1.2294721770053654 -38.21160331158758
3.090258017801769 1.2091395948279862 1.2156920815940186 -38.216710103712586
3.03085416264689 1.2158825976325922 1.2047573197338202 -38.21187254618217
2.9715295865153735 1.2219525329531649 1.195247442227496 -38.20739195484362
2.9122759299529153 1.2268072617883565 1.187032716501731 -38.20368053896715
2.8530850427672143 1.2300525219261884 1.1799877618296475 -38.20104307852207
2.7939498179080373 1.2312955642063041 1.1739544149587866 -38.19983530346696
2.7348644205971326 1.23070041652646 1.1687717282481032 -38.19991688340108
2.6758241967567513 1.22888237559782 1.1642808349956082 -38.200754912207465
2.6168262548917833 1.2259335026333988 1.160250373678579 -38.20237136289734
2.5578695823207735 1.2226076663523837 1.1564926787197012 -38.20412478686681
2.4989545485008873 1.2197888786215363 1.1528384936193274 -38.205230082978645
2.4400821711532314 1.2169508109320775 1.149096724604594 -38.20628973444924
2.3812547768301506 1.2136519298776614 1.1450723228849864 -38.20780872417764
2.3224756935095687 1.2095972472504537 1.1405875402783736 -38.21012635437545
2.263749285955512 1.205211933418673 1.1355640150823443 -38.21284829046483
2.2050802229043573 1.2008562118875206 1.1299813096811362 -38.2156280826295
2.146473180405558 1.1968561148471664 1.123862524769692 -38.21814429955587
2.0879326259748936 1.1934624058908079 1.1172602323673724 -38.2201475940436
2.0294626237252893 1.1903232089133806 1.11021293376972 -38.22198677360221
1.971066951599753 1.1874596319304553 1.102801651055419 -38.22364529874093
1.9127486451409432 1.1851928505070308 1.0951428127141332 -38.22481972934741
1.8545095719352394 1.1843556878076538 1.0874031657065746 -38.22471547172582
1.7963499210205558 1.1823116427451958 1.079529628260438 -38.22598761008112
1.7382699165168152 1.1800524561967214 1.0718167895793462 -38.22770281514114
1.6802669047916805 1.1782368045374345 1.0645520989038457 -38.229273690660484
1.6223356250824048 1.1769974347376546 1.0579145585031422 -38.23064928627819
1.5644691775752337 1.1772319574524686 1.0521009404355555 -38.23100081305172
1.5066592051302168 1.1786237190444138 1.0472084455516524 -38.23068037135418
1.4488967752736803 1.1808417432205092 1.0433061662865046 -38.23004320166746
1.3911725428084187 1.1836094877317749 1.0404350517168368 -38.229379355852835
1.3334769895468856 1.1868102887876426 1.038607455009475 -38.22880458884047
1.2758008598940822 1.190496925149041 1.0377961699018912 -38.22825947265709
1.2181356952655369 1.1947400233226229 1.037924163992558 -38.227672227762845
1.1604743238059765 1.1994438115016182 1.0388714961153236 -38.227149373303256
1.1028109432787323 1.2047713107078521 1.0404952635503864 -38.22654417653352
1.045141733924636 1.211463530838217 1.0426051625252033 -38.225130498955615
