7.815760954177065 -0.45987922205315945 1.8340771336232087 -46.265430584754434
7.758830006567833 -0.46218043655062463 1.836910039117551 -46.26651942476374
7.701892881985631 -0.46445099688630276 1.8386539104890411 -46.267529595771116
7.644942718523099 -0.46637669548930216 1.8393696579541605 -46.26814754728877
7.5879733384744075 -0.467948787772837 1.8391706744364742 -46.268371180232954
7.530982707833777 -0.4693526090345403 1.8382044387574736 -46.26839663673144
7.473972107074751 -0.4683443607291986 1.83669724550463 -46.26599424288055
7.416944542769633 -0.4671026062561334 1.834796993788907 -46.26335453157025
7.359906502825499 -0.46827336209591075 1.8326211754491573 -46.26313615886994
7.302864473825852 -0.4703650097090137 1.8304453569866606 -46.2638705341975
7.2458225717608595 -0.4702473659454567 1.828599374774363 -46.26246990968796
7.1887753994436006 -0.46699049431686385 1.827359373869702 -46.258044125509365
7.131717777436159 -0.46686673327572564 1.8268731713445452 -46.25692798095312
7.07465523207203 -0.47136032901099106 1.8274618288800648 -46.26065611753931
7.0175983055710836 -0.47868115122499394 1.8294701081798246 -46.26746452626782
6.960555668540523 -0.4855821934012682 1.833090060499501 -46.27410522894891
6.903533447588332 -0.49155866173202184 1.838434109352144 -46.280084492132026
6.846540604987538 -0.49594470680355035 1.8455170487551975 -46.284733836332315
6.7895876812288 -0.4981991352409677 1.854253059370988 -46.2875036121038
6.7326868710124605 -0.4994107543239804 1.864618144936529 -46.28950112816055
6.675854855204623 -0.4995144783902265 1.8764749735681594 -46.29065534066902
6.619110880504421 -0.4946732161949105 1.8891324380939383 -46.28701693153185
6.562470290278451 -0.48853040502849104 1.902755036519174 -46.28229706739563
6.505957142868648 -0.48239324665780137 1.9171794288278974 -46.27782843033747
6.4495981718942375 -0.4717469959733855 1.9312938588003548 -46.26895359927157
6.393404875768492 -0.4606837109635615 1.9452747290664394 -46.25991586131015
6.337390793834713 -0.45638593980036807 1.9597869259330711 -46.25821065710421
6.281579310131071 -0.4542636387453077 1.973593538200614 -46.259136785323314
6.22597116516165 -0.4498932185102333 1.9855472757768422 -46.258125336258885
6.170549197224916 -0.4444550286799452 1.9954173719674946 -46.256426268814224
6.115296668334441 -0.4386800938992824 2.003106900078176 -46.25479043684236
6.060200158931225 -0.4326632312626603 2.008543460200548 -46.25328310061112
6.005247719964359 -0.42668172787233516 2.0117347086409905 -46.25214855891265
5.950429301648425 -0.4211204283296844 2.0127569629235107 -46.251737732965
5.895736664388182 -0.41558539849194465 2.011761259942254 -46.25156013832859
5.8411611807938515 -0.40939122741343204 2.0090152516820177 -46.250801958111396
5.786694336924888 -0.40216053793320744 2.00488805868594 -46.248962364426205
5.732330980938072 -0.394598298668411 1.999733320196802 -46.24668185058238
5.678069241218627 -0.3858913960995417 1.9940423192316907 -46.24292773997004
5.6239085398704285 -0.3810237069008947 1.9878641825647752 -46.242858801371256
5.569854252182572 -0.37833770939219397 1.9817716339384985 -46.24459397793581
5.51590896749677 -0.3695075296978878 1.9768420646227594 -46.23932835504594
5.462068748659178 -0.3624752586778319 1.9730280957271262 -46.235491358758594
5.408332361452393 -0.35797389382828715 1.9707902150279524 -46.233939683386026
5.354694338012466 -0.3556443276607672 1.9705459755884172 -46.234395648676845
5.301147662212141 -0.3555840526147877 1.9726688543789839 -46.23705993469879
5.247686358837562 -0.3575325865394582 1.9774244633086098 -46.24174854569777
5.194306182023274 -0.35994550951936066 1.9848299391949726 -46.24691229515124
5.1410074272573905 -0.3641579008130836 1.994901688428047 -46.25396693770106
5.087795215328165 -0.36964648248334087 2.0074414709651207 -46.26239740499799
5.034676035728443 -0.37041276770632126 2.021408709876 -46.26598134026232
4.981648997730177 -0.36688966738328016 2.0363064611007493 -46.26514105045523
4.928713229740662 -0.3589799664925743 2.051472097503241 -46.259767213378524
4.875869468811978 -0.34349695525060914 2.06577382552976 -46.246569972033036
4.823120154982768 -0.3378664795680813 2.081482168335407 -46.24368937735806
4.770489406014769 -0.33583910186256005 2.096934285634479 -46.244761078855475
4.717982547768507 -0.3322522848122896 2.1106944427014 -46.24454339425721
4.665594801415482 -0.3284508989663115 2.122453407313968 -46.244556540269016
4.613321783014164 -0.3244215589389234 2.1319942804630294 -46.244859716801365
4.561160308952349 -0.3198939734959617 2.1391900348334114 -46.24521948968433
4.509109516583053 -0.3144086899431906 2.1440092075723296 -46.2451681408912
4.45717048613758 -0.30794007122622125 2.1465464001889476 -46.24466322297438
4.405345239089142 -0.30065590261709374 2.146969738110354 -46.243842762260485
4.353636200270612 -0.29241549999386324 2.145519096097246 -46.24248677912039
4.30204576819007 -0.28364821525689515 2.1425069275118602 -46.24096624132952
4.250577276046396 -0.2748958577126099 2.138294836263452 -46.23975849228424
4.199234851112898 -0.26645787201028853 2.1332834696932177 -46.23905149534866
4.148022272075488 -0.25806677658670546 2.1279116023464275 -46.23839419672826
4.096940917702096 -0.25025141811209245 2.122528953016899 -46.238259964240164
4.045992459671973 -0.2455218984769321 2.1173878947114186 -46.241334540497036
3.995182285921048 -0.23907169401866135 2.1131826571399377 -46.2423498305724
3.9445053331488706 -0.23003127598782042 2.1102703030814283 -46.24034694139708
3.8939523588999383 -0.2207235011306092 2.1087878714589556 -46.23778270594054
3.8435167337244662 -0.2118576280084665 2.1089313855551213 -46.23533322118987
3.793192553553912 -0.20399581020893984 2.110814842851712 -46.23353281249544
3.7429742999065727 -0.19789516828217085 2.114482852082093 -46.2331379293891
3.692857028979315 -0.19451129087643576 2.1199221521975793 -46.235120062847
3.6428361942804286 -0.19127133887322664 2.12682337344339 -46.23672298270538
3.5929040868030016 -0.1868276237494835 2.1347471438055012 -46.23655780825605
3.543052069559982 -0.1833517999097064 2.1434181612188703 -46.23695466202906
3.493275325928903 -0.18202529087821026 2.15253376265749 -46.23912317348516
3.4435669566249434 -0.1802042138711097 2.1615100151636444 -46.240291294023656
3.393915236138009 -0.17748751149486297 2.1699393633237656 -46.24005482077519
3.344310318649309 -0.17640696416076154 2.177649108018982 -46.2410175037277
3.294744960973916 -0.1754995474481109 2.184244955156336 -46.24169072822483
3.2452105260879196 -0.1746449190553682 2.189542723620474 -46.24204695168393
3.1957008457793346 -0.17363399939652957 2.1934776990307934 -46.24199798085104
3.1462117295810015 -0.17269432965575568 2.196110968603281 -46.24190750264333
3.096741179759957 -0.17169625363291888 2.1975686247000032 -46.241777021881205
3.047289413176509 -0.17022762307988418 2.198029309470411 -46.24130279633387
2.997858944641085 -0.16994324522984763 2.1977149973223007 -46.24225190344917
2.9484544202926397 -0.17135408298354254 2.1969169956781767 -46.24521853064171
2.8990808516764184 -0.17366815726208518 2.1959287392350175 -46.249481910777924
2.8497434199762006 -0.17520354560430165 2.1950011513537073 -46.25339081414393
2.800447303345583 -0.17451476084186474 2.194353847326912 -46.25548555896757
2.751197673538854 -0.17422283572692754 2.1941220305567817 -46.258474429868606
2.702001761111734 -0.17263954871880774 2.1944705574398053 -46.26057167669352
2.652865733742671 -0.1703428850317851 2.195515579878148 -46.2623010833224
2.603794605294761 -0.16698396139535523 2.197342556122766 -46.26321355289164
2.5547920118984067 -0.16339639072850323 2.199995431036086 -46.26409801780614
2.505861570106126 -0.159418204236014 2.2034396044226927 -46.264714709036845
2.4570060290481712 -0.15525354390428928 2.2075698786051223 -46.265207618825855
2.4082272142595484 -0.14921914038112627 2.212120551993434 -46.263736717778066
2.3595248089597907 -0.13751119589486024 2.216643671994212 -46.25623098831398
2.310895584841563 -0.1331159228180881 2.221456094736485 -46.25629757524377
2.2623432150615863 -0.1307167873592715 2.2260552066803525 -46.25822850594609
2.2138643685030606 -0.12886437948617363 2.230127758429123 -46.26038355497682
2.1654524295690485 -0.12736392937561525 2.23344398913042 -46.2624744790975
2.11709963398776 -0.12616353286492077 2.235857050581946 -46.26438903404393
2.068797886802593 -0.1250871552636362 2.2372931027943617 -46.26591013693135
2.0205390736412885 -0.12421826445367003 2.23774780212251 -46.267103803967984
1.9723153273417924 -0.12312350753711916 2.237276940674922 -46.26751419281248
1.9241189051607124 -0.12223939745128212 2.2359771925419656 -46.2675773570647
1.8759422963211765 -0.12180811169237066 2.2339686976677124 -46.26753989888367
1.8277780270494237 -0.12186451369184387 2.231394890091167 -46.267455697907046
1.7796188613045838 -0.12099315056394176 2.228457967488879 -46.26594408898593
1.7314584854105441 -0.11855945534215336 2.2253393872622755 -46.26243288690406
1.6832919103883597 -0.11812289088903782 2.2220757035990824 -46.26052654170383
1.635114104606725 -0.11994745801531562 2.218816256232784 -46.26055986242105
1.5869209083026425 -0.12228132637423217 2.215762057448297 -46.26088176712882
1.5387100454313916 -0.12544215395410205 2.2130260873341703 -46.261901028013725
1.4904805693913457 -0.12943403358178074 2.2107082541290795 -46.263716569679794
1.4422329776658804 -0.13364178916625258 2.2089025820088355 -46.2658169697827
1.3939695328068886 -0.13706510810009676 2.2076681369483655 -46.267282816478044
1.3456941533952729 -0.1399028660515757 2.2070310068774197 -46.268336077886836
1.297411428778776 -0.14233197690879582 2.206994752964035 -46.26915636266489
1.249126320235849 -0.1444494493900586 2.207536488008114 -46.26982838987168
1.2008438832173696 -0.14613866147872875 2.2085976646191043 -46.27020545817947
1.1525689144080604 -0.1477997355120144 2.21009664824818 -46.270639781514895
1.1043053957238007 -0.14903649057005083 2.2118916571281133 -46.27068390914109
1.0560569012621843 -0.14983385683960168 2.2137858742787593 -46.2702691613257
1.0078264985248488 -0.14819520737997374 2.2154920244063447 -46.26732227069335
