7.98483157758854 3.003461810811185 2.345591607568567 -29.101123456901654
7.879206252088178 3.0143556784990895 2.3480011703628727 -29.09773157899462
7.773436624234952 3.023652846102323 2.3488969029506293 -29.09463087127274
7.667537406924039 3.0299233091045967 2.3481161288873302 -29.093362136414626
7.561515470307409 3.0336755209266566 2.3454879097618613 -29.093381010094305
7.45537406388809 3.034979006877827 2.340941090817758 -29.094616231066354
7.3491149119136265 3.0335623595946015 2.334456112058184 -29.09734722427305
7.242739312758845 3.0295053432466843 2.3260605829753387 -29.10150229590564
7.13624888327532 3.0240344559767287 2.3158999494860595 -29.105893547969295
7.02964598808719 3.0199176277768514 2.3043293328369763 -29.107883286117755
6.922935375501145 3.0171165256082606 2.2915405358617837 -29.10761406400485
6.816131980491609 3.015552688267743 2.27771636936991 -29.10522717901035
6.709260364131772 3.0133250562509564 2.2628282064890226 -29.10255795505641
6.602354846603648 3.007907921486406 2.246710700101933 -29.101911267793035
6.495456740280661 2.997862532500103 2.2293139105820554 -29.104454514874583
6.388606627323141 2.9860591226306785 2.2112341768984356 -29.107378207946432
6.281843982721828 2.9705852764042966 2.192432272008463 -29.11230122779896
6.175210816888184 2.952831538518205 2.1733435759288757 -29.11787242363973
6.068746214025417 2.9327089537490925 2.154180082734407 -29.12413606768593
5.962485312733419 2.911571775481096 2.1352991238042627 -29.12986318521361
5.856458987673811 2.888850613338834 2.1167325812611466 -29.135516083481853
5.750700475984887 2.865137842945538 2.09865190835518 -29.140607480242764
5.645242202875735 2.839647020954578 2.081006889009335 -29.145899631633576
5.540116104181739 2.8146028623752453 2.0640287377916384 -29.149760279508527
5.435347938438311 2.794216436282109 2.0480555425373836 -29.14907753213113
5.330940717601977 2.776378324243681 2.032633572357869 -29.145936246115497
5.226890204425654 2.760092385687159 2.0173557634926755 -29.14157422540986
5.12317366521393 2.744067261821738 2.001774953235194 -29.13745242925046
5.019759192045384 2.7264905469487615 1.9855851302100611 -29.135437849731396
4.916615279025776 2.70855238322278 1.9689424029654188 -29.134928162436047
4.813711425032536 2.6892649868610325 1.9518996085229763 -29.136942530756407
4.711018197762763 2.6705001732632483 1.934918802960779 -29.140044995983935
4.608503862352397 2.652712275028983 1.918323167759033 -29.143874045341917
4.5061443500421205 2.6375998644953067 1.9025870907516826 -29.146891371600134
4.403921199854687 2.6275134319118862 1.8882285434189225 -29.146858862960414
4.301816615246087 2.6179587748966218 1.874990108333901 -29.147632390186587
4.199829811026365 2.6087555150793227 1.8630970183633362 -29.149324787400957
4.097959142043257 2.5991956946822583 1.8526781439854758 -29.15255935915979
3.9961997199190455 2.591078358835145 1.8439727949153357 -29.155654126735556
3.89453867550318 2.587737979375938 1.8370875342061328 -29.155389455584974
3.7929579619956093 2.586038784361832 1.8316641726188727 -29.15462529357756
3.6914428399044885 2.5851207117522157 1.827459268082765 -29.15409067314009
3.589978842860675 2.5848012242573146 1.8242460089956247 -29.15383750991007
3.48855235259613 2.5867866035413916 1.8217882142032111 -29.15203723425158
3.387150925673723 2.598197561775676 1.8198210308939333 -29.14147337555466
3.28575974405657 2.613182312851688 1.8180535853858357 -29.127713895745096
3.184375317199596 2.615784377720614 1.8162261799337498 -29.126430887602268
3.0830062674190972 2.617333660065662 1.8139498580086983 -29.12620737955619
2.9816488243960557 2.6204900592308347 1.8108987930057736 -29.124200987299602
2.880294801227839 2.616400497848567 1.806563915057437 -29.128953198782824
2.778945202235607 2.608851342646612 1.8005436389217055 -29.13651927632131
2.6776045979022554 2.599877381306955 1.7926041190346267 -29.144784583891614
2.576282437048535 2.58945701148005 1.7826059702928703 -29.153711335030266
2.4749940201040155 2.5805174784852496 1.770815623246257 -29.160450448714514
2.373756323721506 2.573453710103073 1.7574844105089087 -29.16465743642847
2.2725875326020937 2.5696136055517553 1.7430597597846087 -29.16510201545389
2.171504815738358 2.5686885295402697 1.7278264660194942 -29.16215894881246
2.070523850640494 2.5713919297569308 1.7122423713228558 -29.155237046004984
1.969657720404616 2.5762976443675165 1.6964665233001412 -29.145803520390153
1.8689183958681257 2.587779286004384 1.6816043382884165 -29.12989299810365
1.7683072726301297 2.5899616120610243 1.66547369451194 -29.122613909071248
1.6678457922764214 2.5860410353579595 1.6490501327417515 -29.12108328724117
1.5675471334305406 2.5809316714054558 1.6337336847901425 -29.12082222220962
1.4674116083616442 2.5771442171062566 1.620414113737409 -29.1195992101484
1.3674310209047402 2.5741749305553787 1.609361822739135 -29.11798449279329
1.2675960176894072 2.5715363462191076 1.600783606298556 -29.11651386768323
1.1678977473744312 2.5689441170922698 1.5948320600147032 -29.115531549402526
1.068326983295185 2.5665275096623272 1.59161561798228 -29.114992536147085
