8.058672186995636 0.7925685170205419 1.3843903209435728 -8.904870313493777
8.031133857749156 0.7945201489911481 1.3849896070149534 -8.90354871924233
8.00358677772157 0.7958131788184092 1.3854909058163403 -8.902860289275726
7.976035375282431 0.7966226168314621 1.385878256881198 -8.902628564443209
7.948482351176885 0.796993398647656 1.3861285997345998 -8.902805916994183
7.920929488123469 0.7969812226174299 1.3862108930261612 -8.903331336959493
7.893377996830831 0.7967409047266321 1.3860860533442436 -8.904040540207195
7.865829177497225 0.7962846462059253 1.3857085191265697 -8.90490700595375
7.838285139311828 0.7959976555464318 1.3850378691195004 -8.90552900106761
7.810748918771778 0.7957053184785937 1.3840409874690707 -8.906062001160919
7.783224782629014 0.7954126507101206 1.3827199991061623 -8.906485459222473
7.755717394194406 0.7951477471016878 1.3810938415421599 -8.906759340678356
7.728231514957996 0.7947939652764208 1.379186557098051 -8.906991372968754
7.700771775597068 0.7943314745396606 1.3770235344261714 -8.907196795583262
7.673342543864797 0.7937686634337804 1.3746264705461986 -8.907366364058166
7.6459478708610735 0.7931268241861473 1.372010133669357 -8.907481073826192
7.6185913353722645 0.79233434006141 1.3691761406351133 -8.907616031821211
7.591276219706689 0.7914356429630525 1.3661183832509276 -8.907733012609217
7.564005633825798 0.7909131096912886 1.3628339606558115 -8.907362961772458
7.536782593248204 0.790824806310192 1.359305434222807 -8.906456447169298
7.509610472660713 0.7915612879359692 1.35553311076745 -8.904639769185163
7.482492364565986 0.7930426222502265 1.351504012729096 -8.902004455181586
7.455431596173228 0.7943636356027907 1.3471800983308757 -8.899453310033959
7.428431969768992 0.7955367036298645 1.3425693313876272 -8.89698974676822
7.40149647984697 0.7969458431226656 1.3377076162997432 -8.89425609298372
7.374627105598562 0.798733779959685 1.3326315492617578 -8.891134499940073
7.347825032779692 0.801415025965444 1.3274160552062209 -8.887145994487323
7.321090387406805 0.8023911649341922 1.3219800477025954 -8.884867114350644
7.294424625222003 0.8019940740119156 1.3163886781820802 -8.884010707896538
7.267826591083938 0.8012873833764717 1.310772906057049 -8.883568981127883
7.2412927497685935 0.8004823928213193 1.3052218411512062 -8.883368051666261
7.2148189981194575 0.7992985021634387 1.299798106128282 -8.883714656116155
7.188401181316957 0.7984349693663181 1.2946064439582539 -8.88394676015028
7.16203364568604 0.7978856291729783 1.289710739529991 -8.884086691371817
7.135710055928289 0.7981398691577688 1.285193595747542 -8.88365419182023
7.109423240738015 0.7995635137714423 1.281108216633129 -8.882274962488149
7.083166322613546 0.8027673174631229 1.277485444840089 -8.879313783880662
7.056933139501716 0.8075253301292179 1.2742960418578826 -8.87495634534763
7.030719523733187 0.8119288376134304 1.2714522334380507 -8.87106339256509
7.00452351554044 0.8138228186257861 1.2688590910606996 -8.869738243696371
6.978344904695923 0.8130434712173689 1.266441413754339 -8.871089434916083
6.952184383974698 0.811383591134548 1.2640939953136856 -8.873263291688303
6.92604223310668 0.8083911665946433 1.2616317884612067 -8.876642800297319
6.899919863396577 0.8061677052701529 1.2589531275214971 -8.87905251757571
6.873819679083117 0.8052790687551116 1.2560081246444958 -8.879857618910243
6.847745540288895 0.8043425767842927 1.2527556140312792 -8.880377746306262
6.821704229114136 0.8027999947555143 1.249197622824201 -8.881126474999485
6.795703561120372 0.8003764897876401 1.2453577123078998 -8.882347736881721
6.769751834877994 0.7971113736635698 1.2412806646751324 -8.883987406851153
6.7438575062157256 0.7946082673220725 1.2370797756058478 -8.88448448283804
6.718027904915552 0.7914227518402739 1.2327484907810444 -8.885270145845347
6.692269953285683 0.7880677030789446 1.2283249208167408 -8.885879705938102
6.666589060995198 0.7843516714588616 1.2237862672231132 -8.886542780039939
6.640990294793376 0.7809863200185366 1.219108011274136 -8.88662390996212
6.615477299460169 0.7781925054364305 1.2142161179159743 -8.885963310280303
6.5900539436111245 0.7766683367983964 1.2090833465785509 -8.883947512993124
6.564724098107209 0.7752709087224751 1.2036278996974625 -8.88173716762092
6.5394915036155075 0.7715595661766029 1.1977093911211958 -8.881738263420425
6.514360323616359 0.766345184774435 1.1913557182567056 -8.883266211602383
6.48933065218904 0.7608008809863448 1.1846374100465478 -8.885292991803192
6.4643989304705665 0.7554520909987457 1.1775958773238702 -8.88740900063743
6.439559650878201 0.7509818773055307 1.170283047063332 -8.889039234265859
6.414806361555543 0.7474874899717604 1.162734476201008 -8.890145581109483
6.3901329768304995 0.7447325478853206 1.1549921715016402 -8.890987760906288
6.365534242523369 0.7433163193077958 1.1471776012942072 -8.890987906095143
6.341004829141107 0.7437665777793836 1.1394350513775475 -8.889614650277416
6.316539976079215 0.7459471993994865 1.1319052985408293 -8.886983016782823
6.29213567612901 0.7475601347302098 1.1245858847656927 -8.885348276867406
6.267787568233513 0.7500663577170766 1.1177628263925203 -8.883225631421148
6.243488035145347 0.7553275160515693 1.1116890301109263 -8.878672645411234
6.219228351753247 0.7589433779247069 1.1061821967636183 -8.875984242194702
6.195003398888374 0.7598338131103543 1.1012585173975846 -8.876123880896179
6.170809506831694 0.7605655327911359 1.0970372472533076 -8.876373809080413
6.146642978891956 0.7605898190737147 1.0934154469746955 -8.877141836806747
6.122501826889008 0.7587262597273341 1.0902250695806774 -8.879493454472911
6.098384731137747 0.7552119774136269 1.0873629638971771 -8.883066291846486
6.074291313724994 0.7505194072136113 1.0847789551989995 -8.887287914383784
6.050222851777137 0.7460524753577575 1.082480425607067 -8.890708506239523
6.0261816558108485 0.7421440784238565 1.080474035815373 -8.89297396874466
6.002171553453535 0.739463065852971 1.0787749674636649 -8.893437410210833
5.978197074216817 0.737446491919837 1.0773601533284418 -8.892686962496366
5.954263626091075 0.7350602785434519 1.076170056605857 -8.891785433252753
5.930377612475159 0.7310946796869294 1.0750991934894127 -8.891979346194882
5.906545491047468 0.7278977055662211 1.0739998972688594 -8.89112370947149
5.882771006522198 0.7250819069923629 1.0726345025247552 -8.889672934758867
5.859060073544065 0.7217459429665171 1.070801170812347 -8.888550193209504
5.835419701528812 0.7190849126755485 1.0684109402750965 -8.886682641272973
5.811855475851283 0.715822620788886 1.0653975881475097 -8.88534166336686
5.788372794339487 0.7113230694756527 1.06169059146545 -8.885198380217492
5.764975781317889 0.7055465168314274 1.0572585866632827 -8.88636305292691
5.7416669316092515 0.6995973252317653 1.0521423108579504 -8.887865362419625
5.718446359915446 0.6939518676403914 1.0463979366710814 -8.889324240454384
5.6953125854132685 0.6885706290840208 1.0400809959065256 -8.890843564735077
5.672263195744064 0.6837278702124607 1.03328445087928 -8.892218556407487
5.649294829424637 0.6793986073148756 1.026093511576349 -8.893522225374841
5.626404154119496 0.6758092765212529 1.0186115736594867 -8.894577966786263
5.603587436803232 0.6737722676266346 1.011001873820355 -8.89461797733578
5.5808403365761405 0.6749008646516873 1.0034997263261947 -8.892057225347667
5.5581578168881185 0.6763974325533831 0.9960596397827112 -8.889622243200126
5.5355368683037005 0.6772085925439301 0.9887861002589222 -8.888343352760167
5.512973108856614 0.679471338949158 0.982008731041094 -8.886070754419222
5.4904589208163 0.6828101926753185 0.9758395437878084 -8.883085363640259
5.467986970621068 0.6835131884159947 0.9701829281846106 -8.882965143913026
5.445552269242893 0.6841322672708154 0.9652704716004984 -8.883016020650071
5.423149694755665 0.6844853141129748 0.9611000029027503 -8.883263757058481
5.400774936033085 0.6841996262695563 0.9576104716005545 -8.88393048576119
5.378425179680227 0.6828663341530893 0.9546895297851041 -8.885303949585879
5.356099066596353 0.6807248005742289 0.9522189932188981 -8.887038475058048
5.333796061014578 0.6781024292144875 0.9501181073597086 -8.888712167089274
5.311517355349983 0.6753086678862121 0.9483397731222036 -8.889964143941723
5.289265352187063 0.6726305677728399 0.9468539426375618 -8.890499422692127
5.2670434101836285 0.6699034375528389 0.9456240708804617 -8.890494998195678
5.244855648400707 0.6665692476555904 0.94460435060987 -8.890535195954792
5.222707106024038 0.6619749886474248 0.9437223093991055 -8.891314991748235
5.200602623856028 0.6574079292417908 0.9428747906216322 -8.891686973834702
5.178545559643939 0.6526862943759622 0.9418965645184244 -8.891891344046359
5.156540319115424 0.6480420236525134 0.9406324000716056 -8.891758768627957
5.134591851830267 0.6429808551795398 0.9389637587325423 -8.891802167656117
5.112705812988772 0.6375508478174695 0.9368277113276791 -8.892023665432266
5.090887306796422 0.6319123832014215 0.9342132799194923 -8.892319229769504
5.0691405922566215 0.6271788729215797 0.9311674861879037 -8.89168830612454
5.047468571408032 0.6226585693925638 0.927705183542625 -8.890841902296922
5.025873541958473 0.6175249798301442 0.9238291100042748 -8.890641149207248
5.00435680598716 0.6114078633427324 0.9195490437997488 -8.891539047512506
4.982918201665847 0.6045513449864568 0.9149046566316976 -8.893413887181472
4.9615556861064585 0.5981455853473506 0.9099789784334047 -8.895244266065301
4.940265123016598 0.5923872380544166 0.9048050074645335 -8.896940254958224
4.919041847332315 0.5876245962395361 0.8994316304659403 -8.898245238281701
4.897880639617828 0.5843705246777263 0.893932913126236 -8.898707918589075
4.876776014091027 0.582884727836429 0.8884076709664557 -8.898090714645207
4.855722696663438 0.5827367793471601 0.8829520422581312 -8.896811220054685
4.834715786809162 0.5829330365330357 0.8776502200061443 -8.895834670080244
4.813749432468599 0.5843700031290586 0.8726881524897876 -8.894247878408976
4.792816128487802 0.58784831280445 0.8682132749991168 -8.891163829312134
4.7719081622955555 0.5920252765432776 0.8642420346550396 -8.88778953818765
4.751019307813495 0.5948785487222378 0.8607589776754233 -8.88600089776452
4.730145173223279 0.5955006619301365 0.8577706604034171 -8.886540892561811
4.709283133631353 0.5952538063018105 0.855286812323941 -8.887838961387594
4.6884316316624375 0.5939871578942549 0.8532419359483361 -8.889865733771423
4.667589935957797 0.5914411137437305 0.8515423255197163 -8.892718072259418
4.646758318312913 0.5886258261912428 0.8501243718506107 -8.895258749340394
4.625938687887045 0.5856785293336165 0.8489515963921401 -8.897268960436858
4.605134449998524 0.5829200658428936 0.8480196566932756 -8.898400965904816
4.5843499328866315 0.5805161005835137 0.8473203858255065 -8.89850273523658
4.563589924244768 0.5771891759310176 0.8468243982130318 -8.898852731003053
4.542859643453273 0.5724712102654984 0.8464784550134508 -8.89995643973947
4.52216392914017 0.5678449273232983 0.8461914131867599 -8.900456955691325
4.501506722213376 0.5623419158203846 0.8458411259482134 -8.901334655861994
4.480893035035554 0.5563952422795629 0.8453082680657112 -8.902227353009625
4.460327525057621 0.5505364488507782 0.8444894864948546 -8.902680196560524
4.439814818117053 0.5447298965823759 0.843306515280348 -8.902773540741137
4.419359899024811 0.5387458629102444 0.8417128755527931 -8.90277189334138
4.398967763855396 0.5334111305319759 0.8397168781930134 -8.901958480040907
4.378642330448502 0.5293426283580048 0.8373602543184421 -8.899828694861291
4.358386283667388 0.5254426882604825 0.8346618295660798 -8.897487972496744
4.338201841290109 0.5202306756946978 0.8316231890475105 -8.896415118689632
4.318090641489963 0.51326297440617 0.828251503023066 -8.897155500830092
4.298052735407907 0.5052621949953581 0.8245922676520197 -8.899180862047704
4.278085726502027 0.49804752102083244 0.8207166465249359 -8.900927454313369
4.258184808441474 0.4917682758277942 0.8166412712812519 -8.902377318189888
4.23834465623576 0.4871986418570031 0.8124238137253035 -8.902895692843327
4.218559050289973 0.48419979606104313 0.8081257764497609 -8.902679372875113
4.198821798206751 0.48184616269637287 0.8038047637181904 -8.90267205532864
4.179126455144117 0.48015080466489474 0.7995721784484605 -8.90289102671036
4.159465300267178 0.47937135325026964 0.7955566129330192 -8.903067565432604
4.139829789232125 0.4818826683995802 0.7919440800608074 -8.900756686412645
4.120211448598562 0.4860761614555493 0.7887567329768794 -8.8974269113687
4.100603095045178 0.49248058447118853 0.7860613640888882 -8.892382602301534
4.080998967269042 0.49766098238059914 0.7837964268787898 -8.888918968965438
4.061394985045873 0.4992712305195865 0.7819491973935017 -8.889220639640374
4.041788086315245 0.4999224337893913 0.7805484035394487 -8.890407399077336
4.022177066421072 0.4992286591993885 0.7795338674930231 -8.892668065803942
4.002561591304767 0.49652858908577197 0.7788294675814691 -8.896471917427402
3.982942617192549 0.49445235591650566 0.7783504954315907 -8.898999347046207
3.9633237645768493 0.4922724240912061 0.7780394832063035 -8.900871885596374
3.943710165346848 0.4895797443494762 0.7778531281961714 -8.902435777052055
3.9241078923586903 0.486193479649364 0.7777494840767313 -8.903840754696034
3.904523516508949 0.48185465582256964 0.7776885616871332 -8.905339934297038
3.884963866400048 0.4764483869701218 0.7776318210839955 -8.907070065114306
3.865435728892676 0.4701533418242404 0.7775400234192427 -8.908908731655789
3.8459457040814646 0.4635833409120491 0.7773755773173671 -8.91034492897704
3.8264996705536753 0.45697554847608834 0.7770960443386613 -8.911248030636887
3.8071025827691103 0.44993237381169293 0.7766468756931856 -8.912089806883369
3.7877588935521813 0.44340528522448347 0.7759734537346029 -8.912073327450788
3.7684721820723 0.43924370714774347 0.7750346245132537 -8.909567685568422
3.7492454005726565 0.43692035430657417 0.7738160488024961 -8.905183145268627
3.7300810295969855 0.43342843348831095 0.7722944593649024 -8.90183400544274
3.710981690175452 0.4268314102734928 0.7704570730184919 -8.901451471489935
3.691949188112405 0.41853882422636474 0.7683173091970559 -8.90289751776907
3.6729824880550868 0.41027278823573043 0.7659007989659046 -8.904749510008351
3.6540779868116795 0.4029766419612615 0.7632084667168159 -8.906290036763881
3.635230704795144 0.39694863823292703 0.760246672339418 -8.907365489954657
3.616434944460509 0.3924911181261531 0.7570528996751298 -8.907783917675232
3.5976843975048807 0.38950406478449984 0.7536863307146908 -8.907705056040673
3.578972477710831 0.387408751932816 0.7502170622959049 -8.90772966039459
3.5602920935640814 0.38616903018435417 0.7467521081932859 -8.907909361970981
3.54163531920741 0.3860468012244629 0.7434177424803337 -8.90795194494589
3.5229938390009483 0.38948781307199754 0.7403922030281367 -8.90530141727006
3.5043600380569133 0.39526476838207525 0.7377244171972613 -8.901024826392007
3.4857275437960893 0.40235483386774334 0.7354477014618963 -8.895970483315645
3.46709143351385 0.40557483299294367 0.7335155912405811 -8.895241398255678
3.448446713605206 0.40792447066437987 0.7320325751264329 -8.895542567391345
3.429790582742414 0.4093883556879702 0.731000599840872 -8.896645479534042
3.411121890287363 0.4095002636995228 0.7303870277886843 -8.898810236635851
3.3924404038580165 0.40844184858801436 0.7301501329588937 -8.901640051876292
3.373747540677515 0.40780676714392605 0.7302175687315599 -8.903348628896524
3.3550471698383686 0.4066377733424323 0.730550669482779 -8.90480161329726
3.336344197882547 0.4048000080877855 0.7311038031954848 -8.906080883102632
3.317644283776147 0.40202269564705245 0.7318242786924419 -8.907433812175036
3.2989535168455144 0.39812366177847536 0.7326575926607886 -8.909049365495882
3.280278159766971 0.39324325354678974 0.733544895774899 -8.910826418225048
3.2616243857511305 0.38767513625679045 0.7344233007624862 -8.91254131378436
3.2429980774662317 0.38177125710141485 0.7352283302037598 -8.91393667132595
3.224404678176604 0.3757769779680361 0.7358967111555242 -8.914870469879085
3.205848989361036 0.3694497331033956 0.7363677694598102 -8.915663346514487
3.1873353716405015 0.36329140058258386 0.7365808891523871 -8.915926615542975
3.168867647505422 0.3598298928207378 0.7364829784234191 -8.913374628816607
3.150448810522843 0.35811460680410423 0.7360726690826475 -8.90901325658175
3.132081456380985 0.35575870456995184 0.73536695916461 -8.905194576002277
3.1137677032630466 0.35101555388035965 0.7343805080801107 -8.90368290175318
3.0955086810669528 0.3440641882316964 0.7331213188603388 -8.904470324068267
3.0773037099890614 0.33686562195055053 0.7316110578818805 -8.90589289694566
3.0591498219475506 0.33060620882861863 0.7298556682146276 -8.906996188896738
3.0410426846021497 0.32550535070754444 0.727869364275029 -8.90771345922062
3.0229770771384152 0.3214622014641352 0.7256766930664222 -8.908256409993616
3.0049469688569266 0.3185956405903535 0.7233140679088076 -8.908589406215661
2.9869455736246646 0.3167949836138684 0.7208422570453594 -8.908856801173211
2.968965616457927 0.3160935615389933 0.7183501203094419 -8.909033831416535
2.9509993917124984 0.3168849267252192 0.7159399172535598 -8.908674453452438
2.9330394137991953 0.3207017888328862 0.7137276478497838 -8.906118500318337
2.915079315055509 0.32707282276361327 0.7117722457734259 -8.90167339553113
2.8971140097626624 0.3325442915170743 0.7100684974046001 -8.898693153697076
2.8791386494914946 0.3354502371748344 0.708658641742909 -8.898729273638102
2.8611485141316577 0.338392552979379 0.7076265918659866 -8.89891832178674
2.843140977829459 0.34078864225132943 0.7069754192599033 -8.899648672221604
2.825114721332528 0.34207798560941144 0.7066821310240764 -8.901300071919241
2.8070694432550423 0.34269065944582044 0.7067124449392035 -8.903228658685439
2.7890064645769415 0.3428860992407007 0.7070182953091265 -8.904979961100263
2.770929202264471 0.3425350456565268 0.707552438920776 -8.906559768375454
2.7528422584486534 0.3413468625549564 0.7082744386579958 -8.90818252521537
2.7347509516000508 0.33925291724253037 0.7091470746069825 -8.909886854536577
2.716660939014784 0.33623671927995336 0.7101295227169534 -8.911692088060159
2.69857800303884 0.33241768711316455 0.7111768016920413 -8.913512689991068
2.6805078242918374 0.3280252882724562 0.712239241104486 -8.91518148436323
2.662455855225667 0.32331887868887704 0.7132665906381382 -8.916524291600162
2.6444271475649925 0.31846786908693714 0.714207265430256 -8.917467879161734
2.6264261895587637 0.313312543873493 0.7150090761923206 -8.918256746538994
2.6084569335401038 0.3083788465180382 0.7156130002850758 -8.918475403585962
2.590522842114285 0.30569074370794924 0.7159590791301111 -8.916291170201795
2.5726268228203986 0.3047643509247264 0.7160329669338674 -8.912280549059652
2.5547711375529563 0.3043505613779526 0.7158514502263797 -8.90774756372053
2.5369571854826516 0.3023746945564749 0.7154320133838997 -8.904787138345203
2.519185420120629 0.2978531591631026 0.7147831645845228 -8.904478839457266
2.5014550001313576 0.292454184823585 0.7139172966242925 -8.905396331101835
2.48376338052638 0.28777052717749313 0.7128525532701399 -8.906168372221748
2.4661067046714145 0.2840652744197031 0.7116228067972227 -8.906680872984378
2.448480019938642 0.2811904492594493 0.7102610559412977 -8.90718517267355
2.430877482771006 0.2793633673001084 0.7088054733997081 -8.907551234430313
2.4132924705488956 0.2787264803105821 0.7072987367511562 -8.907678172876825
2.3957179557862824 0.2793271980050705 0.7057952233582262 -8.907496931594661
2.3781470008728323 0.2818021960971649 0.7043608550061196 -8.906290881988184
2.3605733720354594 0.2861775848563998 0.7030561178987027 -8.903909366008948
2.3429917803224365 0.2910283634287591 0.7019256823517376 -8.901665073309736
2.3253973827063783 0.29565124394144343 0.7010194805898581 -8.900141980942642
2.3077858646651244 0.2994306331960915 0.7003821330230402 -8.899840747083342
2.2901534212786956 0.30311073472432876 0.7000508635960935 -8.899844268505408
2.272497574810507 0.30638624505925294 0.7000227549269481 -8.900291482946173
2.2548170063522237 0.30859701138753104 0.7002594572029189 -8.901676172558949
2.2371114787610935 0.31023533016262445 0.7007100229379022 -8.903292760811539
2.2193826010513242 0.3111368619418824 0.7013443902851001 -8.905124074439833
2.201633607065311 0.3111852835419409 0.7021283903752871 -8.907165041391622
2.183868746948991 0.31045349309482606 0.7030260859899594 -8.909270931738082
2.166092934851628 0.3091055811063972 0.7040053161576157 -8.911241948626884
2.1483115155013346 0.30698792952829823 0.7050392139740375 -8.913230892981368
2.1305299037366088 0.30424564594398 0.7060960268869463 -8.915120914558639
2.112753451066272 0.30112140976929513 0.7071426112188972 -8.916725991268288
2.0949872771954654 0.2977511949701794 0.7081472464164758 -8.917985638890812
2.0772361026603283 0.29415493442100304 0.709077512710562 -8.918965338792749
2.0595041013098707 0.29053470138096704 0.709892954055151 -8.919558007904527
2.041794905281687 0.28726789950795517 0.7105477169041696 -8.919486951997717
2.024111679834743 0.2866427251586514 0.7110011776338758 -8.916649101242081
2.006457159603116 0.28675504379546457 0.7112587567416738 -8.913006458986082
1.9888331031267432 0.28836373133967835 0.7113170236691548 -8.907960239860493
1.9712402718034607 0.2870894719854663 0.7111773139753966 -8.905862461093463
1.9536781079377978 0.2847705567360949 0.7108387037739383 -8.905081583554129
1.9361448471974723 0.2815775573284601 0.7103180871077417 -8.905582925176201
1.9186375717186472 0.2791807505759692 0.7096619719929045 -8.905867833894838
1.9011523930682588 0.27748685836620524 0.7089170479603297 -8.906131440674828
1.8836844477335837 0.27669627503383787 0.7081358224613093 -8.906259624704424
1.8662281001201682 0.27708471814978247 0.7073691769462064 -8.906018793205831
1.848777355573536 0.2786243231095555 0.7066621571447415 -8.905417719635365
1.8313262666737977 0.28125328342868766 0.7060646107262024 -8.90445274082387
1.8138692646349273 0.28467206888428154 0.7056241900210991 -8.903340655280031
1.7964011971159626 0.2887216646887353 0.7053854032674077 -8.902148304800882
1.7789174593675672 0.2931910144936936 0.7053825868148271 -8.900993601425187
1.7614140070919027 0.2979883368953182 0.705638002300944 -8.89987330391159
1.7438874360338175 0.30282379481895194 0.7061536398998083 -8.898983227467092
1.7263349426755628 0.30723820263517887 0.706909718858907 -8.898680184393577
1.708754384309162 0.31114227855998283 0.7078551895252541 -8.898914597261651
1.6911448242494351 0.3149630975826888 0.7089125427555956 -8.899091987898668
1.673507081898792 0.31776857743584364 0.7100588451297544 -8.90003988265888
1.655842462066587 0.31956928795219425 0.7112802427279301 -8.90162051898108
1.6381532656414435 0.32048126172088526 0.7125635288910591 -8.90362360619859
1.6204426188367913 0.3204468419811243 0.7138818655981825 -8.906045061467296
1.602714188380828 0.3198414084367016 0.7151967355838064 -8.908459820128122
1.5849723362697186 0.31882699817981436 0.71647224577946 -8.910684344949626
1.5672218104664872 0.3174293417491974 0.7176837528425405 -8.912696794809401
1.5494674515418292 0.3156941993562694 0.7188153298489709 -8.914478154919863
1.5317139896023921 0.31379529190670524 0.7198547252548411 -8.915902622389073
1.513965919925169 0.3120745208063774 0.7207909887301236 -8.916697167257091
1.4962274306659604 0.3101945831533116 0.7216180393299213 -8.917273082553171
1.4785020665708375 0.308519554807531 0.7223279537003263 -8.91735502561978
1.4607928976021283 0.30839733557773985 0.7229159552817578 -8.915718193216533
1.443102695060686 0.31010680256877254 0.7233936613227955 -8.91221642131288
1.425433360133541 0.3114669595450125 0.7237692346845411 -8.909120515828457
1.4077851357496634 0.31229714617090215 0.7240326198393036 -8.90674714470434
1.3901571212979515 0.31252117274995683 0.7241803982746824 -8.905308088304885
1.3725472712740336 0.3122118505598927 0.7242495712952425 -8.90483729806677
1.35495245285122 0.3120391624405209 0.7242926117891302 -8.904760258955353
1.3373687461845507 0.3126074780595839 0.7243631202590688 -8.90455365859376
1.3197916726590266 0.31410744047198147 0.7245126269632477 -8.904066389578944
1.3022164122551279 0.31650228512054984 0.7247868190320081 -8.903334397839165
1.2846379649807833 0.31968487260932604 0.7252243852526143 -8.902432809672945
1.2670513889870731 0.32357751633564447 0.7258614297761871 -8.901387602703176
1.2494519977579077 0.3280649431929002 0.7267261218285836 -8.900250256026954
1.2318354660649715 0.33310435703821606 0.7278373827004465 -8.898991247099806
1.2141979822960742 0.33860446945490014 0.7292045381833809 -8.897631130364694
1.1965362382813527 0.3444968105202769 0.730816563968509 -8.89616043066746
1.1788475195152468 0.3499447288885401 0.7326436629338778 -8.895363459319547
1.161129052469109 0.35512500952734577 0.7346280220530164 -8.894952054955132
1.143379441576624 0.36017812993992937 0.7367093486470706 -8.894669297980549
1.1255985467415013 0.3650624557570009 0.7388501192257244 -8.894465924552996
1.107787047242851 0.3691203064106215 0.7410397722199266 -8.894942134662887
1.0899457863702318 0.3722777560956267 0.7432772768581849 -8.896089632881676
1.0720763204072115 0.3747155522157962 0.745566635049639 -8.897642492669553
1.0541809809696827 0.37660834648819197 0.7479113087692293 -8.89936508123382
1.0362627389294836 0.37807109882453216 0.7503075760224498 -8.90110596682179
1.018324984770141 0.3791934997191487 0.7527458351404247 -8.902761701065852
1.0003713538604704 0.3800451842899927 0.7552128081814127 -8.904269591650593
