8.004595230424306 2.3643891465558204 1.2261774041604114 -60.60542726520309
7.919039696122061 2.369651790374502 1.2203480280337218 -60.60450321735714
7.833567920737596 2.373102404764003 1.216615023439083 -60.604549308028716
7.74814800361384 2.375284870463128 1.2150369230517277 -60.60505221706599
7.662746570643059 2.3766142418360245 1.2155206614165714 -60.60565392036288
7.577333348926203 2.3777655271195886 1.2178416823952203 -60.60577373427287
7.4918806885495215 2.3788929297202324 1.221730895788242 -60.60538602075167
7.406365406370552 2.3788475647508602 1.2269244498216436 -60.60577453524875
7.3207666150924 2.3801335125790506 1.2329515543018947 -60.60466949345305
7.235070298559035 2.383378176036099 1.2393329065187437 -60.601633842698874
7.149288501168202 2.388923799179281 1.2456079678846552 -60.59647926573837
7.063439782735852 2.3980692506699555 1.2512269091861847 -60.5881038926735
6.9775157548723366 2.3930929671843617 1.2563532061401983 -60.59417954581955
6.891513476444535 2.3872395339429713 1.259716253778775 -60.60190540043531
6.805430986642894 2.3837677243038997 1.2606376143876423 -60.60813750649158
6.71928711370536 2.3779667452257365 1.2584842140036383 -60.61769029736175
6.633110809376442 2.370958871187497 1.2527596614833567 -60.62948021971952
6.546937154173851 2.3638440314928806 1.2431890640982257 -60.64237038112635
6.460800193639865 2.356775741335128 1.2295864399647303 -60.65621089279532
6.37473529498623 2.3504353146790593 1.2119740851689362 -60.67033225647538
6.288777585964309 2.346532604700701 1.1907544013690687 -60.682996209696334
6.20295898462949 2.3478257306601487 1.1668700092214663 -60.69133429268668
6.117303648197115 2.351978797889129 1.1401598693718675 -60.69796379633563
6.0318497037048395 2.3582701308416394 1.110789958947072 -60.70391912718167
5.946649076389592 2.371093838921956 1.080733176999113 -60.70464274855502
5.86174760733718 2.39167122640587 1.051248550019842 -60.69895161209006
5.777180500746826 2.4066900573952403 1.0178471860161584 -60.702814106135946
5.693031455624701 2.4327837493223505 0.9881665521545725 -60.69665114394132
5.609298604800358 2.464155735073631 0.960971082605737 -60.68696098454469
5.525976642833875 2.4981635114515304 0.9362395137640455 -60.67648290093996
5.443028698222438 2.534950405000188 0.9149360982359463 -60.66420604023088
5.3603912488000836 2.5586061685476476 0.8924983442835984 -60.671061597101854
5.278092998924185 2.575131294935261 0.8723234959388965 -60.68870923930871
5.196133332820497 2.5770721926031404 0.8540622675705316 -60.72675089552366
5.114553445832247 2.6050154504307095 0.8453843958594239 -60.72774386608705
5.033218808804153 2.6382493194239944 0.8410539341200568 -60.719368093273324
4.952093422612335 2.671689254330966 0.8399299871847113 -60.70821832468421
4.871154780660545 2.7033685235408567 0.8414785631991989 -60.69668953143545
4.79038254963619 2.7327121056953994 0.8452756984866462 -60.685303017578114
4.709761562729116 2.75769774659261 0.8509712165660929 -60.676311187616314
4.629285696414921 2.7779232899884008 0.8582114498637694 -60.669944155961986
4.548943216182285 2.793208972200075 0.8666176143890119 -60.666222180503695
4.468714072568053 2.801836086676387 0.8758931475122259 -60.66690738998826
4.388577539603817 2.8117861512892723 0.8849996423993028 -60.66349173500916
4.308503558294605 2.8272169027447855 0.8932736022420598 -60.652161822706006
4.228463886868657 2.846470095587402 0.9006082566136663 -60.6353332530743
4.148446049680646 2.8549653429972044 0.9075250978833377 -60.628253628899806
4.068450375240816 2.8573436609608356 0.9132002687672846 -60.62673945727111
3.9884638360326354 2.8593453324317837 0.916941823762613 -60.62558074374196
3.9084675634333252 2.8574274877709147 0.9182590381957184 -60.628651028201865
3.828437585677004 2.8545227886281817 0.9167619964000344 -60.63333405381217
3.7483613132766167 2.8517535757001973 0.9123626580152006 -60.638691866931566
3.668233718626089 2.849927447368965 0.90517753956617 -60.64402821741238
3.5880557855599404 2.8485195282972433 0.8953329412370846 -60.64988723956979
3.5078310786822944 2.858096848845863 0.8846456895522194 -60.64525733751635
3.427564330670351 2.8762675851814197 0.8734772713584998 -60.63229509846207
3.347265321231947 2.8963644904334993 0.8612237150441869 -60.61774016241731
3.2669578919934272 2.9139996292982984 0.8474430643773744 -60.60612364860487
3.1866791204937956 2.931429966393293 0.833034070325892 -60.595090028530315
3.1064670079068866 2.9468520494644035 0.8182984241658438 -60.586671756722055
3.0263465161776884 2.9561572111317593 0.8029830337229633 -60.58549285048395
2.9463401868896986 2.964679951313925 0.7887095314658916 -60.58605473704914
2.866456051351442 2.9737521456068405 0.7762984629531863 -60.58699235053305
2.7866962022039314 2.983840462153244 0.7662084035821407 -60.58772004818255
2.7070580553756325 2.9950546644732756 0.7587192013460361 -60.587932092015
2.627535226202412 3.007384541560238 0.7539556220077475 -60.587382826036745
2.548120342208898 3.0201477948133872 0.7518608866268035 -60.586556382366325
2.4688072785411244 3.033046182017814 0.7523321586533234 -60.585520965979626
2.3895914815742754 3.0455203219174547 0.7552105376237178 -60.5846535087213
2.310468871208159 3.0569998957979183 0.7603017072841642 -60.58436099673154
2.2314347320128247 3.06733250967253 0.7673591832314548 -60.584606741389905
2.1524830511717994 3.0763653014440844 0.7760932065300928 -60.58539046891493
2.073607621341545 3.0859601758328385 0.7860195248272155 -60.58457003050238
1.9948006128236933 3.0950466823676237 0.7968136194897761 -60.583256990799484
1.916058646186058 3.103549081004662 0.8080717403728136 -60.58139160541861
1.8373791760679077 3.1113228822122005 0.8194227342418803 -60.57899598472008
1.7587532654000246 3.11843231117247 0.8305007854247687 -60.57599370161057
1.6801719071221868 3.127385210167462 0.8408356129803084 -60.56993109118538
1.6016267710273604 3.1305606367274623 0.8507217530668786 -60.5687029409227
1.5231171408586393 3.1330724649200055 0.8595301525765894 -60.5673502181464
1.4446365575350804 3.1345912916570002 0.8670102020902528 -60.56641600146213
1.366178050863429 3.1353473061979473 0.8729587188960158 -60.565880372291225
1.2877358813626343 3.136029207284643 0.8773790321402937 -60.56523901530131
1.209306929036962 3.135865287197558 0.8804514419677599 -60.56541334309983
1.1308908478655038 3.1327319335639703 0.882323317039724 -60.56868214314227
1.052488925766559 3.130646238404949 0.8835007928214993 -60.57128639682839
