7.860191654309356 -3.0308930831685763 1.4118832134887171 -23.914036224605525
7.822933181165922 -3.0280279867477433 1.4118433570412041 -23.911852242642198
7.785659064058292 -3.025687083260491 1.4120090931281333 -23.910174863450223
7.748373709735393 -3.0230364298746952 1.4123020027863629 -23.908178707917763
7.711079403443504 -3.0221196743120595 1.4126788339272507 -23.907913151801303
7.6737778437381605 -3.0218318704802023 1.4130634404144065 -23.90828270767598
7.636469995162352 -3.0220374955409075 1.4133980652034321 -23.909163386331763
7.599155564394096 -3.02252404413461 1.4136336670445133 -23.9103568126974
7.5618341622679415 -3.0222182069066577 1.4137093489187822 -23.910805397682267
7.524505900796482 -3.0208889352432204 1.4135650575287961 -23.910291631185125
7.48717144714326 -3.018926750454024 1.4131509102878896 -23.90921550249398
7.449833819467376 -3.016589255877289 1.4124114332315256 -23.907841386977566
7.4124982678966385 -3.014097102673396 1.4112929270362227 -23.906395147378696
7.375171971808835 -3.0114818083299073 1.4097474254858278 -23.904910944604502
7.33786327647072 -3.008908273495699 1.4077409566105046 -23.90355361726558
7.300580852364941 -3.0066017141176076 1.4052644172341755 -23.90254546636301
7.263333694644353 -3.0047221846127434 1.402347349835852 -23.90204098711525
7.226130715156748 -3.003280281186609 1.3990721704908387 -23.90204246269525
7.188979488436361 -3.0015305786721984 1.3955798451898307 -23.90179043263427
7.151885695355089 -2.999681672137026 1.3920233703477582 -23.90148740722281
7.114856444056149 -2.9977169085504203 1.388574067290567 -23.901110221680483
7.0778989576097775 -2.9955708264998724 1.3853854181410736 -23.90058591445586
7.041019908818241 -2.9934444004674323 1.3825817393661464 -23.900109819847835
7.004225877411352 -2.9916398381446863 1.3802280417825086 -23.899978949046343
6.967522889966061 -2.989779116368899 1.378369159846243 -23.899803017918757
6.9309149089742315 -2.987137522611677 1.3770366975381378 -23.89884068294247
6.8944044946479295 -2.9838567327913506 1.3762550151194908 -23.89722548475997
6.85799351004126 -2.982219730963807 1.3760794910833818 -23.897250803693503
6.821684877588495 -2.98162106615396 1.3765835742119867 -23.898292292413643
6.785478110040729 -2.98110903744323 1.3778468190289785 -23.899375982798595
6.749369580197255 -2.9808363357423744 1.3799265551308246 -23.900644133479723
6.713354989098992 -2.980347459878112 1.382833874428738 -23.901628912972292
6.6774293486246865 -2.979763196081202 1.3865688264885514 -23.902447232018062
6.6415892712778675 -2.9790717653916237 1.3911020964988845 -23.903086662204025
6.605832104122117 -2.9780712815815997 1.396359156846316 -23.903347641331628
6.570155754197771 -2.975985599988319 1.4021967482146753 -23.90245734991567
6.534558355596539 -2.971880258082919 1.4084271248480127 -23.899488339054983
6.499037848711456 -2.9657224715201544 1.414881072491726 -23.89442112597788
6.463592014992219 -2.9593217404016254 1.4214790167347264 -23.889083705294
6.428221659849779 -2.9544950755659336 1.4281382936251326 -23.8853100636396
6.3929286742511415 -2.9538235297588677 1.4348115343866785 -23.88569948374238
6.35771547116711 -2.9534865749638377 1.4410113136111522 -23.886435582071222
6.322580176303788 -2.953281779148193 1.4466217666345416 -23.88733259660114
6.287519620354953 -2.9527738360195492 1.45157361014556 -23.887966108456382
6.252529679747153 -2.9521900070185123 1.4557927869896716 -23.88857107645846
6.217605319368707 -2.953482799092453 1.459228802322841 -23.891107409878487
6.182743330029252 -2.956078924287162 1.4616813198982002 -23.89499544443062
6.147942439136115 -2.959353881279683 1.4629629729277063 -23.899601912962503
6.113203042997486 -2.9629389912826443 1.4629419598516007 -23.904547811818453
6.078527335176625 -2.962711406802385 1.4616059625829025 -23.90567831708792
6.043915569431518 -2.9602800205254125 1.4590689274491169 -23.904601843373392
6.009369722679365 -2.957999869959032 1.4554793220004127 -23.903678337074673
5.974894185040258 -2.9477239099014803 1.451478153643541 -23.894702935443085
5.940486601924834 -2.93248361406957 1.4474192427138641 -23.880723189320875
5.906150197324566 -2.929334155683474 1.4429441988566536 -23.87889459319355
5.871901503887909 -2.9291761472536026 1.4389002567583713 -23.880048367933583
5.837741322943772 -2.928885976673182 1.4357718918546893 -23.881027884088965
5.8036661960558344 -2.9284298928165766 1.4338471165692657 -23.881787756677426
5.769672404584429 -2.9280152192342745 1.4332761193667671 -23.882528965172142
5.735757145004699 -2.9276599537174293 1.4341005075999826 -23.883267493198474
5.701919387523388 -2.927116122763472 1.4363026611973315 -23.883757456497968
5.668159726505568 -2.9264949583641577 1.4398307635955867 -23.884117012467406
5.634480236126192 -2.9252509478673505 1.444544873158329 -23.883809127222598
5.6008836029977 -2.923715923807464 1.4502750686685102 -23.88317892758169
5.567374746525728 -2.923489415179987 1.4568963372879813 -23.883843712968684
5.533960618108395 -2.9238475718425363 1.4640970993771039 -23.88509356589835
5.500645271476727 -2.9245090106363256 1.4716277129250266 -23.886657552859944
5.467431015368488 -2.9254137451049673 1.4792823971749514 -23.888483497000763
5.434317783034422 -2.9250905047096487 1.4867089796910624 -23.889101363843686
5.401303368430624 -2.9243009106536455 1.4937202833486063 -23.88927176619226
5.368387663223706 -2.9252754616654966 1.5002140482807336 -23.89122504027887
5.335572579683859 -2.928828832148147 1.5059748907864763 -23.895770449558555
5.302860220222749 -2.9313724884184555 1.510590984284108 -23.899304096820067
5.2702494080063955 -2.930396947585234 1.5138743208271261 -23.899304691687497
5.23773593776157 -2.928506169240997 1.5159367503529366 -23.89837456354877
5.205316903974527 -2.9266882243738386 1.5168881857319034 -23.897497388704465
5.172990133610347 -2.924267364473504 1.5169254331824076 -23.89599273450495
5.140753427289527 -2.9206149760289626 1.5163580793149383 -23.893230949524877
5.108604286287119 -2.9195270804257216 1.5154186013872213 -23.893013614201607
5.076541463234416 -2.9181557666927382 1.5143122743472326 -23.892489722763216
5.044557091651497 -2.9177746067643597 1.5132122827419685 -23.89293049218857
5.0126441661352095 -2.9174107105386193 1.512330380972334 -23.89336033582665
4.980794090700535 -2.917309278773825 1.5118491132241012 -23.894023448487445
4.948998105871651 -2.9174874283509986 1.511899285350894 -23.894937025780784
4.917248188003908 -2.9171006357278957 1.5125593855294608 -23.895258150293273
4.8855373307639285 -2.916486957204331 1.5138707556225965 -23.89532776866814
4.853861574444545 -2.915087788221584 1.5158223095260384 -23.89459365443964
4.822218808929729 -2.910827230392752 1.5183118449438795 -23.890988662161554
4.790607857315505 -2.904273484620856 1.5212489880299185 -23.885089215177914
4.759029405460342 -2.902584100226343 1.5247534540023022 -23.884058138992422
4.727487747673775 -2.9037420667953326 1.5286027858026598 -23.88588926056574
4.695985730503563 -2.906433769142993 1.5326225156978583 -23.889273769289318
4.6645247670518835 -2.909451466138659 1.536679190153597 -23.893001290126172
4.633106210167821 -2.911500422713541 1.54058699668463 -23.895769834720852
4.601732369183292 -2.9129740842908722 1.5441893517877971 -23.89796295666713
4.570406709610388 -2.9172466212514103 1.5474271157375126 -23.9029417919893
4.5391358700146 -2.922085177984239 1.5500061911220213 -23.908466318045953
4.507925223739981 -2.9274482866462272 1.5516955552998266 -23.91448645509149
4.476779858603825 -2.9303926961282922 1.552302027387922 -23.91805529206671
4.445703198328454 -2.9297424139400747 1.5518213678546782 -23.917995803686154
4.414697354506571 -2.9286812328249052 1.5503266599218384 -23.917487580895468
4.383765944927357 -2.9273636448636333 1.5479795782345005 -23.916687526791534
4.352911240176047 -2.9130219752586144 1.545465302761833 -23.902855955845226
4.322126409525004 -2.902093669969869 1.5427175558645685 -23.892405558110035
4.291417581769922 -2.9011706661847896 1.5398585842217807 -23.891922675111985
4.260791803796264 -2.90200530747702 1.5374422071735876 -23.893180491928867
4.230246222303145 -2.9027721686624757 1.5357933717361187 -23.89435537386739
4.199775934086114 -2.903516383073028 1.535105572223548 -23.895489519786565
4.169375819450169 -2.9041049555041947 1.535467169102176 -23.89644729565343
4.139041213543806 -2.9042147140568755 1.5368743963734597 -23.896904999768388
4.1087683848035255 -2.904221074281307 1.5392656021478435 -23.89723866780399
4.078555300450427 -2.904243311488833 1.5425482254212752 -23.897573214891807
4.048400691661862 -2.9034812819090727 1.5465710607650915 -23.897119137892048
4.018303146898656 -2.9011140502544563 1.5511479452392527 -23.895066841479412
3.9882609651434224 -2.896558201445579 1.5560847730672274 -23.89084290372702
3.958272236926332 -2.8922878061093713 1.5613291167562289 -23.88692231868169
3.9283364224688797 -2.8903152024815015 1.5667989717089805 -23.885320537581393
3.8984535805187046 -2.8916154301671093 1.5723558456161075 -23.887015443680475
3.868623829084786 -2.893273200600842 1.5776742251025884 -23.889097536029738
3.8388461351118193 -2.895828291558942 1.582689947633238 -23.892097025719117
3.809120473031505 -2.898017197091891 1.5872736889825563 -23.89474357075317
3.7794460603455167 -2.8998400869708845 1.5913185249340824 -23.897023945788995
3.749822917570753 -2.901249984618135 1.59470651024131 -23.898879244411937
3.7202514407862246 -2.903135760848081 1.597351266162477 -23.90118517812045
3.690732625395689 -2.904796103530647 1.5991467056623594 -23.90323385847124
3.661267278996288 -2.905623191496232 1.6000459200080865 -23.904413410275616
3.631856172654498 -2.9060286805445994 1.600067438916148 -23.90513162780362
3.602500191965819 -2.906545249816865 1.5992822407105425 -23.905920384156076
3.573200204914256 -2.906605368838835 1.5978398168145902 -23.9062185013739
3.543956570307327 -2.9024643557148786 1.596040319047276 -23.90230258199653
3.514768374630127 -2.8942960366353847 1.5941703810104013 -23.89435172188024
3.4856349734479335 -2.8945539238432714 1.5921681941491526 -23.894772390383125
3.4565604517934205 -2.8960678951908174 1.5903856996396104 -23.89644583134548
3.4275420215206 -2.897486872687462 1.5890113580356031 -23.898031813983543
3.3985754102506163 -2.8987769162315007 1.5881822854354388 -23.899498323902463
3.369656107735286 -2.8998549758046104 1.5879845317907169 -23.900763245890452
3.3407799998213283 -2.9007205287423967 1.5884538272455602 -23.901827452265017
3.3119433583071136 -2.9014556613798317 1.5895753779142106 -23.90277448705482
3.2831429596505948 -2.9021086645389746 1.5912960260149651 -23.90365549356477
3.2543759663714775 -2.902599379472936 1.5935335720353438 -23.904394817109555
3.225639712443776 -2.9014896361481304 1.5961538790891665 -23.903562282053223
3.1969313458309507 -2.89856579723999 1.5990318347454557 -23.900946486622793
3.168248220947065 -2.893780549281881 1.6020430937872963 -23.896501043749737
3.139587950426213 -2.890251365269584 1.6051611670167911 -23.893337905315278
3.110948748986045 -2.8905423887425292 1.6083266472171327 -23.894020336286452
3.082328802734748 -2.891333798223733 1.6113159776875163 -23.895232239667948
3.053726492237254 -2.8925358633860045 1.6140454336749883 -23.89687534104531
3.0251407658677447 -2.8946257929271617 1.6164896484460718 -23.89941367241471
2.9965712866780803 -2.8969868140704045 1.6186007004143446 -23.902216227639556
2.9680186049833788 -2.898788538702958 1.6203360236793514 -23.90443802054905
2.939484345390356 -2.899943855819439 1.62163996258859 -23.90598083290478
2.910970758159232 -2.9008726804443983 1.6224586367423999 -23.907256839335126
2.8824803060550326 -2.9015657125757097 1.6227569006070923 -23.908252566149855
2.854015472883616 -2.9021099562806194 1.6225357405776977 -23.909052588953884
2.8255787238664847 -2.9027307396977777 1.6218319776266354 -23.909881730017347
2.7971724231770643 -2.9033998177219864 1.620720183077471 -23.91071401573282
2.7687986007233945 -2.903615623565379 1.6193125310581165 -23.911052621949885
2.740458936085605 -2.902685124395268 1.6177487010569074 -23.910210870227715
2.7121549903789663 -2.8979852695734674 1.6162286016238112 -23.905583446196637
2.6838876853931315 -2.896354261731996 1.6147675272985065 -23.903982946656527
2.65565885199577 -2.896433755694285 1.6135166700906551 -23.90406960106661
2.6274690178006685 -2.897638742793062 1.6125532771611444 -23.905270496493785
2.59931749671405 -2.8988318475515853 1.6119291670756017 -23.906460874881475
2.5712023801534416 -2.899904088190779 1.6116770214605356 -23.907536770921126
2.543121266881567 -2.900888724944259 1.6118198740598 -23.908536119841933
2.515071431438744 -2.9017980863584434 1.6123633573556704 -23.90947607285309
2.48704994426836 -2.902623201907043 1.6132949892646196 -23.910353148914858
2.459053655955515 -2.903290734613592 1.6145824591727684 -23.91109953599465
2.4310792252468785 -2.903227527897436 1.6161688182691285 -23.91114789698223
2.4031232171024826 -2.9021274083684316 1.617979737524279 -23.910195824777134
2.375182221515622 -2.900147872322179 1.6199341835689773 -23.90840351991431
2.3472527695316194 -2.8974527138672443 1.621950993468169 -23.905935786529746
2.319331349252976 -2.894576398162498 1.6239549603372598 -23.903324283095223
2.2914145708871736 -2.8937812859012646 1.6259061422049597 -23.902826466472746
2.2634989701325234 -2.8939419850351387 1.6277067612991007 -23.903315049587825
2.2355817195433856 -2.894116173342511 1.6292893360892284 -23.903840367244996
2.207660851451708 -2.8945496549746674 1.6306337485047868 -23.904636801275892
2.1797352267641212 -2.895282234537835 1.63174627425849 -23.90573207598311
2.1518045785905198 -2.8964968126008857 1.632631426973274 -23.907295908520034
2.123869405940865 -2.897748017275052 1.6332798786459237 -23.90886843992115
2.0959312131066032 -2.8989868505836958 1.6336768986175538 -23.910387299729813
2.0679924298782484 -2.9001726756121244 1.6338194041879819 -23.911805471418916
2.040055878877678 -2.90125285378349 1.633717666383885 -23.91306772209154
2.012124461472462 -2.9020922916026457 1.6333970046868032 -23.914038520429372
1.984201003432249 -2.902823000651006 1.6328966619124425 -23.914850243438096
1.9562881013615046 -2.9034692386661765 1.6322652911041358 -23.915528949713696
1.92838804913457 -2.9039205719724563 1.6315633998704548 -23.91596590211629
1.9005029180050075 -2.904091654770887 1.630862011634393 -23.91607686594717
1.8726346439363102 -2.904205080841902 1.6302311213772251 -23.916084889759034
1.8447850516450444 -2.9041335997904953 1.6297302352492558 -23.915867335737012
1.8169557027596688 -2.9037784878537973 1.6294076859727533 -23.915331925765614
1.7891477108202443 -2.9028165264023102 1.6293011320573716 -23.914163619592742
1.7613615873878739 -2.9012279110714916 1.6294305459054106 -23.912347760879776
1.7335972207845176 -2.900323225651461 1.6297966301706581 -23.911196565422202
1.7058536555616775 -2.8999503452226367 1.6304002307224021 -23.910568951542032
1.6781291329469663 -2.9000661579234244 1.631222180215103 -23.910429849599154
1.650421227223029 -2.9002730087796076 1.632222272264113 -23.91039108564739
1.6227268891890063 -2.9004021135610465 1.6333426203833752 -23.910290652628497
1.595042498793795 -2.900529142875147 1.634532689836342 -23.91021259846388
1.5673638282006512 -2.9003658767206617 1.6357443272295256 -23.909873584235008
1.539686439514988 -2.8999963979237555 1.6369383671821114 -23.909355650812252
1.5120058839274262 -2.8994957687503864 1.6380792471383148 -23.908730293176376
1.4843178699180917 -2.8989252202032865 1.639135299467907 -23.908053566525254
1.456618405916797 -2.898233825842883 1.6400816793547184 -23.90726803082368
1.4289039532494772 -2.897442525108066 1.6409036787188276 -23.90638704254087
1.4011714384199578 -2.8965836912787033 1.6416071574188726 -23.90543473017697
1.373418330809717 -2.8961432158307616 1.6422143024839748 -23.904890366638938
1.3456424251353738 -2.896269432811807 1.6427600255024204 -23.9048960015486
1.3178421948805104 -2.896497012801986 1.6432830438703985 -23.9049745184085
1.2900173185252117 -2.8969546188013813 1.6438135842403432 -23.905240295674247
1.2621682147597038 -2.8976334723120085 1.644357966898003 -23.90567275860885
1.2342960584699254 -2.898808409025781 1.644904540162667 -23.906534836120507
1.2064024709199854 -2.9004929036019877 1.6454321126118385 -23.907829103020248
1.1784895417284595 -2.902496143520726 1.6459224378986126 -23.909356310117587
1.1505598298441675 -2.9046037571857863 1.646369026064683 -23.91089491645242
1.122616258574414 -2.906634002902722 1.6467769534657417 -23.912256503018263
1.0946619740512593 -2.9084366740150807 1.6471611551098633 -23.913284353588445
1.0667002121722808 -2.9099243705390374 1.647544143193379 -23.913884511397043
1.0387341567554789 -2.9113144081545363 1.6479523589041802 -23.91426786318715
1.0107666673868614 -2.9126601341157796 1.6484157004094313 -23.91448180673128
